 -0.01832148, -0.02355253, -0.02924887, -0.03522124, -0.04142187, -0.04775912, -0.05437026, -0.06042481, -0.06622338, -0.07176377, -0.07710669, -0.08233782, -0.08746283, -0.09265570, -0.09736943, -0.10197010, -0.10645876, -0.11060895, -0.11470500, -0.11834708, -0.12205982, -0.12583213, -0.12940981, -0.13305696, -0.13684937, -0.14057471, -0.14411200, -0.14755772, -0.15088357, -0.15410122, -0.15710215, -0.15996351, -0.16294369, -0.16583108, -0.16883841, -0.17170124, -0.17438142, -0.17710647, -0.18030808, -0.18324763, -0.18627441, -0.18912700, -0.19211742, -0.19531625, -0.19826750, -0.20067542, -0.20256550, -0.20458571, -0.20682420, -0.20888700
  0.15101870,  0.16795163,  0.18669181,  0.20482741,  0.22085154,  0.23389444,  0.24350306,  0.24714606,  0.24581183,  0.24106217,  0.23359003,  0.22417672,  0.21302671,  0.20057809,  0.18652839,  0.17206805,  0.15736902,  0.14225599,  0.12748236,  0.11239716,  0.09780417,  0.08385150,  0.07047588,  0.05793896,  0.04606454,  0.03410561,  0.02272656,  0.01191616,  0.00159791, -0.00816319, -0.01777002, -0.02676942, -0.03501951, -0.04308274, -0.05054774, -0.05815228, -0.06593769, -0.07326571, -0.07954498, -0.08578127, -0.09163168, -0.09751013, -0.10314383, -0.10835059, -0.11375215, -0.11925096, -0.12505226, -0.13066356, -0.13599237, -0.14153794
  0.38664263,  0.40293938,  0.38067227,  0.33053511,  0.26167364,  0.18148138,  0.09946931,  0.03350564, -0.01557945, -0.05595387, -0.08879919, -0.11613353, -0.13635442, -0.14848918, -0.15339750, -0.15503432, -0.15316205, -0.14758851, -0.14085614, -0.13167817, -0.12097121, -0.11019802, -0.10173338, -0.09472701, -0.08639087, -0.07235443, -0.05906668, -0.04589133, -0.03296412, -0.02145277, -0.01016814, -0.00266559,  0.00229890,  0.00704887,  0.01083314,  0.01721140,  0.02614353,  0.03436563,  0.04105218,  0.04666842,  0.05218894,  0.05798684,  0.06478972,  0.07134856,  0.07751510,  0.07920699,  0.07874517,  0.07927305,  0.08122706,  0.08482614
 -0.65310482, -0.31793216, -0.03295977,  0.18514661,  0.31272718,  0.32299946,  0.22031782,  0.14030673,  0.11171496,  0.09065599,  0.06914189,  0.02883182, -0.01587734, -0.05016831, -0.05875678, -0.07229686, -0.09031201, -0.09902579, -0.11180715, -0.10206421, -0.07984588, -0.05589051, -0.04734346, -0.06360415, -0.09180193, -0.08712287, -0.08650694, -0.08270774, -0.07165641, -0.05593893, -0.01856014,  0.00853349,  0.01515751,  0.01504849, -0.00735962, -0.01841551, -0.00451857,  0.01445347,  0.02094886,  0.02206135,  0.01498601,  0.01285039,  0.02242067,  0.03902388,  0.07138367,  0.08583010,  0.08197797,  0.06838504,  0.05187138,  0.04729649
 -0.37437298,  0.08657093,  0.45497795,  0.37548316, -0.06340880, -0.40730344, -0.31455677, -0.06717134,  0.06741064,  0.05737085, -0.05408964, -0.09737325, -0.02171243,  0.09748480,  0.11537352,  0.05062571, -0.04757048, -0.08950388,  0.01759202,  0.15066043,  0.17512581,  0.06689719, -0.03620819, -0.03612270,  0.03470482,  0.01073388, -0.03124538, -0.04396262, -0.01358605,  0.06467272,  0.09646293,  0.07730505,  0.00257496, -0.08698549, -0.08081610, -0.02399081,  0.01524374,  0.03494337,  0.03794945, -0.00456136, -0.05016411, -0.02830108,  0.04397872,  0.11407899,  0.07869851, -0.00629926, -0.11286710, -0.16179651, -0.08914263,  0.03187514
  0.02137113, -0.11981356, -0.07134060,  0.09391908,  0.18854748,  0.12993905,  0.04189770, -0.06336585, -0.12399445, -0.15240054, -0.17107071, -0.17741635, -0.13058467, -0.00817536,  0.09657391,  0.16445281,  0.16215781,  0.06979026, -0.01347552, -0.08611112, -0.08446408, -0.04983320, -0.04070815, -0.00960615,  0.07558280,  0.15298114,  0.18977478,  0.16808982,  0.10327440,  0.04071398, -0.01736625, -0.05248462, -0.05579796, -0.08536077, -0.09612268, -0.09043576, -0.06901546, -0.01523989,  0.10354973,  0.18531882,  0.23009563,  0.20115073,  0.16216515,  0.15868391,  0.14400126,  0.06022128, -0.10609380, -0.27513709, -0.36862630, -0.36246239
 -0.13167167,  0.19965315,  0.07589266, -0.25898215, -0.30001008,  0.01855641,  0.28040794,  0.33600702,  0.18306651, -0.04926430, -0.14216169, -0.10524448, -0.04156894, -0.05621302, -0.10432051, -0.13598791, -0.06310840,  0.11809580,  0.23170201,  0.19165842,  0.01370029, -0.12048689, -0.11030841, -0.07066660, -0.10057736, -0.10401340, -0.06951002,  0.02759146,  0.13062328,  0.17341475,  0.16624058,  0.07531073, -0.04787866, -0.08442873, -0.10334024, -0.11049289, -0.10608454, -0.11867356, -0.15195758, -0.13732771, -0.05127781,  0.10168304,  0.20040271,  0.18310225,  0.14162684,  0.09215763,  0.04458251,  0.01734987, -0.03125918, -0.14610224
  0.13627200, -0.16171458, -0.09215783,  0.16138832,  0.14880570, -0.10812633, -0.20608734, -0.08799891,  0.11298288,  0.26089375,  0.16535350, -0.08617843, -0.28201441, -0.29609974, -0.13025031,  0.07700475,  0.16029856,  0.09130958,  0.03690247,  0.08271696,  0.15929145,  0.12143268, -0.03129906, -0.14726600, -0.11755877, -0.05791140,  0.05414944,  0.10080287,  0.08321316,  0.06310568,  0.04070108,  0.09404968,  0.14964513,  0.09408776, -0.00518530, -0.11572965, -0.21163871, -0.23845485, -0.20163713, -0.09752871, -0.02968194, -0.03412322, -0.06920401, -0.04767120,  0.03011241,  0.17679739,  0.27868594,  0.17808307, -0.03663341, -0.16064904
 -0.07498596,  0.03555776,  0.02215296,  0.08060259,  0.16360618,  0.08299608, -0.09761568, -0.29895706, -0.34098138, -0.11964603,  0.18128989,  0.31804201,  0.20054829, -0.04006845, -0.22412100, -0.17677616,  0.01986666,  0.15430518,  0.17416704,  0.11318579,  0.08379267,  0.08816117,  0.04839441, -0.05909698, -0.14573062, -0.20004776, -0.13548298,  0.02223708,  0.13675539,  0.15340933,  0.04208854, -0.08612008, -0.11275400, -0.06112354,  0.02860399,  0.05909882, -0.02150333, -0.13282988, -0.14427149, -0.04702797,  0.12215106,  0.24658719,  0.22318392,  0.09027720, -0.08423897, -0.16461411, -0.12266713, -0.02337455,  0.02774176,  0.00378272
  0.05603958, -0.03322324, -0.05448667, -0.00128395,  0.04928767,  0.06940370,  0.09007409,  0.03598917, -0.07673554, -0.17113579, -0.18929390, -0.09357106,  0.07533808,  0.20552129,  0.17956378,  0.00336633, -0.21892187, -0.34544543, -0.25572673, -0.00914437,  0.26138222,  0.38177667,  0.27799117,  0.06383802, -0.09040208, -0.11597202, -0.00856474,  0.10670714,  0.13414672,  0.06692075, -0.04282077, -0.08120650, -0.01151375,  0.08050786,  0.13852413,  0.09971620, -0.03024089, -0.17133450, -0.23313018, -0.20363911, -0.11218601, -0.03087444,  0.02940806,  0.08399843,  0.11465947,  0.11025216,  0.06337559, -0.01395522, -0.07345036, -0.07644355
 -0.03971671,  0.03214273,  0.04421106,  0.01238567, -0.02282740, -0.04058661, -0.02379617,  0.00888318,  0.03871731,  0.05578693,  0.01812410, -0.08024121, -0.15886536, -0.12626476,  0.04058422,  0.23974650,  0.28976425,  0.11018610, -0.17066088, -0.33164033, -0.24302140,  0.02634204,  0.27053753,  0.29337263,  0.08664699, -0.18881018, -0.28433123, -0.13180859,  0.11709763,  0.26108737,  0.18688287, -0.02204459, -0.18974388, -0.18901815, -0.03814923,  0.12163994,  0.15572213,  0.05440864, -0.08520243, -0.14223757, -0.08600985,  0.02251978,  0.06480403,  0.01820791, -0.04400932, -0.03166255,  0.03722297,  0.07454936,  0.03225157, -0.04302456
  0.08017477, -0.11226588, -0.06353017,  0.11517414,  0.15987747,  0.05685725,  0.00055352, -0.09704592, -0.18438136, -0.15764319, -0.05418499,  0.07032842,  0.10964817,  0.03044528, -0.12050952, -0.16524690, -0.06205761,  0.05469747,  0.09837171,  0.00391238, -0.08746115, -0.07948727,  0.03327292,  0.23091687,  0.37959506,  0.27819755,  0.03841120, -0.16197587, -0.15561361,  0.04280043,  0.21668755,  0.25947462,  0.15579109, -0.05877716, -0.16017332, -0.12297427, -0.05992011, -0.06682062, -0.14353745, -0.24918853, -0.26858339, -0.18456378, -0.00769362,  0.16036556,  0.17376899,  0.08749363,  0.01732756, -0.00139895,  0.00859450,  0.00520357
 -0.04699412,  0.06634909,  0.05493822, -0.06464203, -0.12374051, -0.09936019, -0.06726350,  0.01292404,  0.15087723,  0.24578706,  0.27521469,  0.19125810,  0.04112980, -0.08927237, -0.17143299, -0.20814815, -0.21610080, -0.20728954, -0.18187474, -0.14680362, -0.08160221,  0.02494769,  0.13843126,  0.20628466,  0.21636922,  0.23309432,  0.22732826,  0.20202012,  0.12071039, -0.01031162, -0.12624980, -0.21360627, -0.23474481, -0.18480282, -0.14211139, -0.13418571, -0.12876222, -0.09781475, -0.01781602,  0.04853950,  0.09270928,  0.09939375,  0.07739383,  0.04625046,  0.05633472,  0.06494219,  0.04325631,  0.03555638,  0.02702674, -0.03353145
  0.04165639, -0.01616467, -0.03454722, -0.00769192,  0.00734818,  0.00874002,  0.05527560,  0.07719513,  0.07897958,  0.04679820, -0.02289259, -0.11902272, -0.19646331, -0.22663475, -0.21776140, -0.13720981, -0.01375951,  0.09029246,  0.17662726,  0.20877121,  0.24909027,  0.28610209,  0.27328590,  0.22461613,  0.13554897, -0.01936863, -0.17492158, -0.28357590, -0.31292154, -0.26505829, -0.19922868, -0.12794106, -0.05150483, -0.00992241,  0.03903049,  0.08236665,  0.10199140,  0.09863286,  0.09649005,  0.07212646,  0.07019161,  0.06671433,  0.07537096,  0.08269675,  0.05784369,  0.00241511, -0.04991120, -0.07736047, -0.09709468, -0.11517300
 -0.02015850,  0.04936537,  0.03376306, -0.06829018, -0.10230233, -0.07587045, -0.02923839,  0.01213461,  0.09781165,  0.15472237,  0.19174449,  0.12610511,  0.01374979, -0.06192749, -0.11376495, -0.11216002, -0.08147034, -0.08412053, -0.09075894, -0.16342871, -0.19015290, -0.11831296, -0.01942844,  0.03705938,  0.02653184, -0.01340262, -0.04617945, -0.04317222, -0.02803889,  0.01656487,  0.09207767,  0.17487978,  0.29163583,  0.38234392,  0.38801891,  0.26839591,  0.08349376, -0.07651593, -0.08689440, -0.04672052,  0.02733873,  0.05166971,  0.04478475,  0.03762056,  0.05715362, -0.00515187, -0.17027468, -0.27738020, -0.26462694, -0.22439895
  0.06391159,  0.03107743, -0.10372339, -0.09220786,  0.01994987,  0.01342948,  0.02564149,  0.04634038,  0.05908226,  0.06631154,  0.01755339, -0.05131388, -0.08800444, -0.00353941,  0.03840556,  0.01758419, -0.02354459, -0.08176897, -0.10833678, -0.10185227,  0.00627214,  0.18538316,  0.19655546,  0.03782848, -0.06786310, -0.08880201, -0.11255906, -0.10202861, -0.04335477,  0.08501996,  0.19988266,  0.22660347,  0.22075679,  0.07686628, -0.15750633, -0.33039367, -0.34096184, -0.17887641,  0.10259725,  0.23551861,  0.19437676,  0.05841945,  0.00906870,  0.06973760,  0.01770386, -0.19696102, -0.32979089, -0.14210825,  0.17267382,  0.25544737
 -0.18175147,  0.16792750,  0.25439846, -0.14338681, -0.06350341,  0.17341544, -0.09038742, -0.11431120, -0.08358555, -0.11426370, -0.03228315,  0.01782387, -0.08546949, -0.06473950,  0.12098174,  0.20018976,  0.20612939,  0.15530189,  0.01261880,  0.04331488, -0.09627710, -0.15004594,  0.11728954,  0.15133193, -0.00283456,  0.06391788,  0.04545147,  0.02554822, -0.09826256, -0.28411692, -0.19034946, -0.09638735, -0.07144123,  0.17759936,  0.18220967, -0.05477725, -0.22868505, -0.26952770, -0.23579833, -0.03623307, -0.00305430,  0.02527720,  0.00496673, -0.00564317,  0.13010928,  0.21930469,  0.02418677, -0.12776541,  0.08431728,  0.29374849
  0.11648687,  0.02477756, -0.09795886, -0.00636898, -0.06338087, -0.15421662, -0.08040334, -0.02898063,  0.01556034,  0.09276336,  0.09446223,  0.11724745,  0.24392151,  0.25283373,  0.21104675,  0.14898523,  0.02257918, -0.04733154, -0.08289712, -0.12585990, -0.07041809, -0.04980553, -0.12159909, -0.08185281, -0.04521363, -0.12416704, -0.18243308, -0.28380660, -0.30353089, -0.20778935, -0.12697079, -0.00344894,  0.07276508, -0.02232169, -0.13382935, -0.12675567, -0.07908717, -0.03130811, -0.04112306, -0.04244052,  0.09392034,  0.24951618,  0.27659261,  0.20335813,  0.11259341,  0.09583380,  0.21972095,  0.20813274, -0.05464490, -0.16248354
 -0.17708410,  0.36759230, -0.17449356, -0.17603260,  0.36417782, -0.14449557, -0.16663077,  0.15878454, -0.10909042, -0.02301104,  0.14339316, -0.14828154, -0.07740698,  0.12519544, -0.05649876,  0.06225245,  0.06724915, -0.09295183,  0.14294928,  0.01836038, -0.18152782,  0.08688050,  0.08847813, -0.20018070,  0.08454282,  0.04053930,  0.00976738,  0.14385814, -0.10180230, -0.01613915,  0.02952519, -0.18725495, -0.02067756,  0.17839263, -0.01615460, -0.03491714,  0.09191124, -0.02034457,  0.05413068,  0.00045201, -0.21643929, -0.01825061, -0.00615817,  0.03507555,  0.14201628, -0.01233298, -0.21199534,  0.15497454,  0.22403630, -0.22353130
 -0.00314035,  0.07533968,  0.04025808, -0.27746132,  0.15364969,  0.19859872, -0.26448254,  0.01493470,  0.05596741, -0.10615635,  0.11856836,  0.04230520, -0.06514236,  0.10070524, -0.03604309, -0.00848193,  0.04339900, -0.30298533, -0.10769744,  0.28429268,  0.05893795, -0.08350626,  0.05745391, -0.01305671,  0.05444702,  0.01138212, -0.11358359, -0.07192508, -0.06045422, -0.00869460,  0.27065375,  0.24637083, -0.13082447, -0.11277884, -0.02031514, -0.12320728,  0.09987531,  0.16146253, -0.11050608,  0.07040507,  0.13288092,  0.12595229,  0.01765041, -0.31290774, -0.17789011,  0.25982051,  0.13031233, -0.12609744, -0.10933553, -0.05685737
 -0.02328472,  0.16681365, -0.25329730,  0.04266080,  0.16735211, -0.17248364, -0.00400760,  0.14389083, -0.15222755,  0.19622626, -0.11772777, -0.03905557,  0.21840873, -0.17007121,  0.00042029,  0.17131565, -0.28294832,  0.07574904,  0.08665485,  0.00798310,  0.03502797, -0.12321396, -0.00821805,  0.15067679, -0.06448074, -0.06842539, -0.01030044, -0.01800084, -0.05708664,  0.07785991,  0.12964271, -0.06926966, -0.10413353,  0.04991394, -0.14777206,  0.09335915,  0.06143192, -0.08848216, -0.03537019,  0.01685278,  0.05311959,  0.26084314, -0.31983655, -0.15354609,  0.18528654,  0.09681418,  0.07270299, -0.07792870, -0.28936181,  0.28077864
 -0.06475838, -0.02631922,  0.23741846, -0.11870228, -0.07749354,  0.10154597,  0.07420298,  0.01199805, -0.19929452,  0.03004260,  0.07122207, -0.22162121,  0.14924738, -0.05290612, -0.25740279,  0.26885321, -0.00699849, -0.09969810,  0.05842646, -0.23750696,  0.20782786,  0.18471106, -0.25249786,  0.17604686,  0.07134259, -0.01271669,  0.10263341,  0.04934940,  0.01101160, -0.15955830,  0.05370406,  0.16911127,  0.03374291,  0.06695398, -0.04042932, -0.06186050,  0.07140079, -0.13947321,  0.07735464,  0.08215438, -0.23265942,  0.12239315,  0.24100337, -0.27406640, -0.06036180, -0.12845291, -0.04254449,  0.20355454, -0.11322030, -0.01532754
  0.15832445, -0.24818441, -0.01069430,  0.14230080, -0.04299581, -0.05164360, -0.17403624,  0.28017825,  0.03122985, -0.12219049,  0.13583140, -0.08263176,  0.05028368,  0.23274785, -0.20049642,  0.00749987,  0.01601782, -0.05824952,  0.27653726, -0.05764384, -0.25788064,  0.12861301, -0.09249763,  0.06802779, -0.06176431, -0.14214987, -0.00698381, -0.12487953,  0.17083270,  0.04461594, -0.16061854, -0.00697522, -0.15248025,  0.01845378,  0.07585458, -0.10867136,  0.09187546,  0.01179440, -0.26399576,  0.25061901,  0.09342736, -0.21457720,  0.03336741, -0.02774969,  0.17460796,  0.19181657, -0.13988886,  0.00265102, -0.08939965,  0.17728083
  0.07633461, -0.14986499,  0.16130507, -0.24363152,  0.24335429, -0.07471421, -0.01714639, -0.06002689,  0.03966738, -0.04766252,  0.23531094, -0.17546085, -0.01333342, -0.04291825,  0.23392485, -0.02354055, -0.17321576, -0.03242548,  0.17984614, -0.08668495,  0.18241166, -0.26402265,  0.05037514,  0.08274184, -0.16548858,  0.15376094, -0.01621000, -0.27939050,  0.17674961,  0.05429624,  0.03205219, -0.09797131, -0.05538877, -0.05664858,  0.17088233, -0.09516348,  0.07971198, -0.10605171,  0.07621376, -0.03312668,  0.07376051, -0.09922909,  0.04668381, -0.06232732,  0.28706163, -0.30239492,  0.17158512, -0.06780330,  0.09787571, -0.07097410
  0.02087752,  0.00222804, -0.04659930,  0.02135965, -0.10854961,  0.26201523, -0.10142384, -0.17186476,  0.11262561, -0.01569390,  0.03997146,  0.12855873, -0.23363920, -0.05437632,  0.18305545,  0.16419143, -0.17144183, -0.18736798,  0.14872147,  0.11370821, -0.00219979,  0.01509569, -0.27883808,  0.18917292,  0.05269019, -0.17647823,  0.23916219, -0.15435894, -0.25056138,  0.33763090,  0.04431599, -0.14905142, -0.03811188, -0.06728987,  0.07432962,  0.15309589, -0.13910799, -0.01200068,  0.04009309, -0.02699642, -0.01598312,  0.04274323, -0.02662185, -0.03249682,  0.12142214,  0.04087056, -0.26932710,  0.20402213,  0.04647766, -0.07090443
 -0.06772311,  0.08552611,  0.03321245,  0.00390216, -0.12370133,  0.01946655,  0.02815355,  0.27336092, -0.34257289, -0.10579895,  0.24425074,  0.16869942, -0.29804649, -0.06493933,  0.04659597,  0.14234187, -0.06710709,  0.01878623, -0.11517200, -0.00986352,  0.03935507,  0.07266050,  0.08470650, -0.10117080, -0.25515265,  0.33451163,  0.17179620, -0.23352180,  0.01431157,  0.04040110, -0.09864334,  0.17618120, -0.00483646, -0.01796622, -0.04758816, -0.00217521,  0.04943611,  0.16216961, -0.16700195, -0.01465831, -0.00934172,  0.07465346, -0.14105992,  0.21166822, -0.08491876, -0.11638136, -0.03271617,  0.18036098, -0.17916137,  0.03521892
 -0.04739817,  0.08400761, -0.05061851, -0.02386759,  0.01797893,  0.20913373, -0.12577061, -0.11642213, -0.09862130,  0.33464939, -0.03874513, -0.30170580, -0.18360320,  0.36238462,  0.10429695, -0.19276786, -0.19377459,  0.16342005,  0.04840976,  0.05155155, -0.03608760, -0.04601738, -0.07684214,  0.08535276,  0.16817098,  0.13654512, -0.24859959, -0.09940067,  0.23264695,  0.09292997, -0.13638993, -0.00822950, -0.01956966,  0.10189071,  0.04098402,  0.05785762, -0.14060869, -0.06269971, -0.01648494,  0.11504733, -0.08657667,  0.07897930, -0.00233360,  0.08509566, -0.27524872, -0.01893195,  0.04111682,  0.14722072, -0.15539432,  0.05744266
 -0.05700904,  0.04656792,  0.02194378, -0.03514990,  0.17934467, -0.02105444, -0.31113980,  0.16070677,  0.23665414, -0.20335700, -0.20419529,  0.05782217,  0.05671149,  0.14532159, -0.18547237, -0.12848364,  0.08017798,  0.12905506, -0.03216061, -0.09106983,  0.04041383, -0.11536578,  0.11214276,  0.30456643, -0.20066794, -0.09953300,  0.18771307,  0.00752528,  0.06064725,  0.05576963, -0.22572316,  0.06264057,  0.20863022, -0.02376381,  0.09470837, -0.10214409, -0.20138346,  0.18440654,  0.14698348, -0.19090144, -0.05682499,  0.21047105, -0.07070239, -0.07933676, -0.02577720, -0.12022219, -0.01018531,  0.18226989, -0.12575569, -0.03127193
 -0.08832275,  0.02192852,  0.03255189,  0.19275341, -0.06440744, -0.07737869,  0.10249975, -0.03320725,  0.04827041, -0.21265305,  0.00007016, -0.11106137,  0.04843992, -0.14300392,  0.14457535,  0.05481626, -0.21789153, -0.01899968,  0.18840445,  0.08379365, -0.29140706,  0.07544723,  0.19471766,  0.01131573,  0.15967007, -0.00519635,  0.09955455, -0.00975460, -0.06948005,  0.11439113,  0.00216098, -0.06751779,  0.00909635,  0.35912788,  0.00582073, -0.28679318,  0.03734614,  0.02677516, -0.05494968, -0.16164466,  0.26829707,  0.01119285,  0.13110980, -0.19436544, -0.31932913, -0.14390383,  0.17628880,  0.13054744, -0.07551757, -0.04448757
 -0.03484898,  0.14286212, -0.18419028,  0.05580309, -0.01140383,  0.00116718,  0.07008856, -0.08151468,  0.07285138, -0.09641122,  0.27613545, -0.30076044,  0.13451235,  0.02177132, -0.13281588,  0.10267891,  0.01811888,  0.08598235, -0.26933492,  0.21065010,  0.00148326, -0.04408393, -0.03902741, -0.08487729,  0.14067569, -0.11201829,  0.10081642, -0.07054103,  0.01868440,  0.07805861, -0.26634767,  0.34895841, -0.21025521, -0.12943237,  0.15454702,  0.00851676,  0.06212827, -0.20476767,  0.23233774, -0.26348926,  0.16929558, -0.07581901, -0.03903617,  0.08345710,  0.06707507, -0.00602424, -0.09092974,  0.02321345, -0.03390684,  0.09022121
 -0.07521086,  0.10618822,  0.07928343, -0.11915667, -0.01034734,  0.02217765,  0.02273776, -0.05028968,  0.05936205, -0.20161521,  0.17763117,  0.02339439, -0.13300762,  0.08999750,  0.10748774, -0.17919670, -0.06720729,  0.28796641, -0.04268982, -0.23514527,  0.09817993,  0.14433199,  0.00078517, -0.14734583,  0.13080673, -0.09784438,  0.05526969, -0.02180152, -0.10782896,  0.25875472, -0.22853931, -0.06867738,  0.35577219, -0.11317130, -0.25892681,  0.00987048,  0.27592799, -0.16737263, -0.03629580,  0.08999655, -0.00648226,  0.02949905, -0.02411963, -0.24332445,  0.05885437,  0.18589134,  0.08389324, -0.12733792, -0.06121518,  0.07013717
  0.01987981, -0.02331119, -0.03867976,  0.06308022, -0.02814196, -0.03941448,  0.12618943, -0.16596189,  0.15137661, -0.05146994, -0.03011975,  0.06838354, -0.11184130,  0.18246991, -0.27752149,  0.33438938, -0.22409228,  0.01473278,  0.09969798, -0.10870419,  0.14070742, -0.18604338,  0.11786873, -0.04545448, -0.00760457,  0.08727314, -0.18099613,  0.22840084, -0.22527957,  0.14246097, -0.03974462, -0.01281182,  0.02118279, -0.16038560,  0.32963241, -0.31065980,  0.16427231, -0.02888948, -0.09964793,  0.13965621, -0.11808869,  0.10960675, -0.12540504,  0.17234665, -0.10903289,  0.00320354,  0.02268869, -0.02434823,  0.03235669, -0.00151215
  0.10566036, -0.19613861,  0.11888283, -0.00106316, -0.05973462,  0.15929947, -0.28656745,  0.13504335,  0.03804145, -0.04751774, -0.04574331,  0.08049337,  0.14174349, -0.14474322,  0.08366750,  0.04155749, -0.24430879,  0.24520289, -0.13464465,  0.02274357,  0.04626767, -0.12002067,  0.15363253, -0.02937085, -0.06773615, -0.10059067,  0.05114291, -0.06101554,  0.02930728,  0.01345137,  0.01453438,  0.07678672, -0.22554054,  0.28089404, -0.15259540, -0.08220773,  0.20274209, -0.20802213,  0.22271705,  0.13893073, -0.22178443,  0.02334029, -0.03933242,  0.17324109, -0.14506327,  0.19745219, -0.11731029, -0.00321612,  0.15334594, -0.21334448
  0.05615159, -0.13712652,  0.18200498, -0.21156048,  0.17896849, -0.13583720,  0.05879624,  0.00873158, -0.02198382,  0.05554367, -0.08817159,  0.17060593, -0.14254923,  0.10841145, -0.11012279,  0.14970608, -0.18901169,  0.21069934, -0.19000274,  0.15530346, -0.10373486,  0.05832649, -0.04454989,  0.01727339, -0.07947679,  0.08550417, -0.12515569,  0.06218208,  0.01669886, -0.09330984,  0.17469719, -0.20556761,  0.11624596, -0.06193256,  0.00098571, -0.01762109,  0.06768326, -0.10961938,  0.18037997, -0.22144395,  0.23860915, -0.25621701,  0.16272254, -0.03933022, -0.01264562,  0.16913793, -0.22866298,  0.24860644, -0.21838050,  0.10192440
 -0.00845688,  0.09965280, -0.03274159, -0.18200141,  0.03721898,  0.18327633, -0.12365286, -0.14942394,  0.07445161,  0.23111897, -0.04425694, -0.04336982,  0.03483053, -0.00263106, -0.07678970,  0.02588097,  0.00864179,  0.02553281,  0.12238543, -0.25494443,  0.05853109,  0.22155667, -0.08998943, -0.15911144, -0.05822793, -0.08845011,  0.27992090, -0.15254548,  0.01973014,  0.00014066,  0.11345514, -0.12078287, -0.08836220,  0.08549542,  0.03062635, -0.24966161,  0.13216849,  0.25922821,  0.05475342, -0.31551143, -0.01129004, -0.09907199,  0.04172497,  0.29068310, -0.09163324,  0.08844691,  0.06537113, -0.26128450, -0.10176428,  0.21072722
 -0.00047959, -0.04523745, -0.01977522,  0.08460370, -0.04700224,  0.04208838, -0.06495559,  0.15970607, -0.00984335,  0.00874383, -0.11773845,  0.00217349, -0.02790058, -0.02351979, -0.00010747,  0.04040993,  0.07763237, -0.15438920,  0.10820018, -0.12093291,  0.22037635, -0.23718821,  0.07549248, -0.19333071,  0.37136474, -0.08908463,  0.08766470, -0.19375158,  0.28426118, -0.23118027,  0.06280525, -0.13770260,  0.21026782, -0.12276731,  0.04266227,  0.00154868,  0.15883859, -0.16847950, -0.12861475, -0.16177492,  0.24029223,  0.18949840, -0.14911512,  0.03919101, -0.12930289,  0.04147498, -0.24425393,  0.15278523,  0.10481240,  0.00930849
 -0.01026332, -0.00126422,  0.11591533, -0.01738589, -0.13607055,  0.05921205,  0.03997540, -0.01639794, -0.23343597,  0.04085979,  0.11508339,  0.05389142, -0.02154182,  0.05074976,  0.04813728, -0.10404292,  0.00941066, -0.02815982,  0.10378670,  0.01618621, -0.10520942, -0.07918594,  0.36057316, -0.18291899,  0.12330336, -0.38975354,  0.13245473,  0.02883109, -0.02053129, -0.09008246,  0.17258576, -0.01774230,  0.03718672, -0.16613941,  0.17979087, -0.08661905, -0.16376779, -0.00050723,  0.29063611,  0.17464636, -0.16855826, -0.13054935, -0.12152743,  0.01852334,  0.13324724, -0.00565809,  0.16652048,  0.15762357, -0.33948927,  0.01176459
 -0.04368813,  0.00998758,  0.19300950, -0.16797076,  0.02789666,  0.04553004, -0.02455960, -0.05688927, -0.03989877, -0.09637157,  0.03973083,  0.12573350, -0.06605684, -0.00006706,  0.03184302,  0.06367496, -0.08154819, -0.06940330,  0.15247312, -0.01640273, -0.13230134,  0.23679457, -0.23325667,  0.20506983,  0.10003409, -0.17621754, -0.21548773,  0.18990333,  0.13384501, -0.15799171, -0.08773738,  0.17294475,  0.03621605,  0.03118110, -0.12578760, -0.04293155,  0.06471659, -0.01641964,  0.08775803, -0.07373639,  0.22456792,  0.00817225, -0.50408452,  0.24966167,  0.05894174, -0.08824113,  0.16835475, -0.00712893,  0.05474420, -0.17873157
 -0.07864200,  0.18455104, -0.15260922,  0.01334943,  0.11006500, -0.05804109, -0.06007557,  0.06421685,  0.01728253, -0.10197003,  0.10126135, -0.06472687, -0.04173809,  0.00572456,  0.10595875, -0.06826623, -0.06558146,  0.03588765,  0.11039527, -0.21611298,  0.24107529, -0.19492692, -0.00904189,  0.24825763, -0.09163044, -0.16926867,  0.13687034,  0.20172661, -0.17134818, -0.14955262,  0.12690026,  0.11461315, -0.03615138, -0.06157725, -0.07680976,  0.19438667, -0.00901143, -0.07905143, -0.13615062,  0.14424708,  0.21357609, -0.39582345,  0.15091832,  0.22099651, -0.30303412,  0.02390998,  0.03281743,  0.07136110, -0.05833414, -0.01346708
 -0.05048648,  0.10978378, -0.02406723,  0.10384816, -0.16208349,  0.00189074,  0.14734248, -0.14292908, -0.14912081, -0.05115112,  0.18521446, -0.05337244,  0.11328495, -0.00746280, -0.05023102,  0.02318311,  0.05139895, -0.10870951,  0.16749033, -0.17935607,  0.19762897, -0.12318004,  0.10661805,  0.09112281, -0.17941812,  0.11734335, -0.24169665, -0.05576214,  0.13506924,  0.09973222, -0.07321448, -0.05840558,  0.05317213,  0.13460388, -0.09706916, -0.07756035, -0.19953878,  0.19909787,  0.25373954, -0.12720581,  0.08774113, -0.12788939, -0.11204956, -0.11972961, -0.00824320,  0.48125433, -0.16369157,  0.02313232,  0.03103446, -0.16528347
  0.02198000, -0.01519917,  0.03930831, -0.09731301, -0.02748238,  0.21906953, -0.17788719, -0.10582121,  0.13928144,  0.08041971, -0.07700153,  0.00936285,  0.11023978, -0.20942818,  0.11020744,  0.03019837, -0.07224657, -0.00289702,  0.06150392, -0.09352369,  0.10508025, -0.09517082,  0.16659696, -0.24146557,  0.11112928,  0.04025446, -0.23374137,  0.27052799, -0.03474311,  0.02878638, -0.20228442,  0.19763748, -0.05587004,  0.06991855, -0.16023267,  0.02003315,  0.03487053,  0.25970763, -0.20309527, -0.04642020,  0.06763619, -0.13548268,  0.09107054, -0.02706590,  0.29997638, -0.17150738, -0.21149400,  0.23804208, -0.20554132,  0.08279284
  0.03476238, -0.06431143, -0.01725733,  0.01980475,  0.07727217, -0.11853861, -0.05970267,  0.23332156,  0.06695610, -0.22981408,  0.02831986,  0.13533592, -0.08770059, -0.05801251,  0.15821570, -0.10315942, -0.07286497,  0.14650080,  0.10444865, -0.32681602,  0.11610999,  0.19772926, -0.16786015, -0.21600929,  0.22327523,  0.12792197, -0.18509547,  0.05544439, -0.08213011, -0.01871608,  0.11286534,  0.09889648, -0.33608733, -0.01836974,  0.28712345,  0.07936749, -0.30935839, -0.02237112,  0.16237829, -0.11363526, -0.01437810,  0.13815381,  0.01281744, -0.09444097, -0.06044484,  0.08786656,  0.00496531, -0.01267049, -0.02949662,  0.09696936
  0.03645473, -0.07632853,  0.01303858,  0.07743589, -0.07413583, -0.04700484,  0.09667951,  0.07714725, -0.16940171,  0.01198524,  0.15233980, -0.04209580, -0.14986167,  0.14856676,  0.03547318, -0.21315608,  0.13141156,  0.17146850, -0.31697526,  0.03403077,  0.27074229, -0.14960567, -0.18735396,  0.16017559,  0.14391486, -0.21146727, -0.00280380,  0.14050432, -0.11016676,  0.01902252,  0.14636667, -0.16413524, -0.15372926,  0.31300735,  0.03565934, -0.31331205,  0.08056397,  0.21859568, -0.14202284, -0.05651625,  0.06476636,  0.05660300, -0.08722180, -0.03255656,  0.18821266, -0.09651396, -0.07785325,  0.04400513,  0.01597001, -0.01032159
  0.07151353, -0.22930404,  0.24656233, -0.13563739,  0.00785110,  0.00127846,  0.01341029,  0.07904748, -0.00447230,  0.02232568, -0.00522117, -0.13940533,  0.08301976,  0.12959664, -0.14127813, -0.12412915,  0.33085624, -0.23716712,  0.09019870, -0.04159607,  0.03477905, -0.08776482,  0.08309067, -0.08950218, -0.04150609,  0.13579849,  0.00161772,  0.06176712, -0.35972754,  0.31220446, -0.00783471, -0.10486342, -0.10974791,  0.16712829, -0.15597268,  0.18830332,  0.00277373, -0.24220991,  0.08967456, -0.08808987,  0.13708053,  0.07019230, -0.17199442,  0.17262042, -0.12128543, -0.05200293,  0.05157797,  0.08474317, -0.12106690,  0.13045520
 -0.02944440,  0.04537060,  0.02264609, -0.09245692,  0.08946414, -0.07537379,  0.03351030,  0.07013886, -0.03528502, -0.05495189, -0.10687048,  0.23514956, -0.09625856,  0.09739133, -0.30663210,  0.31970655, -0.07109091, -0.02743624, -0.09130764,  0.01190574,  0.16999275, -0.13639991,  0.00072067, -0.11640037,  0.30711042, -0.14379045,  0.01582770, -0.20553639,  0.13463277,  0.17433421, -0.15322496, -0.05067022, -0.05870408,  0.25651652, -0.16948016,  0.16662169, -0.27336677,  0.09586539,  0.02154282,  0.10967604,  0.04083592, -0.21993482,  0.09829156, -0.00111004,  0.02091152, -0.11649713,  0.23331631, -0.14871899,  0.03986795, -0.03048866
 -0.05663414,  0.15681998, -0.10814120, -0.03247630,  0.03554527,  0.02530638, -0.07386720,  0.05626261,  0.10470823, -0.20305587,  0.01386591,  0.09821431,  0.20896437, -0.33268026,  0.08534757, -0.02989092,  0.22013304, -0.14795631, -0.15536860,  0.10808346,  0.09024893,  0.03734808, -0.23523506,  0.07346855,  0.10657012,  0.10471182, -0.22361489, -0.08826237,  0.12640524,  0.14860896, -0.02689405, -0.25924546,  0.14031486,  0.03185376,  0.14299380, -0.21778932,  0.06430515, -0.10055599,  0.07433660,  0.23501242, -0.13915056, -0.16205355, -0.01032048,  0.21030321, -0.08809896, -0.01975289,  0.05040001,  0.11551651, -0.26745367,  0.11272145
 -0.01900017,  0.09162853, -0.17433020,  0.19837244, -0.19844251,  0.21624766, -0.25425865,  0.27736042, -0.24168550,  0.16571715, -0.13884091,  0.19303082, -0.17275990,  0.05839297,  0.00163639, -0.00398423,  0.05676498, -0.12009849,  0.08538753, -0.01874178,  0.03183615, -0.04590283, -0.02055427,  0.07470220, -0.06093382,  0.06843230, -0.14546026,  0.14523378, -0.07378593,  0.07639650, -0.09732914,  0.02843281,  0.03935251, -0.03620022,  0.04894826, -0.13075609,  0.19257104, -0.23202396,  0.26457950, -0.19900693,  0.11021280, -0.15384688,  0.19824447, -0.14833482,  0.11831309, -0.13544159,  0.17507274, -0.15829225,  0.05841968,  0.00393972
 -0.07900138,  0.16604089, -0.12447251,  0.17901616, -0.22633166,  0.20272047, -0.10273294, -0.18547856,  0.29571664, -0.21539009,  0.00195080,  0.00068495, -0.00200187,  0.21569279, -0.20851413,  0.00517183,  0.02077109,  0.12854468, -0.05767079, -0.08949487,  0.02592199,  0.10530993,  0.04483369, -0.08012989, -0.11946304,  0.20831148, -0.00917541, -0.13270293,  0.05136383, -0.18849603,  0.36785212, -0.12767564, -0.11539485,  0.12603714, -0.11231446,  0.11448847,  0.03081069, -0.15123088,  0.01780806,  0.07868096,  0.10326960, -0.04569090, -0.15699946, -0.07877582,  0.21337862, -0.16762417,  0.10674294,  0.13074063, -0.09129122, -0.06751008
 -0.03108097, -0.01705141,  0.12104767, -0.02827756, -0.10655507,  0.19144825, -0.23324883,  0.22237778, -0.18072941,  0.04752946,  0.04174088, -0.27240580,  0.33510455, -0.08119387, -0.09991916,  0.10428378, -0.13383712,  0.21931992, -0.15633907,  0.00153673, -0.01864742,  0.10482680, -0.02260684, -0.06064788,  0.05416043,  0.07078822, -0.02976219,  0.02514642, -0.18292809,  0.13250202,  0.10584638, -0.19537030,  0.20664631, -0.21408149,  0.18205993,  0.05994698, -0.21270156,  0.14804968, -0.13291745,  0.03558660,  0.22847274, -0.10918059, -0.11222014,  0.01030747, -0.00820864, -0.02630720,  0.08252927, -0.05787435,  0.18151197, -0.18143863
  0.12245727, -0.15255967, -0.07365613,  0.08739471, -0.07424421,  0.10724293, -0.11253403,  0.10968739,  0.09740090, -0.22385724,  0.40447950, -0.16094757, -0.10572265, -0.00284433, -0.01406418,  0.16078139, -0.12692625, -0.06665071,  0.02349332,  0.12585204, -0.04196360, -0.11873829,  0.00110365,  0.01795033,  0.01311204, -0.05918715, -0.13959788,  0.22641347,  0.07088958, -0.15555000,  0.07266637, -0.21848755,  0.20222195,  0.00713659, -0.22195399,  0.16096300, -0.08994752,  0.11788087,  0.10502372, -0.20573062, -0.21397324,  0.16446522,  0.12858201,  0.13992966, -0.05266422, -0.07568426,  0.03828737, -0.19891153, -0.05266056,  0.24107023
