 -0.14164012, -0.14163464, -0.14163269, -0.14163268, -0.14163337, -0.14163409, -0.14163371, -0.14163024, -0.14162336, -0.14161467, -0.14160450, -0.14159334, -0.14158107, -0.14156745, -0.14155320, -0.14153875, -0.14152414, -0.14150957, -0.14149520, -0.14148116, -0.14146704, -0.14145308, -0.14143999, -0.14142743, -0.14141491, -0.14140181, -0.14138938, -0.14137735, -0.14136573, -0.14135465, -0.14134389, -0.14133400, -0.14132456, -0.14131541, -0.14130655, -0.14129760, -0.14128853, -0.14127962, -0.14127060, -0.14126214, -0.14125377, -0.14124565, -0.14123728, -0.14122874, -0.14122046, -0.14121348, -0.14120749, -0.14120133, -0.14119485, -0.14118836
  0.40513588,  0.42019151,  0.39978817,  0.35355708,  0.28955753,  0.21424159,  0.13595539,  0.07234173,  0.02420378, -0.01603850, -0.04949601, -0.07817822, -0.10054474, -0.11575420, -0.12399765, -0.12929856, -0.13141742, -0.12989958, -0.12735589, -0.12213605, -0.11550061, -0.10880468, -0.10411718, -0.10096635, -0.09683723, -0.08729161, -0.07826718, -0.06923713, -0.06027178, -0.05245294, -0.04449433, -0.03985969, -0.03770874, -0.03571030, -0.03483497, -0.03144871, -0.02544468, -0.02006727, -0.01652528, -0.01376539, -0.01120682, -0.00824965, -0.00443595, -0.00096395,  0.00249531,  0.00227366,  0.00043125, -0.00067932, -0.00071043,  0.00095729
 -0.11030763, -0.03391023,  0.03916449,  0.10405817,  0.15720760,  0.19543908,  0.21868840,  0.23104535,  0.23738914,  0.23727161,  0.23176752,  0.22111558,  0.20679973,  0.19105049,  0.17332734,  0.15436811,  0.13467754,  0.11442331,  0.09436343,  0.07428654,  0.05625940,  0.03986105,  0.02303151,  0.00615466, -0.00995103, -0.02355736, -0.03664923, -0.04860875, -0.05939024, -0.06918533, -0.07765346, -0.08616240, -0.09445924, -0.10296779, -0.11169807, -0.12005986, -0.12722631, -0.13313121, -0.13703597, -0.14179231, -0.14613337, -0.15063626, -0.15363032, -0.15501438, -0.15611070, -0.15994742, -0.16665761, -0.17322500, -0.17894444, -0.18454466
 -0.63538446, -0.31041421, -0.03014866,  0.18513214,  0.30711181,  0.30544015,  0.18496192,  0.09401895,  0.06222040,  0.04121789,  0.02106503, -0.01862889, -0.06231033, -0.09412893, -0.09698044, -0.10528803, -0.11909824, -0.12302812, -0.13138921, -0.11415320, -0.08378212, -0.05252026, -0.03840646, -0.05204809, -0.07942787, -0.07207202, -0.06968314, -0.06422597, -0.05101143, -0.03239802,  0.01018772,  0.04176216,  0.05034040,  0.05110792,  0.02701730,  0.01524190,  0.03065334,  0.05143438,  0.05770043,  0.05826235,  0.04925566,  0.04602717,  0.05550450,  0.07261787,  0.10719294,  0.12315008,  0.11952339,  0.10440976,  0.08561600,  0.08025408
 -0.37394882,  0.08606788,  0.45451565,  0.37647323, -0.06106464, -0.40534888, -0.31460578, -0.06890672,  0.06517729,  0.05570103, -0.05473676, -0.09735582, -0.02139665,  0.09792537,  0.11619305,  0.05182868, -0.04624427, -0.08847915,  0.01807299,  0.15108619,  0.17619910,  0.06889593, -0.03362059, -0.03348832,  0.03713894,  0.01297706, -0.02932779, -0.04265755, -0.01306021,  0.06452925,  0.09604435,  0.07704675,  0.00273431, -0.08646938, -0.08025307, -0.02341986,  0.01590531,  0.03565141,  0.03843217, -0.00441104, -0.05069576, -0.02994573,  0.04093616,  0.10970128,  0.07346802, -0.01190866, -0.11835635, -0.16701597, -0.09399970,  0.02793517
  0.02611527, -0.11116597, -0.07153083,  0.08355292,  0.17808690,  0.12864539,  0.04781971, -0.05673829, -0.12059770, -0.15163387, -0.16873901, -0.17095323, -0.12117352,  0.00064693,  0.10316068,  0.16937795,  0.16749042,  0.07681275, -0.00729041, -0.08420717, -0.08768028, -0.05500647, -0.04419500, -0.01091745,  0.07440298,  0.15184457,  0.18913572,  0.16797737,  0.10263217,  0.03746274, -0.02407871, -0.06219049, -0.06629508, -0.09342066, -0.10098477, -0.09287953, -0.06987380, -0.01528516,  0.10357984,  0.18570174,  0.23123470,  0.20217896,  0.16067163,  0.15228599,  0.13321229,  0.04725878, -0.11778269, -0.28256354, -0.37159182, -0.36275440
 -0.12300203,  0.18227392,  0.07032919, -0.24115189, -0.28700259,  0.00560688,  0.25979206,  0.32682318,  0.19176565, -0.02888840, -0.13074869, -0.11308759, -0.06226226, -0.07449536, -0.11066414, -0.13079554, -0.05719012,  0.11444245,  0.22429841,  0.19026615,  0.02141625, -0.11384437, -0.11525585, -0.08338902, -0.10893074, -0.10779925, -0.06744788,  0.03044847,  0.13183496,  0.17566186,  0.16987980,  0.08468397, -0.03445172, -0.07746415, -0.10447975, -0.11926718, -0.12114787, -0.13494036, -0.16393294, -0.14261975, -0.05287750,  0.09997976,  0.20111465,  0.19362495,  0.16304116,  0.12404391,  0.07920692,  0.04042965, -0.02473148, -0.14883654
  0.15045241, -0.17575559, -0.09766677,  0.18034160,  0.16574891, -0.11920786, -0.23255328, -0.11258473,  0.10558828,  0.27369904,  0.18251491, -0.07501581, -0.27551366, -0.28350117, -0.10890496,  0.10310948,  0.17761330,  0.08705619,  0.01700313,  0.05998483,  0.14685110,  0.11708177, -0.03794245, -0.15439551, -0.11601074, -0.05012077,  0.06325584,  0.10174132,  0.07179630,  0.04248792,  0.01488264,  0.07282959,  0.13874219,  0.08693876, -0.00830734, -0.11568052, -0.20879236, -0.22908400, -0.18156772, -0.07309061, -0.01047495, -0.03042122, -0.07725984, -0.05584430,  0.02443096,  0.17381278,  0.27679182,  0.17599194, -0.03452928, -0.14655150
 -0.07558170,  0.03614542,  0.02131906,  0.07900933,  0.16450911,  0.08774140, -0.09179351, -0.29432374, -0.34032194, -0.12358931,  0.17488873,  0.31093574,  0.19395158, -0.04680255, -0.23033115, -0.18175680,  0.01764830,  0.15627601,  0.17990468,  0.12163334,  0.09265695,  0.09591807,  0.05482193, -0.05486789, -0.14429832, -0.20073768, -0.13640909,  0.02257710,  0.13907434,  0.15790821,  0.04853346, -0.07855758, -0.10540289, -0.05455336,  0.03319798,  0.06153603, -0.02122847, -0.13530325, -0.15046202, -0.05483434,  0.11479230,  0.24147387,  0.21933721,  0.08593391, -0.08880992, -0.16838610, -0.12519935, -0.02644116,  0.02215547, -0.00394498
  0.05001710, -0.01644212, -0.04663823, -0.01822414,  0.02083882,  0.05032758,  0.08145985,  0.05091159, -0.03862852, -0.13157584, -0.16979928, -0.10029394,  0.05966472,  0.20479409,  0.20848150,  0.04198711, -0.20071684, -0.35272898, -0.27459335, -0.01364055,  0.27082494,  0.38544955,  0.25786450,  0.01284653, -0.15624552, -0.15478067, -0.00065936,  0.14518737,  0.16316357,  0.05436633, -0.08990186, -0.13440926, -0.04488281,  0.08109457,  0.15281131,  0.10559411, -0.03385736, -0.16802556, -0.20988137, -0.15635658, -0.06059236,  0.00199146,  0.02765633,  0.05319542,  0.08344450,  0.09778100,  0.06662529, -0.00879609, -0.07299690, -0.07382594
 -0.03947428,  0.03247129,  0.04403115,  0.01179644, -0.02335210, -0.04065810, -0.02341192,  0.00942606,  0.03899867,  0.05542986,  0.01720921, -0.08088649, -0.15809620, -0.12373296,  0.04370339,  0.24120125,  0.28800291,  0.10599348, -0.17447534, -0.33238945, -0.24028948,  0.03035783,  0.27272056,  0.29212072,  0.08310642, -0.19166439, -0.28424910, -0.12917756,  0.11979774,  0.26147228,  0.18458553, -0.02526073, -0.19158970, -0.18851336, -0.03629190,  0.12292161,  0.15526417,  0.05264260, -0.08681769, -0.14253028, -0.08500165,  0.02382041,  0.06549816,  0.01836723, -0.04364523, -0.03076541,  0.03813497,  0.07479096,  0.03182175, -0.04341317
  0.09923172, -0.11685460, -0.07398576,  0.11710159,  0.15979316,  0.04647655, -0.00440915, -0.09779849, -0.18609501, -0.15924558, -0.05744700,  0.07854227,  0.14423820,  0.08967630, -0.06106016, -0.14036477, -0.09466476, -0.02427060,  0.01911948, -0.03214013, -0.06743657, -0.03284754,  0.06142384,  0.22513977,  0.36034397,  0.27409704,  0.07456570, -0.09857105, -0.09784183,  0.06520297,  0.19316507,  0.21459579,  0.11976864, -0.07883070, -0.16927761, -0.13989987, -0.10039308, -0.12593752, -0.20114483, -0.28454925, -0.27758061, -0.18082449, -0.00099914,  0.17274385,  0.19399050,  0.11706820,  0.04889318,  0.01584966,  0.00881257,  0.00443622
 -0.07051599,  0.08112416,  0.07307028, -0.07228377, -0.13976579, -0.10666029, -0.08611391, -0.00691664,  0.13916988,  0.24415185,  0.28876863,  0.22221851,  0.08632154, -0.03254241, -0.10479602, -0.15398475, -0.19448720, -0.21697361, -0.22106335, -0.19794695, -0.14903732, -0.06048702,  0.04655200,  0.11201988,  0.13183306,  0.19556284,  0.24549401,  0.26434362,  0.19442343,  0.04194409, -0.09644270, -0.20123947, -0.23233985, -0.17296114, -0.13160384, -0.13402101, -0.13357625, -0.09643322, -0.00626680,  0.07288241,  0.11394436,  0.11003294,  0.06874424,  0.01972241,  0.03230373,  0.05783119,  0.05199978,  0.05679705,  0.06035819,  0.00707661
  0.03842222, -0.00755214, -0.02711977, -0.01575084, -0.01206912, -0.01180070,  0.04036205,  0.07702754,  0.10521337,  0.09535580,  0.03673773, -0.07071676, -0.17646903, -0.23803218, -0.25639892, -0.19231700, -0.07428831,  0.03108243,  0.12517767,  0.16682204,  0.22514650,  0.29122741,  0.31068686,  0.28816263,  0.21240305,  0.06115755, -0.10125407, -0.22309967, -0.27293100, -0.25095792, -0.21062842, -0.16223317, -0.09880194, -0.05962042, -0.00895046,  0.03493094,  0.05538294,  0.05598857,  0.06661077,  0.05452254,  0.06557956,  0.07121056,  0.08563116,  0.09612133,  0.07665224,  0.02272929, -0.03485805, -0.06684956, -0.09239308, -0.12539013
 -0.01636340,  0.04623077,  0.02921207, -0.06233586, -0.09225070, -0.06872303, -0.01967721,  0.01914786,  0.09584232,  0.14699176,  0.17822428,  0.11114908,  0.00118670, -0.07308239, -0.12383690, -0.11856272, -0.08389500, -0.08363183, -0.08717408, -0.15588114, -0.17706841, -0.10192264, -0.00284622,  0.05585372,  0.05067550,  0.00999569, -0.02369742, -0.02374054, -0.01149179,  0.03257013,  0.10490550,  0.18591134,  0.30014081,  0.38311943,  0.38294905,  0.26034940,  0.07140764, -0.09317349, -0.10851459, -0.06984642,  0.00547663,  0.03192319,  0.02623345,  0.02104953,  0.03917564, -0.02247131, -0.18269552, -0.28707691, -0.27352513, -0.22651998
  0.05883233,  0.02930650, -0.10234945, -0.08935022,  0.02513904,  0.02073115,  0.03285589,  0.05094560,  0.05896804,  0.06140892,  0.00933855, -0.06171484, -0.09984420, -0.01625784,  0.02552580,  0.00765605, -0.02861195, -0.08199196, -0.10404904, -0.09345812,  0.01626731,  0.19324014,  0.20179560,  0.04213913, -0.06137073, -0.07849743, -0.09753993, -0.08185587, -0.02208778,  0.10252155,  0.21040115,  0.22906907,  0.21647260,  0.07034864, -0.16162251, -0.32970717, -0.33590098, -0.17216739,  0.10701616,  0.23394334,  0.18572959,  0.04549921, -0.00665083,  0.05158509, -0.00103907, -0.21140502, -0.33701321, -0.14289247,  0.17432574,  0.25625782
 -0.00589853,  0.09406660,  0.07372044, -0.09225129, -0.08461410, -0.01731862, -0.12106897, -0.09672024, -0.03277564,  0.00883620,  0.07179567,  0.12066580,  0.11796419,  0.14499714,  0.22660680,  0.21734202,  0.14430760,  0.06126200, -0.05104954, -0.07792309, -0.13952882, -0.13718500, -0.01316774,  0.00782392, -0.07760096, -0.09463162, -0.15404732, -0.22922894, -0.29531155, -0.32282083, -0.20372069, -0.07053434,  0.00718094,  0.10630167,  0.05351056, -0.09318685, -0.18626729, -0.18909601, -0.14258233,  0.00541042,  0.10503211,  0.17714938,  0.19794259,  0.20550316,  0.25124358,  0.24471574,  0.12324219,  0.00882906,  0.03963527,  0.11397162
 -0.23041016,  0.13623837,  0.26905984, -0.11395259, -0.01194677,  0.24098896, -0.01890029, -0.07024496, -0.07952718, -0.15341004, -0.09582582, -0.07283286, -0.21399930, -0.20662098, -0.03319921,  0.07506032,  0.14680392,  0.14832466,  0.05701303,  0.11842632, -0.01417761, -0.08114747,  0.16602792,  0.18277967,  0.04627123,  0.14836156,  0.17323079,  0.21547671,  0.11630096, -0.09791954, -0.07157019, -0.06469986, -0.09884352,  0.14501444,  0.19818151,  0.00915335, -0.14064532, -0.18834438, -0.17015972, -0.02836607, -0.07720598, -0.11595997, -0.15907474, -0.16731963, -0.02304245,  0.08723049, -0.08643975, -0.18683901,  0.08924006,  0.30319262
  0.17661142, -0.36788596,  0.17488018,  0.17613771, -0.36381210,  0.14520111,  0.16703900, -0.15860656,  0.10906677,  0.02257326, -0.14381021,  0.14776353,  0.07613525, -0.12648470,  0.05538445, -0.06315016, -0.06742049,  0.09318297, -0.14246370, -0.01770301,  0.18180462, -0.08664428, -0.08787572,  0.20044925, -0.08446549, -0.04004463, -0.00895707, -0.14246632,  0.10342350,  0.01734626, -0.02882842,  0.18716688,  0.02018964, -0.17837303,  0.01689715,  0.03571232, -0.09135770,  0.02061426, -0.05376276, -0.00003317,  0.21605087,  0.01678042,  0.00461997, -0.03592375, -0.14228649,  0.01198065,  0.21072648, -0.15621304, -0.22363560,  0.22446806
 -0.00475600,  0.08577378,  0.04060604, -0.27894297,  0.14789946,  0.19264657, -0.26163026,  0.01348261,  0.04925991, -0.09947952,  0.11757674,  0.03755882, -0.04849285,  0.11026118, -0.03074582,  0.00883672,  0.04518800, -0.30453502, -0.11575435,  0.26995749,  0.06589249, -0.07835055,  0.04763336, -0.00652858,  0.06507689,  0.01492422, -0.11294709, -0.08013677, -0.07920353, -0.02701446,  0.26327177,  0.25614083, -0.11381829, -0.10526292, -0.03117933, -0.13420873,  0.08998519,  0.15131093, -0.11791093,  0.05365499,  0.12627984,  0.15398527,  0.04187833, -0.31598235, -0.19465482,  0.24626409,  0.14558493, -0.10206903, -0.12471972, -0.07271060
 -0.02100165,  0.16077058, -0.25483232,  0.04384721,  0.17088145, -0.17001645, -0.00642482,  0.14549181, -0.14752715,  0.19227334, -0.11664388, -0.03614520,  0.20949712, -0.17325185, -0.00199089,  0.16153246, -0.28305795,  0.07550382,  0.09059082,  0.01642779,  0.03049170, -0.12574893, -0.00268579,  0.14663000, -0.06887201, -0.06988032, -0.01121958, -0.01479505, -0.04791754,  0.08754844,  0.13344390, -0.07365398, -0.11255443,  0.04568010, -0.14171558,  0.09871298,  0.06656866, -0.08313500, -0.03415333,  0.02444802,  0.05748868,  0.24598397, -0.33187663, -0.15155590,  0.19326875,  0.10448986,  0.06482772, -0.09144457, -0.28235451,  0.28809624
 -0.10798102,  0.06944226,  0.19957466, -0.11397260, -0.08009363,  0.07166558,  0.10541309, -0.04327226, -0.20163820,  0.07214400,  0.01143028, -0.18171911,  0.16590032, -0.07231892, -0.15612170,  0.27075991, -0.02225618, -0.04435382, -0.01708594, -0.23744825,  0.22875674,  0.13673063, -0.21127100,  0.16399403,  0.07891509,  0.01928458,  0.09545735,  0.04923773, -0.06532689, -0.18708911,  0.03300358,  0.15013299,  0.10355195,  0.08775504, -0.08773046, -0.06276883,  0.00225096, -0.13907656,  0.11422615, -0.01633130, -0.22781544,  0.23108603,  0.24057098, -0.22170233, -0.12610075, -0.18744448,  0.03980328,  0.25920979, -0.11891706, -0.07058880
  0.13766491, -0.26330556,  0.07569650,  0.07740341, -0.05330798, -0.00196184, -0.12971860,  0.25107554, -0.02712553, -0.10812410,  0.16457558, -0.14526152,  0.07583589,  0.17438475, -0.27792246,  0.08212379,  0.01591623, -0.10434384,  0.28211390, -0.11349028, -0.15788304,  0.17422604, -0.16969717,  0.10532230, -0.03867459, -0.13942978,  0.02447267, -0.08916768,  0.17798431,  0.00839978, -0.09829031,  0.04077455, -0.15655426,  0.01658743,  0.07619349, -0.09742103,  0.13414220, -0.03578244, -0.20390454,  0.27972175,  0.00915522, -0.20496552,  0.09022300, -0.11943829,  0.17993419,  0.15240113, -0.17008993,  0.01980336, -0.08931691,  0.16913805
  0.07656019, -0.14846964,  0.16594847, -0.25845636,  0.22502613, -0.03773004,  0.01449015, -0.11490804,  0.04553565, -0.03641765,  0.23707407, -0.15499558, -0.02733451, -0.09845469,  0.24165166,  0.01367430, -0.17335970, -0.07736079,  0.17291909, -0.06927519,  0.21796554, -0.24978598,  0.00242771,  0.07917641, -0.13408651,  0.12759402,  0.00898818, -0.25622827,  0.12403161,  0.07464773,  0.08975055, -0.10963111, -0.06549848, -0.07946212,  0.17011360, -0.05168718,  0.08723681, -0.12799458,  0.10701557, -0.03697359,  0.05173995, -0.10632303,  0.05237314, -0.08383893,  0.31060594, -0.28910770,  0.12879169, -0.08351434,  0.13290752, -0.08733614
  0.01186857,  0.01924429, -0.06152869,  0.04313987, -0.13856917,  0.27013870, -0.07948917, -0.17802166,  0.10489111, -0.00496727,  0.01120245,  0.15052279, -0.22351977, -0.07002004,  0.14834894,  0.17340537, -0.14052765, -0.19281274,  0.11677958,  0.12509561, -0.00939329,  0.05154926, -0.28903333,  0.16603122,  0.08324412, -0.19620103,  0.23752502, -0.10262844, -0.27970973,  0.32006439,  0.06309962, -0.13444942, -0.03431942, -0.06669701,  0.04975263,  0.17361987, -0.13632167, -0.00880973,  0.04043329, -0.02307670, -0.03180007,  0.04753942, -0.02757279, -0.03275728,  0.09175610,  0.08049018, -0.29206909,  0.19184102,  0.04791044, -0.06519633
 -0.06887893,  0.09469672, -0.01311159, -0.00730411,  0.01661113,  0.11861005, -0.20996338,  0.15180665, -0.14329433,  0.04980583,  0.07488237, -0.08766365, -0.27807124,  0.27588963,  0.09915365, -0.08796714, -0.18539242,  0.15358221,  0.02707157, -0.00210458, -0.03753128, -0.06012139,  0.04665171,  0.13709776, -0.12811886,  0.23746584,  0.01906986, -0.27476765,  0.18327668,  0.14646706, -0.26288225,  0.07298326,  0.04957461,  0.06740398,  0.05688054, -0.04319442, -0.14933103,  0.11834735, -0.09722113, -0.00940293, -0.02013513,  0.15872569, -0.09607292,  0.14748139, -0.20542135, -0.15055971,  0.02992433,  0.29901299, -0.25165066,  0.03761673
 -0.02075520,  0.01232654,  0.05729861,  0.01765045, -0.11824037, -0.11355976,  0.12286049,  0.27339434, -0.21910924, -0.27773130,  0.22227945,  0.31843471, -0.11680456, -0.29064762, -0.02586837,  0.23936362,  0.07077896, -0.09589350, -0.12472547, -0.03512732,  0.05668660,  0.09463355,  0.10603660, -0.15289785, -0.28976741,  0.17846518,  0.27740103, -0.11038242, -0.13984615, -0.03478259,  0.02750391,  0.14178826, -0.00299171, -0.07953859, -0.07016576, -0.02748619,  0.14052016,  0.15358644, -0.12240455, -0.07197208,  0.04444318, -0.00399041, -0.10447318,  0.11428846,  0.10797404, -0.06811293, -0.05360885,  0.03158573, -0.03187511, -0.00653432
 -0.00890559, -0.01936270,  0.02474341, -0.00843247,  0.18347567, -0.11432111, -0.24757204,  0.13018307,  0.34053429, -0.29838731, -0.20976417,  0.11964259,  0.18586785,  0.02035338, -0.17974142, -0.07410794,  0.13585152,  0.04453393,  0.01474743, -0.09445236,  0.00934511, -0.11255216,  0.11587797,  0.27304571, -0.18489611, -0.21903073,  0.22559207,  0.06318552, -0.03757000,  0.02376527, -0.14424987, -0.00284581,  0.19059836, -0.03956352,  0.08800311, -0.13590676, -0.14397249,  0.15017026,  0.14847830, -0.21491622,  0.01819204,  0.13634976, -0.02092544, -0.15328407,  0.10453149, -0.08633141, -0.00076689,  0.08228652, -0.01610722, -0.06143814
 -0.05114721, -0.00878893,  0.01688852,  0.20748255, -0.08142938, -0.11486601,  0.12509349, -0.03635754,  0.05151761, -0.19565110,  0.01359283, -0.07691143,  0.07253554, -0.15045834,  0.20334119,  0.06470221, -0.19819786, -0.06093821,  0.23306751,  0.07352847, -0.31775743,  0.07398557,  0.16672866, -0.01599472,  0.16154329, -0.02641688,  0.06833363, -0.02913740, -0.09668894,  0.08536203,  0.02900156, -0.12544842, -0.00403488,  0.33795668, -0.02206459, -0.27438524,  0.04728811,  0.00817078, -0.12872229, -0.11267839,  0.30125522, -0.02616242,  0.15087727, -0.18444540, -0.24588453, -0.11600514,  0.19420597,  0.09447285, -0.02658340, -0.05387274
 -0.04296460,  0.14274381, -0.17558877,  0.06899848, -0.01888263,  0.00106552,  0.07184759, -0.08268056,  0.07362229, -0.11277562,  0.27365124, -0.30656601,  0.13958976,  0.00859778, -0.12329456,  0.10637331, -0.00534994,  0.09311878, -0.25805811,  0.21573761, -0.02050349, -0.03899072, -0.01866512, -0.08285319,  0.14719737, -0.11474771,  0.10831856, -0.06948041,  0.01612211,  0.08748233, -0.26643923,  0.34588804, -0.21279684, -0.09418186,  0.15129457, -0.01664236,  0.06700281, -0.20207221,  0.23982893, -0.27055293,  0.18178338, -0.07431287, -0.03231994,  0.07215096,  0.03840005, -0.01136777, -0.07864169,  0.03641141, -0.03980855,  0.08334165
 -0.07519966,  0.10613499,  0.07934700, -0.11919796, -0.01027896,  0.02212502,  0.02277727, -0.05026873,  0.05935723, -0.20155415,  0.17744498,  0.02355464, -0.13317831,  0.09004086,  0.10751196, -0.17924727, -0.06715083,  0.28781197, -0.04247894, -0.23528843,  0.09822594,  0.14436938,  0.00076164, -0.14728451,  0.13078481, -0.09768706,  0.05520622, -0.02172611, -0.10787786,  0.25873072, -0.22835276, -0.06892070,  0.35600121, -0.11319951, -0.25892342,  0.00988253,  0.27586044, -0.16720823, -0.03657599,  0.09007541, -0.00654076,  0.02958847, -0.02407134, -0.24343951,  0.05879194,  0.18578716,  0.08395516, -0.12738306, -0.06123978,  0.07014656
 -0.01789932,  0.02453878,  0.03474117, -0.06584674,  0.02990400,  0.03792555, -0.12470821,  0.16531938, -0.15134332,  0.05587933,  0.03202965, -0.06757900,  0.11064998, -0.17789860,  0.27508154, -0.33494752,  0.23182769, -0.01810649, -0.10197717,  0.10742734, -0.13547524,  0.18479115, -0.12451410,  0.04449510,  0.00660084, -0.08681388,  0.17836156, -0.22883267,  0.22527070, -0.14523122,  0.03869665,  0.01347668, -0.02000864,  0.14864483, -0.32793173,  0.31770044, -0.16623637,  0.02827028,  0.09559132, -0.13801417,  0.11695066, -0.11056788,  0.12375909, -0.16957013,  0.11872334, -0.00241382, -0.02506968,  0.02060802, -0.03068636,  0.00439777
  0.10470168, -0.20223356,  0.12592307, -0.00179184, -0.05133594,  0.16025111, -0.29096103,  0.14390078,  0.04115738, -0.05228625, -0.05910533,  0.08059074,  0.13296373, -0.15363503,  0.08929710,  0.03422148, -0.24770420,  0.24142147, -0.12818047,  0.02264429,  0.04506886, -0.11358158,  0.15809957, -0.02561131, -0.05861128, -0.08807355,  0.06197521, -0.06270349,  0.03130050,  0.01735460,  0.02746919,  0.06717221, -0.21497860,  0.29916444, -0.15610562, -0.08352590,  0.20407591, -0.20431071,  0.21310555,  0.12457792, -0.22019839,  0.03271708, -0.02809982,  0.15733479, -0.17065131,  0.18456764, -0.11858426, -0.00278156,  0.14746121, -0.21350734
  0.04935871, -0.13286667,  0.18702161, -0.21195327,  0.17872442, -0.13139662,  0.06213851,  0.00362113, -0.02451303,  0.05348119, -0.08992839,  0.16534001, -0.14640518,  0.10377327, -0.11284366,  0.14537767, -0.19200231,  0.20928459, -0.18251230,  0.15310624, -0.11001735,  0.06908619, -0.03744078,  0.01689924, -0.07824380,  0.08829483, -0.11715804,  0.06426833,  0.01694845, -0.08510875,  0.17917656, -0.20745942,  0.11812351, -0.04840066,  0.00482965, -0.02757647,  0.06374271, -0.09571660,  0.18911771, -0.23224224,  0.23633612, -0.25390010,  0.16535100, -0.04720913, -0.02549635,  0.16277141, -0.22075402,  0.24743331, -0.23010980,  0.10767036
 -0.01566139,  0.10408919, -0.02324725, -0.17876447,  0.02851724,  0.18710988, -0.11233657, -0.16079492,  0.06129869,  0.22352651, -0.03216191, -0.04926356,  0.03357392, -0.00680308, -0.07603061,  0.01126853,  0.00667725,  0.02595677,  0.12809168, -0.24639678,  0.03707508,  0.23690220, -0.06864035, -0.15580951, -0.06960866, -0.09155746,  0.28198958, -0.13812099,  0.00454305,  0.02324804,  0.11448144, -0.11010474, -0.09784538,  0.10102065,  0.03975974, -0.25781507,  0.10721224,  0.27997045,  0.08232750, -0.30152443, -0.04239106, -0.10003839,  0.04271804,  0.27171134, -0.08862432,  0.07686333,  0.09381953, -0.26519664, -0.12565972,  0.21067316
 -0.00754270, -0.03135999,  0.02813185,  0.05989587, -0.09968134,  0.06956520, -0.04512772,  0.12549329, -0.10433346,  0.03551720, -0.05762076,  0.02527420, -0.02993676,  0.00225487,  0.01580860,  0.00058315,  0.07379801, -0.15201585,  0.14966212, -0.11750581,  0.16041916, -0.23870313,  0.20634979, -0.25116826,  0.38112926, -0.24939587,  0.13555387, -0.16886832,  0.25678793, -0.25435986,  0.12756372, -0.13610438,  0.20583620, -0.18061821,  0.10812721, -0.04620372,  0.08320666, -0.13978743,  0.00606992, -0.08878756,  0.16189611,  0.10549948, -0.19436075,  0.06273348, -0.05830789,  0.04844718, -0.15200984,  0.19623573, -0.04424594,  0.01621915
 -0.00210904,  0.01119384, -0.11274924,  0.03020234,  0.09630641, -0.02367554, -0.06043135,  0.04390010,  0.20167484, -0.01627120, -0.13966154, -0.04293932,  0.01957102, -0.04852535, -0.05149520,  0.12768704,  0.01949073, -0.04041172, -0.02646201, -0.09321125,  0.18801946, -0.00310465, -0.32096684,  0.09932244,  0.01744483,  0.29665002, -0.09926623, -0.10630437,  0.15392159, -0.02997620, -0.14060116, -0.04070012,  0.05396392,  0.09942438, -0.16214153,  0.05319697,  0.21923475, -0.03425590, -0.30050871, -0.24742659,  0.28722928,  0.16015599,  0.01482288,  0.03985451, -0.15409062,  0.05729313, -0.24327137, -0.09008467,  0.35298964, -0.01285801
 -0.06238965,  0.08396468,  0.08826170, -0.15989868,  0.10897453,  0.00655328, -0.07797941,  0.00806481, -0.00728067, -0.11861241,  0.06682062,  0.08399853, -0.09517716,  0.01138579,  0.09500725,  0.00606533, -0.11298925, -0.01118290,  0.15384416, -0.09434237, -0.02560411,  0.11914239, -0.20466184,  0.28279869,  0.05258552, -0.27383956, -0.05603172,  0.27969152, -0.02268787, -0.22270045,  0.01900653,  0.21529778, -0.01048695, -0.03616100, -0.12080841,  0.07761033,  0.07001060, -0.08868571, -0.02382431,  0.05032168,  0.26106261, -0.20083158, -0.31333788,  0.35320210, -0.10055401, -0.13858370,  0.20151179,  0.02185898, -0.01301207, -0.12542788
 -0.04655861,  0.16354677, -0.23979353,  0.10632321,  0.06508350, -0.07015281, -0.02976384,  0.06704468,  0.03030193, -0.02716681,  0.07261020, -0.12476286,  0.01448254,  0.00592169,  0.06584753, -0.08114142, -0.00791755,  0.06159383,  0.01996701, -0.18832442,  0.29092857, -0.30088325,  0.11693555,  0.10347452, -0.14815166, -0.03958849,  0.21288773,  0.05578914, -0.19878981, -0.04127676,  0.14314576, -0.00477238, -0.04212434, -0.06467564, -0.00964519,  0.17612076, -0.04585591, -0.03909115, -0.15494719,  0.14800577,  0.07647672, -0.35222790,  0.39063587,  0.05135151, -0.27732191,  0.10796654, -0.08184479,  0.06479215, -0.06753863,  0.07309182
 -0.05271872,  0.09699554,  0.02529540,  0.06851855, -0.14563859, -0.00371859,  0.14624422, -0.12974010, -0.17090653, -0.09328268,  0.21262256, -0.02838616,  0.08241519, -0.00100016, -0.03390413,  0.00901465,  0.03600855, -0.11861971,  0.20379529, -0.18361156,  0.16634165, -0.07189889,  0.07570353,  0.14027590, -0.15817802,  0.06857620, -0.26663308,  0.00230839,  0.12335065,  0.08299831, -0.06070846, -0.01668095,  0.03800823,  0.14533555, -0.10140318, -0.06906113, -0.21783611,  0.17416815,  0.30539492, -0.12574405,  0.09820434, -0.13056329, -0.20531030, -0.07028027, -0.03030841,  0.45554160, -0.09985328,  0.01255547,  0.01209901, -0.19585026
  0.02207418, -0.01519666,  0.04538479, -0.09835268, -0.03277816,  0.21898556, -0.17259319, -0.10967107,  0.13065919,  0.07459151, -0.06553794,  0.01079019,  0.11245477, -0.20920772,  0.11059050,  0.02867577, -0.07091028, -0.00792231,  0.07227042, -0.10211725,  0.10965524, -0.09370932,  0.16939590, -0.23697701,  0.10654408,  0.04096755, -0.24839312,  0.27494140, -0.03311836,  0.03403329, -0.20387685,  0.19949859, -0.05858777,  0.07731715, -0.16330170,  0.01726809,  0.02166315,  0.26629454, -0.18411560, -0.05292986,  0.06851391, -0.14018196,  0.07712092, -0.02768622,  0.30036068, -0.15316393, -0.21194400,  0.23736308, -0.20945556,  0.07429675
  0.02689779, -0.05429465, -0.03290149,  0.02949839,  0.08557950, -0.12146795, -0.06504554,  0.23990858,  0.08060972, -0.23270238,  0.01123055,  0.13520483, -0.09548413, -0.06349357,  0.15962105, -0.09941819, -0.08314926,  0.15514132,  0.09590067, -0.32137579,  0.11107664,  0.20000250, -0.17526846, -0.21691662,  0.23213372,  0.13134146, -0.16640066,  0.04706822, -0.07230661, -0.03393771,  0.11683123,  0.10130979, -0.32937381, -0.03114760,  0.29721470,  0.08597876, -0.29560215, -0.03091595,  0.13928422, -0.10395528, -0.01179333,  0.14692829,  0.03355278, -0.10135749, -0.07226570,  0.06594070,  0.00622325, -0.01179440, -0.01752969,  0.10547878
  0.03629204, -0.07577109,  0.01112852,  0.07860936, -0.07301596, -0.04856029,  0.09571191,  0.07979506, -0.16795137,  0.00953719,  0.15168052, -0.04005131, -0.15130474,  0.14751807,  0.03768103, -0.21371755,  0.12917497,  0.17469289, -0.31698740,  0.03074838,  0.27172861, -0.14691050, -0.19015477,  0.15772540,  0.14691032, -0.21029884, -0.00382539,  0.14003270, -0.10953500,  0.01700297,  0.14801105, -0.16291735, -0.15705582,  0.31145808,  0.04016196, -0.31302012,  0.07785715,  0.21872474, -0.14188339, -0.05691050,  0.06440435,  0.05835032, -0.08543135, -0.03453512,  0.18788967, -0.09628447, -0.07796079,  0.04363215,  0.01686128, -0.00923458
  0.06623253, -0.22706517,  0.23836842, -0.12778851,  0.01449002, -0.00445091,  0.00896743,  0.09280682,  0.00788149,  0.01368136, -0.01903899, -0.13937377,  0.07517301,  0.12945532, -0.14027392, -0.13035668,  0.33122013, -0.22797154,  0.08326335, -0.04926319,  0.03942230, -0.08328502,  0.07080624, -0.09836751, -0.02721491,  0.14559101,  0.01139571,  0.05718280, -0.36362753,  0.30680972,  0.00169367, -0.10575884, -0.12037540,  0.16504667, -0.14156906,  0.19604231,  0.00683684, -0.25319435,  0.07492169, -0.08524462,  0.14647660,  0.08383247, -0.16077098,  0.16618971, -0.13114757, -0.07029053,  0.05279890,  0.09041857, -0.11378427,  0.14327205
 -0.02947546,  0.04542737,  0.02253446, -0.09236711,  0.08949691, -0.07535754,  0.03354468,  0.07010439, -0.03528839, -0.05503121, -0.10678386,  0.23516193, -0.09644976,  0.09727618, -0.30656223,  0.31975836, -0.07122315, -0.02752982, -0.09126586,  0.01205803,  0.16996537, -0.13650528,  0.00075882, -0.11620488,  0.30713578, -0.14391492,  0.01583778, -0.20539157,  0.13486394,  0.17419610, -0.15330710, -0.05059756, -0.05850530,  0.25656489, -0.16959262,  0.16657814, -0.27324808,  0.09597362,  0.02155088,  0.10963860,  0.04067093, -0.21989664,  0.09844208, -0.00114883,  0.02079546, -0.11659565,  0.23328895, -0.14879266,  0.03984443, -0.03043239
 -0.05642432,  0.15671421, -0.10872599, -0.03207290,  0.03570411,  0.02533662, -0.07376481,  0.05650218,  0.10418550, -0.20314823,  0.01464036,  0.09856456,  0.20761552, -0.33325900,  0.08600655, -0.02957618,  0.21955263, -0.14891908, -0.15476689,  0.10893178,  0.09008012,  0.03652546, -0.23502237,  0.07456127,  0.10661585,  0.10379675, -0.22396602, -0.08703696,  0.12743546,  0.14810884, -0.02785407, -0.25875995,  0.14136127,  0.03205363,  0.14225090, -0.21818865,  0.06492137, -0.10005818,  0.07506060,  0.23418500, -0.14039474, -0.16182404, -0.00916705,  0.21023878, -0.08865227, -0.01993026,  0.05028995,  0.11460546, -0.26765405,  0.11332123
 -0.01907728,  0.09149555, -0.17483852,  0.19904457, -0.19817553,  0.21604243, -0.25373125,  0.27695683, -0.24104590,  0.16510747, -0.13849858,  0.19293434, -0.17457097,  0.05866733,  0.00169573, -0.00398929,  0.05621918, -0.12065324,  0.08598542, -0.01831291,  0.03165344, -0.04663106, -0.02006011,  0.07531747, -0.06089932,  0.06799603, -0.14483838,  0.14604106, -0.07289734,  0.07527374, -0.09738022,  0.02911948,  0.03960361, -0.03548963,  0.04780638, -0.13014151,  0.19339213, -0.23190896,  0.26447051, -0.19965933,  0.10956166, -0.15272190,  0.19912641, -0.14875637,  0.11758095, -0.13638544,  0.17481666, -0.15849646,  0.05841546,  0.00483872
 -0.06637687,  0.15868837, -0.14155799,  0.18648015, -0.22134982,  0.19226035, -0.08598060, -0.20387904,  0.31588008, -0.23452847,  0.03055291,  0.01865893, -0.04223362,  0.21989865, -0.19663206,  0.00838497,  0.02088054,  0.10131756, -0.03916084, -0.07733525,  0.02386324,  0.08625363,  0.04989730, -0.06726008, -0.12584425,  0.19172530, -0.01907122, -0.11700234,  0.08022590, -0.21358808,  0.35915415, -0.12055940, -0.11668299,  0.14748841, -0.14763573,  0.11451062,  0.04407593, -0.15128016,  0.04191883,  0.06104051,  0.05932579, -0.02866031, -0.13828490, -0.07023853,  0.21225875, -0.16488497,  0.09995763,  0.11938490, -0.11531497, -0.03876992
 -0.03706173,  0.00137912,  0.10850918, -0.01288359, -0.13087805,  0.21071315, -0.24189291,  0.19900651, -0.15295471,  0.03032268,  0.04070945, -0.26466204,  0.33713371, -0.05716642, -0.11911340,  0.10399201, -0.12857967,  0.23195938, -0.16079890, -0.00983450, -0.01546413,  0.11755537, -0.01776200, -0.06955693,  0.03807874,  0.09072659, -0.03434051,  0.00753473, -0.17767118,  0.11508780,  0.14103144, -0.20570863,  0.18959907, -0.20134410,  0.17154075,  0.06551931, -0.21050875,  0.13089200, -0.12560041,  0.04492965,  0.23661114, -0.12038009, -0.13166992,  0.00268391,  0.02136520, -0.03494782,  0.09310441, -0.04447890,  0.16894115, -0.19370205
  0.12288032, -0.16546995, -0.06212106,  0.07661262, -0.05561960,  0.09373369, -0.10918703,  0.13292781,  0.07668930, -0.20989615,  0.39711549, -0.17209510, -0.10270571, -0.02073388, -0.00345579,  0.15876224, -0.12910288, -0.07184713,  0.02295696,  0.13126889, -0.04347787, -0.12578039, -0.00499019,  0.02049704,  0.02856963, -0.06818518, -0.13124458,  0.23669298,  0.06028319, -0.13850346,  0.04942338, -0.21312928,  0.21376951, -0.00494376, -0.20747694,  0.16066315, -0.09118988,  0.12739287,  0.09200634, -0.20974369, -0.20887596,  0.17492542,  0.14245309,  0.14354306, -0.07851750, -0.07558627,  0.03195671, -0.20457304, -0.03735500,  0.25074566
