 -0.01968181, -0.02506491, -0.03079042, -0.03694541, -0.04317648, -0.04985101, -0.05661699, -0.06365260, -0.07048507, -0.07664981, -0.08227291, -0.08775210, -0.09311442, -0.09844140, -0.10402737, -0.10917239, -0.11379766, -0.11845242, -0.12267222, -0.12638114, -0.12966763, -0.13268009, -0.13592142, -0.13911505, -0.14219467, -0.14542984, -0.14852260, -0.15146518, -0.15431600, -0.15679207, -0.15936429, -0.16202099, -0.16437495, -0.16682087, -0.16943793, -0.17188880, -0.17427151, -0.17661844, -0.17886020, -0.18141471, -0.18319715, -0.18465022, -0.18594204, -0.18736452, -0.18922123, -0.19093704, -0.19247924, -0.19426659, -0.19636638, -0.19867856
 -0.12113810, -0.14625818, -0.17121659, -0.19532020, -0.21646841, -0.23411039, -0.24729638, -0.25585680, -0.25850000, -0.25614541, -0.24953879, -0.23938970, -0.22617039, -0.21064023, -0.19362317, -0.17528998, -0.15619813, -0.13718612, -0.11809218, -0.09927741, -0.08112023, -0.06379364, -0.04811227, -0.03393322, -0.02104737, -0.00976441,  0.00036545,  0.00947801,  0.01759512,  0.02507028,  0.03161531,  0.03752723,  0.04348852,  0.04908143,  0.05433169,  0.05969221,  0.06507931,  0.07058311,  0.07630733,  0.08194040,  0.08841899,  0.09509022,  0.10171564,  0.10800602,  0.11357786,  0.11904129,  0.12440880,  0.12918159,  0.13341837,  0.13728774
 -0.32546795, -0.34567885, -0.34703696, -0.32213932, -0.28056682, -0.22562083, -0.16136522, -0.09131427, -0.03583310,  0.01541285,  0.06449948,  0.10834741,  0.14325053,  0.16836850,  0.18147046,  0.18756821,  0.18976222,  0.18683829,  0.17804566,  0.16525639,  0.15043331,  0.13169555,  0.11147020,  0.09197246,  0.07153247,  0.05189647,  0.03289882,  0.01433094, -0.00268154, -0.01588038, -0.02515242, -0.03176939, -0.03797747, -0.04248157, -0.04513546, -0.04625663, -0.04514551, -0.04291440, -0.03989289, -0.03950301, -0.04138192, -0.04429681, -0.04762481, -0.05184019, -0.05640598, -0.06153816, -0.06676869, -0.07016677, -0.07222786, -0.07434709
 -0.53245501, -0.35323951, -0.15410928, -0.00284182,  0.11688610,  0.19285682,  0.21544783,  0.17942982,  0.18565410,  0.18738840,  0.16315929,  0.11728345,  0.06400908,  0.01022606, -0.02274976, -0.04648581, -0.07582628, -0.10743864, -0.13035267, -0.14743489, -0.16313304, -0.16250800, -0.15828436, -0.15954391, -0.15516221, -0.15105556, -0.14096914, -0.11912688, -0.08756664, -0.05666074, -0.03531371, -0.02125709,  0.00144999,  0.02479062,  0.04542212,  0.06392757,  0.07193404,  0.06982773,  0.05668464,  0.04581018,  0.04419551,  0.04521514,  0.04694055,  0.05162997,  0.05551847,  0.06505206,  0.08048632,  0.08897608,  0.09050926,  0.08756306
 -0.19784275, -0.05228201,  0.08079627,  0.18481052,  0.14633466,  0.04121555, -0.03258991,  0.03158135, -0.00330307, -0.09627794, -0.18426719, -0.21042716, -0.17123380, -0.07876845,  0.01282078,  0.10055498,  0.17757692,  0.21805757,  0.20558748,  0.16371279,  0.12396147,  0.05411221, -0.05434474, -0.16373889, -0.25136942, -0.25690465, -0.17759889, -0.05642721,  0.06049790,  0.15452356,  0.21045625,  0.21808653,  0.17209615,  0.09146614, -0.00935943, -0.11873243, -0.19811148, -0.21995628, -0.15313937, -0.04569373,  0.05498407,  0.12133256,  0.15395513,  0.15078619,  0.11452234,  0.04059336, -0.05392893, -0.11442284, -0.11220582, -0.08104181
  0.16545121, -0.01622024, -0.18802677, -0.23623371, -0.07327378,  0.13891338,  0.24338527,  0.13626284,  0.05131733,  0.02799075,  0.03296150,  0.00134656, -0.06765354, -0.14937693, -0.20389628, -0.20767154, -0.15162550, -0.05462728,  0.06896724,  0.17126722,  0.20657433,  0.20274134,  0.18203854,  0.14807169,  0.09703069, -0.01228176, -0.14858976, -0.24232087, -0.24750286, -0.16331982, -0.03306826,  0.09117922,  0.17829218,  0.19755427,  0.15577003,  0.09318901,  0.01925704, -0.06312380, -0.15416452, -0.21073871, -0.17389366, -0.06875757,  0.04016531,  0.10457850,  0.11418763,  0.10363123,  0.08355231,  0.02520752, -0.06714463, -0.12772173
 -0.30312586,  0.04580647,  0.29127391,  0.30657618, -0.02687389, -0.31958513, -0.29639698,  0.10794336,  0.25413918,  0.14527799, -0.05088163, -0.14906546, -0.13043951, -0.04321898,  0.01221629,  0.01976089, -0.00127763, -0.02535202, -0.04880317, -0.00858596,  0.11726760,  0.19994268,  0.17977438,  0.08545649, -0.03198185, -0.04576084,  0.00433395,  0.01719730, -0.04738685, -0.14025268, -0.17665919, -0.12821092, -0.03103790,  0.09823351,  0.18934594,  0.16742124,  0.07720128, -0.01889976, -0.05019541, -0.06641344, -0.13898118, -0.20640903, -0.18733264, -0.07645897,  0.06501636,  0.12164450,  0.08404249,  0.05541583,  0.06686792,  0.03502093
  0.00620024,  0.27350492,  0.18806786, -0.20755697, -0.45145633, -0.24673429,  0.12985419,  0.23294736,  0.09566891, -0.07089897, -0.09068248,  0.04329972,  0.18614696,  0.22213294,  0.18723290,  0.10218414, -0.01869698, -0.11093002, -0.12225252, -0.07846845, -0.07321386, -0.12857353, -0.20914380, -0.23479286, -0.13449622,  0.01706322,  0.07917615,  0.02852189, -0.04540021, -0.06592703, -0.01865627,  0.05480581,  0.13007696,  0.15248371,  0.08707059, -0.01382218, -0.06865842, -0.05876510, -0.04067347, -0.04973282, -0.05970009, -0.00118440,  0.11633109,  0.19993274,  0.17288452,  0.06988215, -0.00464555, -0.02652748, -0.04994827, -0.10989981
 -0.21032560,  0.07691627,  0.25667260, -0.09664954, -0.24631776,  0.12569194,  0.34174754,  0.10474322, -0.06210961, -0.16806396, -0.14931644, -0.01328047,  0.01821682, -0.11640585, -0.13915194, -0.07484022, -0.06009046,  0.01055230,  0.17863583,  0.28993617,  0.26248270,  0.16061444, -0.01686116, -0.16450266, -0.13349152, -0.01371365,  0.03929522,  0.01976725,  0.02962857,  0.04094369, -0.00941532, -0.09165371, -0.11271380, -0.10524329, -0.10566748, -0.08766770, -0.00305305,  0.11515089,  0.15626630,  0.11690754, -0.01249953, -0.11738624, -0.12505490, -0.11783432, -0.16302610, -0.16202300, -0.03426828,  0.14003548,  0.24509573,  0.18197967
  0.07677801,  0.11209356, -0.10488913, -0.10285281,  0.08319814,  0.11874833, -0.04089629, -0.06015135, -0.03917717,  0.00279099,  0.02107921, -0.04210503, -0.14127267, -0.12603442, -0.01398567,  0.09470734,  0.21158935,  0.32472785,  0.30656144,  0.14576646, -0.07152248, -0.27499668, -0.33610723, -0.21932388, -0.05369768,  0.06395827,  0.09646786,  0.07517237,  0.00143809, -0.12040294, -0.19657880, -0.17445838, -0.10787955, -0.01741226,  0.08965170,  0.17228563,  0.18543047,  0.09023208, -0.05367020, -0.15117443, -0.17979465, -0.12552147, -0.05851126, -0.00378257,  0.09501408,  0.19184805,  0.20028160,  0.11924171,  0.00352147, -0.04995706
 -0.06131499, -0.14652879,  0.08580516,  0.07316698, -0.02645027,  0.10144320,  0.23218090,  0.07078133, -0.02382730, -0.13324943, -0.23105042, -0.19995269, -0.09699834, -0.05075809,  0.06522320,  0.20420429,  0.20447409,  0.11397419,  0.01483665, -0.10232031, -0.19714613, -0.14824163,  0.02788113,  0.17794067,  0.26840519,  0.26192647,  0.12270520, -0.09407236, -0.22815214, -0.23858864, -0.15670236, -0.03264312,  0.07749405,  0.14440743,  0.13166636,  0.01807442, -0.11712081, -0.16054893, -0.12125871,  0.02473202,  0.09890735,  0.07860354,  0.03467272, -0.00465556, -0.07490754, -0.15855162, -0.16865111, -0.05511159,  0.13497935,  0.26005719
  0.24905841, -0.44997190, -0.05463938,  0.23805988, -0.09647242, -0.31424070,  0.26432627,  0.16085315,  0.10818435,  0.10974273,  0.00083520, -0.10475528,  0.02583093, -0.02999773, -0.25010838, -0.20462899, -0.00507367,  0.00776006,  0.04617557,  0.12405546,  0.01865025, -0.06816864, -0.04136627, -0.08764390, -0.05999056,  0.05613295,  0.23640637,  0.25284818,  0.12597379,  0.06074040,  0.02373008, -0.06513234, -0.12172324, -0.07744411,  0.02842889,  0.10806264,  0.04639894,  0.01226441, -0.05266767, -0.06713977,  0.02890773,  0.03189908,  0.01215771,  0.10218954,  0.10212926, -0.02446023, -0.13796353, -0.19711408, -0.14602637,  0.05316738
 -0.30443197,  0.22045455,  0.01280775, -0.26242435, -0.03780634,  0.24393868, -0.09246216,  0.09419868,  0.18914972,  0.12954373,  0.06131768, -0.01536636, -0.25246342, -0.29203535, -0.09912697, -0.00539086, -0.06312491, -0.04539518, -0.04435986, -0.09062548,  0.00403838,  0.07616172,  0.00588578,  0.04045251,  0.12018846,  0.19052592,  0.19673553,  0.22958994,  0.25693337,  0.15935226, -0.02746829, -0.11888762, -0.05827595,  0.02249542,  0.04403399,  0.02242476,  0.03161079, -0.02973549, -0.03984095, -0.04824740, -0.03319711,  0.08698050,  0.20464863,  0.12942495, -0.02713356, -0.13348590, -0.20655534, -0.21721432, -0.15232439, -0.11260618
  0.06244412,  0.11166034, -0.35741044, -0.09051422,  0.29123028,  0.02979645, -0.12199689,  0.18333576,  0.13525983, -0.06680267, -0.19903264, -0.21603883, -0.01881601,  0.29538808,  0.28029663, -0.09509706, -0.29709229, -0.14799301,  0.03383318,  0.17738128,  0.18872720,  0.00518250, -0.10291714, -0.07682255, -0.07673749, -0.06279343,  0.03689503,  0.15272014,  0.08977879, -0.10539034, -0.16249430, -0.04103987,  0.06889229,  0.05416738,  0.03183287,  0.06078575,  0.03895012, -0.03616282, -0.06840985, -0.04364471,  0.03226532,  0.10161353,  0.00602229, -0.10209536, -0.08901541, -0.08573448, -0.11244404, -0.06002825,  0.09535751,  0.26136805
 -0.16604155,  0.07411816,  0.05981232,  0.13738042,  0.08352215, -0.07202756, -0.25118539, -0.04125895, -0.07941865, -0.09628039,  0.10177159,  0.34130915,  0.28784653,  0.02467619, -0.27647669, -0.37707879, -0.14101752,  0.17586795,  0.21161379,  0.04117507, -0.06859760, -0.07781139, -0.08643714, -0.05421008,  0.00211497,  0.11007243,  0.15289010,  0.09186476, -0.04894452, -0.12454406, -0.04653077,  0.08020334,  0.17441726,  0.19166673,  0.12445033, -0.00701396, -0.10930694, -0.17762612, -0.10746611, -0.02657357,  0.03391549,  0.08272754,  0.07644761, -0.01785345, -0.12603461, -0.16786892, -0.07977247,  0.08851472,  0.13670815, -0.06743412
  0.03167385,  0.11087564, -0.19754208, -0.09280934, -0.03369643, -0.23764774,  0.04190582,  0.24667757,  0.20725695,  0.18395036,  0.12350770, -0.10883344, -0.22605962, -0.17356740, -0.08900128, -0.01549505,  0.10983857,  0.09376861, -0.06507870, -0.05899759, -0.02922403, -0.07044160, -0.08498136, -0.05134121,  0.03151966,  0.09544152,  0.12123667,  0.07853899, -0.02353477, -0.01685203,  0.16146245,  0.28998490,  0.26883276,  0.03797302, -0.17776744, -0.18493100, -0.12086167, -0.02525653,  0.03882640,  0.05288963,  0.08658739,  0.03334444, -0.21088310, -0.34078502, -0.21736842,  0.00973735,  0.19462229,  0.15997292,  0.01553442, -0.00425807
 -0.03259275, -0.03544002,  0.03431179, -0.02553271, -0.03120287,  0.06947898, -0.12761600, -0.02124841,  0.10870409,  0.07544830, -0.01521076,  0.03701103,  0.02122278, -0.01786996,  0.02904743, -0.03219266, -0.21606699, -0.11406625,  0.15086802,  0.17530369, -0.02333088, -0.26054629, -0.21439869,  0.08546334,  0.24944192,  0.17640196, -0.06922599, -0.16353118,  0.05920874,  0.24385288,  0.21087959,  0.12173560, -0.00032480, -0.00183689,  0.05680309, -0.04842837, -0.15512386, -0.13134824,  0.01550110,  0.15080041, -0.05677145, -0.35226191, -0.29574541,  0.00449909,  0.25166555,  0.17727987, -0.14727421, -0.18346447,  0.08335749,  0.16674077
  0.06264367, -0.00993801,  0.00300337,  0.00401745, -0.08615063, -0.10445250,  0.05025714, -0.01099638,  0.09567958,  0.16054586,  0.02587238, -0.13983356, -0.07981245,  0.05198990,  0.04930879, -0.08460899, -0.07120662,  0.10812208,  0.19930840,  0.04921896, -0.24354213, -0.24058468,  0.12134606,  0.27793007,  0.04111205, -0.24863370, -0.21820936,  0.08089611,  0.23106856,  0.02429173, -0.15519694, -0.06662855,  0.11380008,  0.14829913, -0.06239465, -0.25017555, -0.10651441,  0.19465110,  0.19414635, -0.04769777, -0.25340562, -0.11329741,  0.16905113,  0.18299184, -0.05042318, -0.20843147, -0.07442301,  0.16435470,  0.15394901, -0.03051303
  0.03771984,  0.10204150, -0.10546778,  0.08154341,  0.06364954, -0.25338215,  0.09867938, -0.04348694, -0.23973237,  0.08299955,  0.37593535,  0.04480133, -0.19234985, -0.08317139,  0.04379240,  0.08780071,  0.09315472, -0.11281808, -0.16368386,  0.16342054,  0.24386026, -0.00889586, -0.21681563, -0.11163637,  0.10679447, -0.01146914, -0.15599258, -0.10256088,  0.00536825,  0.08701235, -0.05747581, -0.28325703, -0.06332752,  0.22416668,  0.24678709,  0.06401889, -0.22950151, -0.14732537,  0.14114093,  0.12620681,  0.06928690,  0.05660711,  0.01771133,  0.08947054, -0.03541698, -0.20893123, -0.03539312,  0.06560810,  0.01111010,  0.03771986
  0.12225839, -0.22061575,  0.23831868, -0.00921792, -0.24982020,  0.28489327, -0.15331979, -0.32091548,  0.03786577,  0.33538811,  0.04074129, -0.09172852,  0.02117103,  0.06230937, -0.05468647,  0.10331637, -0.04323735, -0.25004274,  0.08737119,  0.13472127,  0.06839910, -0.00346429, -0.13370843, -0.06572657, -0.06564685, -0.05858631,  0.09118330,  0.05718520, -0.04026388, -0.00986550, -0.17391927, -0.02235501,  0.21010940,  0.20855848,  0.05533105, -0.11236249, -0.06764200,  0.01604548, -0.00697574, -0.06414214,  0.12313051,  0.09674721,  0.03775865, -0.10713849, -0.24272955,  0.07563624,  0.18812776, -0.09480074, -0.15694258,  0.12324580
 -0.13315436,  0.23678066, -0.45615237,  0.56063165, -0.40604221,  0.26083390,  0.01721971,  0.05590034, -0.17288184,  0.08131292, -0.10885565, -0.03573571, -0.00283044,  0.05669120,  0.02928958, -0.06069272,  0.04078847, -0.06191680, -0.04112110,  0.07562198, -0.06840614,  0.04884579, -0.04110482,  0.08370709,  0.02176733,  0.04466528,  0.03925770,  0.06070480, -0.02133439,  0.02999189,  0.00776057, -0.03367533,  0.07166662, -0.13478261,  0.05886059, -0.03806429, -0.01563650,  0.01889094,  0.02602212, -0.04251927,  0.02347551, -0.03708630, -0.06762405,  0.08676876, -0.02737959,  0.02441690,  0.08159496, -0.03089402,  0.02009785, -0.12845534
  0.03631412,  0.19225439, -0.02095460, -0.08056418, -0.07610251, -0.12389547, -0.11394230,  0.08377886,  0.00143253,  0.11563177,  0.05363107,  0.00908065,  0.14332842, -0.07588311, -0.19293025,  0.11440109,  0.08052283,  0.03967405,  0.14953628, -0.10895506, -0.09878959,  0.07865591, -0.10998608,  0.04853744,  0.04345855, -0.25216581, -0.11321782, -0.13388217, -0.15249094,  0.20238731,  0.03187783, -0.03295811,  0.18449569, -0.19052272, -0.08974954,  0.29876822,  0.09864383,  0.07426642,  0.01876755, -0.29854925,  0.09405720,  0.11389850, -0.13186439,  0.15873237, -0.07444707, -0.20439625, -0.01790796, -0.23977466,  0.10858280,  0.36299787
  0.19341556, -0.03246059, -0.08853912, -0.02345765, -0.16989107,  0.01473095,  0.01102189, -0.07121946,  0.08709155,  0.10820496, -0.02201124,  0.16381753, -0.03242030, -0.16928557,  0.09427584,  0.07141342,  0.01112211,  0.09586313, -0.10743236, -0.13127748,  0.08558966, -0.06108405,  0.02196238,  0.04436008, -0.26996593, -0.08552747, -0.03406773, -0.10060435,  0.22172579,  0.10433223, -0.03473391,  0.20661195, -0.13494240, -0.08106445,  0.35382357,  0.08118492,  0.01457805, -0.03179743, -0.35301772, -0.00314933,  0.11713957, -0.18168057,  0.12987077, -0.06532552, -0.26591961,  0.05242364, -0.17028110,  0.05888788,  0.35318947,  0.02443952
 -0.12255451,  0.03457647,  0.00582681, -0.02065282,  0.26319022, -0.18591954,  0.18481007, -0.04858042, -0.10727040,  0.02914427, -0.06933906, -0.06749797,  0.10862752, -0.10578896,  0.06465513,  0.05432779, -0.22181154,  0.08547383,  0.05253543, -0.10617384,  0.16547907,  0.01195602, -0.10898436,  0.15782991, -0.01064663,  0.01781158,  0.26568721, -0.10365122, -0.03766238,  0.02292004, -0.24728675,  0.01228876,  0.09984872, -0.13363472,  0.02901918, -0.11180987, -0.24998084,  0.24076222,  0.08223695, -0.04862544,  0.24118787, -0.16932945,  0.01169959,  0.22098434, -0.13376960,  0.17902038,  0.18804398, -0.25796268,  0.06063456, -0.22175070
 -0.01366419,  0.13685600, -0.01057733,  0.10228326, -0.07098901, -0.12550565, -0.07638375, -0.10332204,  0.11487645,  0.12133870,  0.01314146,  0.03071738, -0.07140891, -0.03396083,  0.00243754, -0.15138897,  0.09199730,  0.14391485, -0.06961539,  0.17005880,  0.13088675, -0.10438078, -0.04094984, -0.07894316, -0.03831715,  0.16001117, -0.13997334, -0.31000453, -0.14282314, -0.19503501, -0.08003982,  0.06825196,  0.05615640,  0.01814602, -0.13171341, -0.12542395,  0.31895510,  0.30879117,  0.11137155,  0.19697674,  0.07598274,  0.09620751,  0.23651689, -0.06955611, -0.00310134,  0.09895360, -0.33138199, -0.28798913, -0.01659384,  0.01907232
 -0.12212315,  0.08479769,  0.00509150, -0.02887538,  0.05019070, -0.05032294,  0.15923746,  0.00693380, -0.11113883, -0.07174387, -0.03812407, -0.03278144,  0.17320181,  0.12325188, -0.14583855, -0.14025669,  0.19513037,  0.06147420, -0.27128785,  0.05197690,  0.05889011, -0.15884675,  0.06278863,  0.15341182,  0.02275134,  0.02687091, -0.04300237, -0.07250784,  0.24688150,  0.30858080, -0.07781997, -0.28859832,  0.12530643,  0.19427682, -0.18051551, -0.07281013,  0.11748033, -0.14424258, -0.23911120, -0.08759397, -0.12632548,  0.00258240,  0.07179544, -0.19437674, -0.09168220,  0.27892039,  0.17349621, -0.15990713,  0.06880797,  0.12621346
  0.00427944, -0.08756976,  0.07842809,  0.04311819, -0.08084321,  0.04557437, -0.08882897,  0.13500840,  0.01474543, -0.06472828, -0.02440083, -0.04236651, -0.11113067,  0.17886720,  0.13788895, -0.23148950, -0.09338769,  0.27691554, -0.00899025, -0.24941572,  0.16629762,  0.05051294, -0.22972736,  0.03396109,  0.16470144,  0.02473915, -0.01998483, -0.09108479, -0.14912202,  0.16353617,  0.28153320, -0.07729296, -0.23731498,  0.16995783,  0.13300178, -0.21200476,  0.11015185,  0.24557097, -0.14497698, -0.12234189,  0.01863819, -0.07079202,  0.02999056,  0.09669762, -0.19504290, -0.13113172,  0.16954376,  0.06555768, -0.21205216,  0.13503278
  0.02120321, -0.07043637,  0.05083833,  0.03478702, -0.08279981,  0.04700157,  0.04265131,  0.03297178, -0.05266293, -0.11862644,  0.04060125,  0.15904150, -0.03634733, -0.07705379,  0.00359951,  0.00536156,  0.00675584,  0.05342741, -0.02478346, -0.15296464,  0.10932458,  0.15072977, -0.18062389, -0.02054276,  0.25130820, -0.10305883, -0.27642373,  0.19811690,  0.29179962, -0.15557947, -0.26727926,  0.02941916,  0.11050034,  0.07485714, -0.06279774, -0.20855725,  0.04387920,  0.16175979, -0.17600552, -0.15906465,  0.29528471,  0.10820654, -0.30374178, -0.05671680,  0.29200577,  0.07997736, -0.15275547,  0.02449183,  0.04319397, -0.02334843
  0.05298303, -0.03526459, -0.07085814,  0.07813496, -0.00671683, -0.07471190,  0.00851457,  0.04526976,  0.11465097, -0.04211406, -0.14123940,  0.04573597,  0.07402531, -0.06194221,  0.02821071,  0.04903460, -0.10243925, -0.00454819,  0.18747097, -0.08589428, -0.19949607,  0.18980722,  0.09130964, -0.27096070,  0.04306705,  0.28066595, -0.14816941, -0.26074727,  0.14772473,  0.20309802, -0.05498432, -0.10548332, -0.08696737,  0.02190865,  0.20874052, -0.04580986, -0.26063582,  0.14222638,  0.21063335, -0.25224024, -0.13218554,  0.30661633,  0.06375848, -0.27501624, -0.03326162,  0.16255318, -0.00004042, -0.00791667,  0.01857819, -0.01403288
  0.00043617, -0.01388325, -0.05326405,  0.04841954, -0.01759099, -0.00618359,  0.09728727,  0.03062124, -0.21959378, -0.20385183,  0.18266722,  0.17999915, -0.18403099, -0.12981514,  0.23011106,  0.05769028, -0.16519947,  0.02908805,  0.13626872, -0.06515527, -0.22452554,  0.01675639,  0.24419900, -0.04232214, -0.30489339, -0.06440574,  0.16842064,  0.03179801, -0.03516113,  0.11520991,  0.02798564, -0.06998375,  0.23935188,  0.33314406,  0.06924072,  0.01616189,  0.16521930,  0.14999184, -0.00386349,  0.08530614, -0.02636383, -0.13355301, -0.22065178, -0.10650480, -0.00361570, -0.00327178, -0.09326947, -0.22083262, -0.17306354,  0.12316487
  0.01206937, -0.00809602,  0.03826554,  0.04554958, -0.04160511, -0.00217633,  0.03060616, -0.11531668, -0.13587519,  0.19356082,  0.30516147, -0.05857243, -0.20227421,  0.10385553,  0.16813302, -0.12623333, -0.12685937,  0.09465665,  0.04585811, -0.14155795, -0.00562046,  0.20843140,  0.08961789, -0.21772100, -0.07044141,  0.24001571,  0.12464676, -0.08781217, -0.02204313, -0.00011781, -0.11824694,  0.01034101,  0.05554758, -0.20163450, -0.31474591, -0.14217947, -0.09096579, -0.17417942, -0.20517950, -0.10506925, -0.13875744, -0.01986250,  0.10778738,  0.20001027,  0.16747767,  0.07212264, -0.00239597,  0.09464511,  0.19692271,  0.27992907
  0.07757452,  0.02094179, -0.06748264,  0.06005803, -0.00600625, -0.06184893, -0.15800636,  0.14286715,  0.20265161, -0.12222032, -0.01751314,  0.32204729, -0.04813693, -0.26617689,  0.03822008,  0.15304817, -0.01731348, -0.18716936,  0.04526582,  0.21990936, -0.00984040, -0.12930465,  0.06755364,  0.15916319, -0.08021624, -0.10025747,  0.13370514,  0.02552466, -0.24805454, -0.00908693,  0.06559371, -0.26999468, -0.20924026,  0.00666633, -0.16073598, -0.35668422, -0.07575545,  0.00433385, -0.14574160, -0.11547962,  0.13291914,  0.16514680,  0.10612881,  0.11047802,  0.07950084,  0.14142513,  0.08239752,  0.07372374,  0.10494635,  0.12882078
 -0.09758383,  0.12254197, -0.08991843,  0.03440935,  0.09153407, -0.02761570,  0.15659075, -0.38664534,  0.04863334,  0.07008331, -0.03759473,  0.01819641,  0.21991122, -0.19679684,  0.04701298,  0.05028069,  0.01857496,  0.06651229, -0.25965502,  0.03868655,  0.06093683,  0.01942159,  0.00652466, -0.07508417,  0.02373436, -0.05632849,  0.04676430,  0.23381328, -0.00259098, -0.24176760,  0.26733162,  0.14403542, -0.06222816,  0.08648605,  0.12011597, -0.10703747, -0.16695092,  0.21255903, -0.04933628, -0.16686518, -0.35047646,  0.02780609, -0.05158270, -0.01259409,  0.11102108, -0.08529269,  0.04462355, -0.15458889,  0.01812676,  0.27322625
 -0.01022500, -0.16227318,  0.02528214,  0.10325941,  0.11336616,  0.01707779, -0.14645550,  0.23302224, -0.21489962, -0.13532416, -0.03315372,  0.17476631, -0.02774943, -0.06030163, -0.04314159,  0.13681320,  0.18848314, -0.26842520, -0.07575472, -0.06034697,  0.23823796, -0.08647779, -0.09773111,  0.00320201,  0.01649193,  0.12982880,  0.03598790,  0.03787115,  0.02898530,  0.04864170, -0.10502228,  0.25388880,  0.18230667, -0.05473423, -0.04668235, -0.03492222,  0.03080044,  0.12564476,  0.15859316, -0.23160224, -0.34246666, -0.14970916,  0.10167315,  0.13092623, -0.20886971,  0.11206141, -0.21346272,  0.16416650, -0.11741081,  0.13460956
 -0.09635633, -0.03723111,  0.09567857,  0.07488777,  0.02030104, -0.08948582,  0.06942802,  0.00102555, -0.15969916,  0.01159830,  0.02120508,  0.09776960, -0.22072677,  0.15315291, -0.05689153,  0.25205552, -0.24408611, -0.05090213, -0.04868692,  0.18609147, -0.04270902, -0.09445298, -0.01981709, -0.00078067,  0.12313995,  0.02155225,  0.04674662, -0.04514854,  0.06163567, -0.03619414,  0.14099595,  0.12346350,  0.02390376, -0.07318673,  0.02170292, -0.01891382,  0.22710473, -0.01697612,  0.01151478, -0.39016447,  0.12391383, -0.15321801,  0.30674562, -0.32927759,  0.17845728, -0.26299946,  0.16322492, -0.08946419,  0.12789440, -0.10951724
 -0.12820874, -0.02274165,  0.14910374,  0.07163541, -0.02523115, -0.09574820,  0.09230702, -0.06111234, -0.03659969, -0.13939492,  0.27500962, -0.23369234,  0.04745936, -0.10627488,  0.26251887, -0.03631061, -0.08065128, -0.24804906,  0.13113098,  0.19175112, -0.08019972, -0.08890191, -0.10476022,  0.11592220,  0.09337427,  0.08247601, -0.04003291, -0.03714345,  0.04009379,  0.00342201,  0.13620945,  0.13791743, -0.06171127, -0.02471363, -0.08359192,  0.16511562,  0.14025361,  0.14173502, -0.30660274, -0.07936129, -0.12318385,  0.34718363, -0.14583443,  0.07234571, -0.25080892,  0.05388623, -0.02934729,  0.03894589,  0.11725000, -0.23980452
 -0.03158041,  0.04661352, -0.00131266, -0.00585837, -0.00961621, -0.01262855,  0.04052599, -0.04442745, -0.00395492,  0.01576589,  0.05062120, -0.11005476,  0.12849140, -0.13761081,  0.17862357, -0.19141413,  0.15497597, -0.18771368,  0.24287723, -0.21815707,  0.19493881, -0.22625557,  0.22863501, -0.18743087,  0.19309093, -0.19341969,  0.16712602, -0.16216322,  0.18000011, -0.20470190,  0.23417368, -0.20759053,  0.16339753, -0.17999541,  0.18458690, -0.15239945,  0.16256222, -0.16410603,  0.10739240, -0.12527318,  0.13029183, -0.05383992,  0.02808039, -0.03610001, -0.00237984,  0.04415681, -0.04958623,  0.05730780, -0.05711845,  0.02231705
  0.12080191, -0.14502773, -0.06849020,  0.08488576, -0.03540280,  0.11821681, -0.12241400, -0.05022612,  0.36610759, -0.43419491,  0.20156435, -0.03613239, -0.03508061,  0.03556405, -0.05200040,  0.00102648,  0.17905570, -0.07244298, -0.08937853, -0.02428443,  0.01662164,  0.15029603, -0.12011997, -0.10226676,  0.07571051, -0.10209344,  0.23433270, -0.22725243,  0.12732758,  0.02306714, -0.09145206, -0.00027949,  0.15186578, -0.00645044, -0.00161995, -0.05454748, -0.01027019,  0.07845694,  0.01233825,  0.13165541, -0.18538093, -0.07872208,  0.02464132,  0.04385203,  0.07699793, -0.23926347,  0.20262371, -0.20661833,  0.24041437, -0.10461104
  0.04464819, -0.03065020,  0.05881113, -0.10260642, -0.02596969,  0.12453222, -0.16767670,  0.24780632, -0.19531453, -0.02573771,  0.28925744, -0.26890509,  0.08568517,  0.10689648, -0.21908949,  0.13497730, -0.06932523,  0.14955909, -0.10710426,  0.02800772, -0.02903665,  0.04788544, -0.08404421,  0.25440233, -0.30596984,  0.05678100,  0.06257006, -0.08916724,  0.13830232, -0.26851538,  0.19094385, -0.09933072, -0.03174704, -0.09048197,  0.23879297, -0.23289874, -0.00850153, -0.01462350,  0.14971602, -0.05848965, -0.04431968,  0.14964507, -0.11206470, -0.01037496,  0.05570967,  0.13580058, -0.11201031, -0.08436374,  0.10527903,  0.03297601
  0.01665570, -0.00241181, -0.09707072, -0.04207382,  0.16725095,  0.01411492, -0.03562829, -0.11802735,  0.03293535,  0.14834757, -0.09378295, -0.23108997,  0.20703109, -0.00129214, -0.08416388,  0.06492688,  0.16778787, -0.16311657, -0.04084609, -0.00774494, -0.01970436,  0.07127556,  0.02113834, -0.10097926, -0.20192888,  0.26106040,  0.07690638, -0.06661788, -0.11400435,  0.21938767,  0.07086056, -0.09356613,  0.03875039,  0.27328279, -0.04210384, -0.16590821,  0.16813093,  0.13513936, -0.07343554, -0.19913831,  0.17429375, -0.17015372, -0.17252029,  0.10125973,  0.15462058, -0.22923528, -0.20611206,  0.23066833,  0.16579679, -0.20705107
  0.03700304, -0.04645281, -0.03581814,  0.06369772,  0.03776030, -0.06498232, -0.05042785,  0.05819751,  0.00292259,  0.08761000, -0.18556506,  0.07831892,  0.11902473, -0.11694935, -0.10592516,  0.31569066, -0.28000420,  0.11667447, -0.10771420,  0.14151025, -0.08329640,  0.04414657,  0.03047866, -0.16968542,  0.09518965,  0.10571736, -0.04125968, -0.23812862,  0.32157785, -0.18194149,  0.09329149, -0.17119876,  0.20850570, -0.06085633, -0.07021384, -0.02777362,  0.14034272,  0.01081271, -0.23009649,  0.22031931, -0.04959313, -0.02085568, -0.07192114,  0.25751876, -0.16332266, -0.12513837,  0.11356762,  0.16505978, -0.21012579,  0.04430856
  0.04318923, -0.05167572,  0.00265251,  0.03999411, -0.01603625, -0.03945759, -0.00960885,  0.02995664,  0.08672351, -0.14546261,  0.11907537, -0.12673869,  0.28147024, -0.34650588,  0.21398893, -0.04478901, -0.02715952, -0.00959809,  0.05240676, -0.02257204, -0.02307465,  0.09579601, -0.13773960,  0.12895456, -0.17581735,  0.31019322, -0.38665450,  0.21804104, -0.04766482,  0.01297136, -0.08119262, -0.01210804,  0.10004579, -0.12435408,  0.04636329, -0.10134345,  0.17584341, -0.21358781,  0.09018109,  0.02203776,  0.06416334, -0.18078389,  0.20355856, -0.05102316,  0.01826265, -0.13517959,  0.23357866, -0.07155040, -0.10396474,  0.09647101
  0.01574308,  0.00712588, -0.00865886,  0.02014537, -0.07506563,  0.10367127, -0.19331845,  0.27271571, -0.19844609,  0.07306642,  0.08064958, -0.14276546,  0.16993163, -0.10477446, -0.04382848,  0.06119141, -0.02479189, -0.00834859,  0.05184397, -0.09475476,  0.24888555, -0.36848157,  0.34765933, -0.16444890, -0.00560377,  0.06841527, -0.06880552, -0.03406761,  0.01595563,  0.03709302, -0.18686171,  0.17940887, -0.20150748,  0.08595668, -0.06111831,  0.03700607, -0.13251530,  0.17818444, -0.14812916,  0.12310332, -0.01197762,  0.09348431, -0.02330697, -0.04217835,  0.18226933, -0.23349934,  0.23936810, -0.14315481,  0.01793572,  0.00860309
 -0.05846205,  0.10077841, -0.08356270,  0.11869518, -0.10142540,  0.01890065,  0.06554824, -0.16447447,  0.20521614, -0.21257078,  0.18537305, -0.10935562,  0.04090624,  0.07789335, -0.16012392,  0.14867627, -0.11953650, -0.00531299,  0.12604104, -0.16767301,  0.19443122, -0.12156360, -0.05112877,  0.19358157, -0.14738348,  0.07561277, -0.00009069, -0.06291040,  0.05526640, -0.05671607,  0.09361676, -0.13933397,  0.08891737, -0.00220394, -0.18209814,  0.28145989, -0.27587438,  0.19722073, -0.12513493, -0.02117219,  0.11204858, -0.10605555,  0.18333623, -0.18575169,  0.11663150,  0.02596975, -0.15071606,  0.25473955, -0.24997932,  0.09863408
 -0.02671690, -0.03855626,  0.11735751, -0.06973194,  0.01477924,  0.02946096, -0.02931610, -0.01399752,  0.00619356,  0.00204497, -0.00328400, -0.01438542,  0.00076822, -0.02701855,  0.11673039, -0.11996750, -0.01757671,  0.13634671, -0.23672970,  0.20851459, -0.00451121, -0.12236280,  0.04095597,  0.04985782,  0.00315787, -0.05161531,  0.09673586, -0.00063866, -0.19505600,  0.29974484, -0.16112702, -0.07458017,  0.32464711, -0.42691254,  0.30995439, -0.07696316, -0.05499549,  0.15850948, -0.14356307,  0.03991642, -0.06594193,  0.16792780, -0.05282990, -0.14241204,  0.20879176, -0.13059362, -0.07941035,  0.22177458, -0.16471932, -0.00992222
 -0.07919660,  0.11179414, -0.02222001,  0.01572089,  0.00267364, -0.07426667,  0.12450049, -0.15253484,  0.08158432,  0.01072066, -0.08985473,  0.13431877, -0.07094608,  0.03751852,  0.01111144, -0.09188549,  0.06713361, -0.07707274,  0.07457413, -0.00943865,  0.04288301, -0.06523322, -0.07803917,  0.28781027, -0.24238620,  0.07312620,  0.15005296, -0.31872106,  0.24413491, -0.00074388, -0.22450373,  0.27213967, -0.20081164,  0.01991544,  0.03976869, -0.08644032,  0.13925768, -0.17881568,  0.10680564, -0.08969603, -0.00026837,  0.20640832, -0.21490362,  0.07144041,  0.13120864, -0.21045867,  0.14632113,  0.09265023, -0.27366714,  0.15505780
 -0.03605266,  0.02140056,  0.06967623, -0.09186739,  0.02750191,  0.04855775, -0.04477948, -0.03741503,  0.12665991, -0.16826153,  0.07423790,  0.08088289, -0.19342339,  0.18905763, -0.00783678, -0.18760206,  0.18462746, -0.02517873, -0.15074601,  0.23989295, -0.12456168, -0.15250339,  0.27814526, -0.11555843, -0.10578673,  0.24899089, -0.21638288,  0.05236169,  0.11601947, -0.13445554,  0.06747930, -0.00323893,  0.04160165, -0.11397203,  0.07568078,  0.09007545, -0.20670261,  0.13808945,  0.02567178, -0.24288540,  0.30022002, -0.14309338, -0.14789285,  0.25598098, -0.16903055, -0.00247319,  0.13270737, -0.08494048, -0.05511117,  0.07625297
  0.09344251, -0.18206745,  0.06952479,  0.05100914, -0.10708336,  0.12416960, -0.05422692, -0.05466300,  0.08451018,  0.03197240, -0.14703970,  0.12225825, -0.05656356, -0.13432401,  0.23213369, -0.03137269, -0.17166112,  0.26472572, -0.20407792, -0.08492165,  0.29296205, -0.20811866, -0.00904684,  0.06696763, -0.12300302,  0.09488334,  0.00506252, -0.00953079, -0.00648272, -0.00270607,  0.12310686, -0.16865568,  0.15992227,  0.08521772, -0.22902531,  0.24473794, -0.01409655, -0.16352147,  0.29548371, -0.19736131, -0.06076736,  0.18891286, -0.17361286,  0.05009761,  0.01118882, -0.07533712, -0.00622109, -0.01802551,  0.18887037, -0.18643857
  0.02647441, -0.05057673,  0.05364984, -0.02871479, -0.03137859,  0.08637484, -0.14287014,  0.18283874, -0.14509529,  0.07203762,  0.00489739, -0.08001910,  0.18177355, -0.25611330,  0.27236406, -0.22896103,  0.10574047,  0.06748261, -0.19427785,  0.24751727, -0.23071351,  0.17400977, -0.10534560,  0.03547689,  0.05497394, -0.15914462,  0.21157918, -0.22438441,  0.17142810, -0.08825536, -0.01582879,  0.06038765, -0.10546170,  0.14098778, -0.19708825,  0.20579687, -0.18781995,  0.07360991,  0.05334287, -0.12422823,  0.16270147, -0.16721749,  0.14591316, -0.11094604,  0.08036701, -0.00948512, -0.04955795,  0.10470359, -0.11522695,  0.07245108
  0.02803082, -0.06110690,  0.06793485, -0.07909244,  0.07476240, -0.04166491, -0.01872787,  0.09922145, -0.16778526,  0.22156435, -0.23606156,  0.20803323, -0.14793119,  0.03576709,  0.08183518, -0.17168133,  0.24032903, -0.24601858,  0.18931079, -0.11223494,  0.01451636,  0.09684608, -0.17418657,  0.18969372, -0.18798124,  0.14391723, -0.06801699, -0.01713512,  0.09990582, -0.17168259,  0.20936257, -0.20552697,  0.16398062, -0.08208947, -0.00203659,  0.08634345, -0.15665650,  0.20961621, -0.19887153,  0.17264415, -0.11670409,  0.03910801,  0.04760852, -0.10828281,  0.14039394, -0.15644027,  0.14020526, -0.12473250,  0.10829603, -0.05642544
