 -0.14159435, -0.14158934, -0.14158576, -0.14158570, -0.14158715, -0.14158925, -0.14159187, -0.14159454, -0.14159222, -0.14158842, -0.14158405, -0.14157834, -0.14157059, -0.14156072, -0.14154781, -0.14153394, -0.14152021, -0.14150587, -0.14149118, -0.14147670, -0.14146288, -0.14144892, -0.14143497, -0.14142188, -0.14140918, -0.14139701, -0.14138548, -0.14137439, -0.14136382, -0.14135459, -0.14134631, -0.14133869, -0.14133137, -0.14132426, -0.14131733, -0.14131084, -0.14130494, -0.14129944, -0.14129442, -0.14128857, -0.14128302, -0.14127769, -0.14127258, -0.14126725, -0.14126153, -0.14125585, -0.14125031, -0.14124502, -0.14123982, -0.14123449
  0.33975364,  0.36019107,  0.36356034,  0.34214368,  0.30487741,  0.25429831,  0.19404959,  0.12700781,  0.07329969,  0.02326103, -0.02529807, -0.06969816, -0.10633084, -0.13430828, -0.15139250, -0.16190260, -0.16875074, -0.17100375, -0.16757481, -0.16012033, -0.15052903, -0.13693581, -0.12187900, -0.10735800, -0.09168248, -0.07666461, -0.06196811, -0.04732665, -0.03381798, -0.02351415, -0.01685661, -0.01269571, -0.00863662, -0.00613012, -0.00539498, -0.00598286, -0.00869188, -0.01254702, -0.01726335, -0.01972779, -0.01965721, -0.01844227, -0.01676632, -0.01430160, -0.01169887, -0.00841158, -0.00483727, -0.00309142, -0.00277680, -0.00251603
 -0.16246512, -0.08203830,  0.00200444,  0.07679818,  0.14167559,  0.19403068,  0.23005655,  0.24811411,  0.26430404,  0.27095607,  0.26550100,  0.25032625,  0.22886715,  0.20366041,  0.18028721,  0.15572514,  0.12807810,  0.10015286,  0.07302371,  0.04663937,  0.02071841, -0.00145521, -0.01991551, -0.03696250, -0.05097741, -0.06228017, -0.07104427, -0.07642884, -0.07871256, -0.08076081, -0.08289230, -0.08524470, -0.08666167, -0.08725805, -0.08751666, -0.08850232, -0.09144426, -0.09642933, -0.10405908, -0.11066293, -0.11809835, -0.12585339, -0.13376278, -0.14051643, -0.14562147, -0.14974599, -0.15286747, -0.15588039, -0.15882366, -0.16146824
 -0.49054886, -0.33258512, -0.14883338, -0.01353953,  0.09198096,  0.15368648,  0.16190720,  0.11196234,  0.11293282,  0.11439155,  0.09190874,  0.04855242, -0.00123454, -0.05081278, -0.07825455, -0.09416641, -0.11504098, -0.13938057, -0.15431686, -0.16301398, -0.17007693, -0.15989624, -0.14848568, -0.14491310, -0.13689608, -0.13110064, -0.11919867, -0.09467881, -0.05977148, -0.02473936, -0.00088818,  0.01457995,  0.04051846,  0.06694218,  0.08995171,  0.11104819,  0.12077641,  0.11957602,  0.10702742,  0.09592244,  0.09695283,  0.10148968,  0.10724963,  0.11584094,  0.12197413,  0.13439899,  0.15340396,  0.16377141,  0.16547692,  0.16091120
 -0.19904553, -0.05314250,  0.08039811,  0.18492735,  0.14653455,  0.04139595, -0.03217990,  0.03292659, -0.00175202, -0.09533665, -0.18440198, -0.21162107, -0.17325025, -0.08123457,  0.01016050,  0.09802460,  0.17558907,  0.21695409,  0.20548891,  0.16465098,  0.12593365,  0.05673054, -0.05174426, -0.16178629, -0.25056620, -0.25728260, -0.17889890, -0.05828624,  0.05850011,  0.15291110,  0.20974834,  0.21860862,  0.17380936,  0.09404681, -0.00649723, -0.11633162, -0.19671491, -0.21976060, -0.15384720, -0.04688145,  0.05373767,  0.12048492,  0.15393703,  0.15180158,  0.11644568,  0.04294432, -0.05173988, -0.11273455, -0.11108787, -0.08053110
 -0.17421007,  0.01329170,  0.19201502,  0.24429930,  0.07757341, -0.14117530, -0.24880819, -0.13635675, -0.04867694, -0.02673697, -0.03537219, -0.00632519,  0.06223549,  0.14548509,  0.20168558,  0.20691539,  0.15191744,  0.05536405, -0.06861343, -0.17090681, -0.20446708, -0.19912751, -0.17887668, -0.14711423, -0.09929705,  0.00869650,  0.14603155,  0.24143208,  0.24740888,  0.16317626,  0.03278018, -0.09099233, -0.17709046, -0.19479304, -0.15177334, -0.08965029, -0.01740462,  0.06320725,  0.15417567,  0.21134539,  0.17424999,  0.06827772, -0.04059276, -0.10350496, -0.11088472, -0.09918765, -0.07964666, -0.02187694,  0.07085182,  0.13112677
 -0.29918391,  0.04822072,  0.28890836,  0.30021703, -0.03216505, -0.31958423, -0.29141143,  0.11288479,  0.25693871,  0.14645007, -0.04993583, -0.14800232, -0.12998211, -0.04434247,  0.00942123,  0.01564681, -0.00568504, -0.02854938, -0.04964648, -0.00702161,  0.11982282,  0.20228258,  0.18190156,  0.08779355, -0.02908033, -0.04318867,  0.00497640,  0.01538357, -0.05059588, -0.14313246, -0.17756048, -0.12662477, -0.02766437,  0.10208472,  0.19235487,  0.16904501,  0.07756604, -0.01963267, -0.05235067, -0.06959972, -0.14215309, -0.20808044, -0.18706526, -0.07501010,  0.06653120,  0.12247904,  0.08417028,  0.05476106,  0.06500135,  0.03240200
 -0.00486159, -0.27179827, -0.18773983,  0.20723216,  0.44978080,  0.24438008, -0.13040344, -0.22983195, -0.09191926,  0.07345474,  0.09155056, -0.04372360, -0.18706640, -0.22283452, -0.18799463, -0.10329234,  0.01774261,  0.11077997,  0.12303350,  0.08052677,  0.07650552,  0.13206975,  0.21237650,  0.23751639,  0.13638111, -0.01565853, -0.07823673, -0.02838250,  0.04440919,  0.06399363,  0.01692072, -0.05547694, -0.12994538, -0.15174618, -0.08616977,  0.01404932,  0.06778556,  0.05673361,  0.03786355,  0.04664456,  0.05627257, -0.00224492, -0.11942957, -0.20241053, -0.17448328, -0.07141227,  0.00225216,  0.02338252,  0.04653318,  0.10681969
  0.21063306, -0.07653593, -0.25663849,  0.09655897,  0.24651837, -0.12547599, -0.34197105, -0.10530475,  0.06160617,  0.16782202,  0.14932669,  0.01333430, -0.01822592,  0.11652777,  0.13959248,  0.07555989,  0.06100278, -0.00957448, -0.17784435, -0.28958214, -0.26265875, -0.16123252,  0.01605113,  0.16381626,  0.13306426,  0.01343384, -0.03957532, -0.02009948, -0.03006374, -0.04154783,  0.00869693,  0.09099386,  0.11226340,  0.10506894,  0.10577588,  0.08801332,  0.00347990, -0.11489983, -0.15637949, -0.11737268,  0.01189399,  0.11689804,  0.12480171,  0.11782532,  0.16331990,  0.16264412,  0.03503824, -0.13944249, -0.24493379, -0.18220633
 -0.07769411, -0.11266785,  0.10348148,  0.10206311, -0.08296106, -0.11822307,  0.04093909,  0.06106207,  0.03992714, -0.00256420, -0.02130660,  0.04154822,  0.14028746,  0.12488486,  0.01272312, -0.09616276, -0.21298929, -0.32577867, -0.30780474, -0.14769235,  0.06917077,  0.27262114,  0.33450763,  0.21917123,  0.05467887, -0.06231203, -0.09467494, -0.07354160, -0.00009588,  0.12150637,  0.19779154,  0.17609632,  0.10972071,  0.01917232, -0.08807506, -0.17108439, -0.18470067, -0.08995346,  0.05404537,  0.15219776,  0.18147401,  0.12772382,  0.06084876,  0.00592141, -0.09311195, -0.19040242, -0.19950394, -0.11877863, -0.00274827,  0.05132258
  0.06119309,  0.14695658, -0.08512922, -0.07296051,  0.02649462, -0.10128241, -0.23249459, -0.07169719,  0.02281924,  0.13248528,  0.23086236,  0.20045575,  0.09789886,  0.05179607, -0.06415343, -0.20341811, -0.20428451, -0.11431955, -0.01540635,  0.10185026,  0.19711519,  0.14875749, -0.02722937, -0.17762364, -0.26867453, -0.26288293, -0.12420453,  0.09250505,  0.22704959,  0.23816384,  0.15679473,  0.03294266, -0.07722184, -0.14436737, -0.13197977, -0.01860037,  0.11674940,  0.16056678,  0.12163597, -0.02430257, -0.09871970, -0.07866302, -0.03480620,  0.00451278,  0.07481154,  0.15873811,  0.16930868,  0.05608006, -0.13417909, -0.25994321
 -0.24844759,  0.45091047,  0.05489818, -0.23825569,  0.09654244,  0.31438316, -0.26421283, -0.15995343, -0.10673389, -0.10869157, -0.00083571,  0.10369926, -0.02714768,  0.02979009,  0.25157638,  0.20672022,  0.00664355, -0.00681855, -0.04546547, -0.12285013, -0.01658302,  0.07067017,  0.04381335,  0.08975698,  0.06153420, -0.05525458, -0.23621554, -0.25311031, -0.12663037, -0.06206586, -0.02550233,  0.06344405,  0.12037035,  0.07634432, -0.02956923, -0.10943651, -0.04796184, -0.01398811,  0.05088416,  0.06555577, -0.03039010, -0.03340524, -0.01413601, -0.10502891, -0.10554461,  0.02072501,  0.13403435,  0.19342713,  0.14314604, -0.05471697
  0.30668834, -0.21873620, -0.01175351,  0.26242585,  0.03786656, -0.24409481,  0.09266790, -0.09441805, -0.18846336, -0.12853006, -0.06119403,  0.01406764,  0.25148146,  0.29354578,  0.10351152,  0.01050771,  0.06653588,  0.04639857,  0.04458916,  0.09239066, -0.00014346, -0.07111141, -0.00115193, -0.03736458, -0.11914260, -0.19158557, -0.19916436, -0.23223851, -0.25932651, -0.16192017,  0.02450359,  0.11576544,  0.05539166, -0.02511136, -0.04670413, -0.02497280, -0.03379978,  0.02794402,  0.03784987,  0.04583261,  0.03055868, -0.08976918, -0.20808000, -0.13389180,  0.02203566,  0.12836428,  0.20166060,  0.21245383,  0.14785627,  0.10963553
 -0.06126860, -0.11112801,  0.35756597,  0.09046791, -0.29129703, -0.03006024,  0.12229101, -0.18343908, -0.13510497,  0.06723681,  0.19914898,  0.21540681,  0.01829785, -0.29489808, -0.27868577,  0.09706751,  0.29850047,  0.14838583, -0.03384147, -0.17680400, -0.18752288, -0.00376810,  0.10428686,  0.07770622,  0.07696086,  0.06224562, -0.03796130, -0.15386667, -0.09073982,  0.10456787,  0.16178416,  0.04035397, -0.06970831, -0.05513117, -0.03287881, -0.06165513, -0.03952225,  0.03590820,  0.06802847,  0.04301901, -0.03312095, -0.10273399, -0.00754856,  0.10032906,  0.08744739,  0.08454807,  0.11144867,  0.05883342, -0.09683933, -0.26235576
  0.16511718, -0.07412469, -0.05836372, -0.13731979, -0.08267058,  0.07405300,  0.25071681,  0.03994373,  0.07850863,  0.09530405, -0.10233973, -0.34076096, -0.28681306, -0.02341926,  0.27745588,  0.37738055,  0.14036482, -0.17680493, -0.21172877, -0.04058426,  0.07069964,  0.08131067,  0.08868610,  0.05437982, -0.00312762, -0.11110714, -0.15268645, -0.09029139,  0.05029170,  0.12381520,  0.04246547, -0.08599733, -0.17832988, -0.19224833, -0.12300349,  0.00888978,  0.11053385,  0.17730605,  0.10603906,  0.02419056, -0.03494227, -0.08072600, -0.07182525,  0.02174657,  0.12586793,  0.16405452,  0.07489752, -0.09239778, -0.13883474,  0.06639491
 -0.03120984, -0.10741607,  0.19861695,  0.09515777,  0.03512205,  0.23335927, -0.04364973, -0.24734504, -0.20958048, -0.18422755, -0.11913751,  0.11316261,  0.22840096,  0.17414053,  0.08686792,  0.01412918, -0.10530586, -0.08823709,  0.06630143,  0.05938100,  0.03244715,  0.07659667,  0.08902945,  0.05038725, -0.03440588, -0.09702585, -0.11982429, -0.07679089,  0.02015267,  0.00955751, -0.16777192, -0.29375839, -0.26847747, -0.03629421,  0.17737656,  0.18379402,  0.11947482,  0.02328293, -0.04140492, -0.05710516, -0.08701624, -0.02863538,  0.21401293,  0.33710824,  0.20725742, -0.02007566, -0.19841903, -0.16049366, -0.01937981, -0.00224645
  0.03312366,  0.03933738, -0.03747065,  0.02437807,  0.03142835, -0.07686852,  0.12662616,  0.02528604, -0.10526432, -0.07029664,  0.02167515, -0.03662128, -0.02549909,  0.01402966, -0.03135760,  0.03129695,  0.21839219,  0.11647917, -0.15095111, -0.17359356,  0.02573744,  0.26015727,  0.21172982, -0.08684244, -0.24746690, -0.17389667,  0.07097637,  0.16446439, -0.05998504, -0.24477541, -0.21005401, -0.11966781,  0.00470992,  0.00446546, -0.05872599,  0.04422467,  0.14953750,  0.12791733, -0.01522171, -0.15035227,  0.05795293,  0.35296755,  0.29200076, -0.01100130, -0.25838714, -0.18254026,  0.14606786,  0.18371579, -0.08420245, -0.16769603
 -0.06266216,  0.00985083, -0.00300097, -0.00402695,  0.08614393,  0.10462154, -0.05011025,  0.01102533, -0.09572088, -0.16074491, -0.02615439,  0.13971626,  0.07989388, -0.05190074, -0.04932879,  0.08460033,  0.07131779, -0.10803408, -0.19943676, -0.04953998,  0.24336832,  0.24080289, -0.12102802, -0.27795313, -0.04143517,  0.24843197,  0.21834024, -0.08066213, -0.23106564, -0.02449955,  0.15506117,  0.06664664, -0.11381144, -0.14843462,  0.06225643,  0.25026779,  0.10687016, -0.19437897, -0.19419766,  0.04751899,  0.25343739,  0.11362976, -0.16869447, -0.18289601,  0.05036574,  0.20851988,  0.07470713, -0.16411590, -0.15395543,  0.03039742
 -0.03755016, -0.10249631,  0.10542388, -0.08031159, -0.06347535,  0.25436396, -0.09674670,  0.04248644,  0.23686669, -0.08513897, -0.37689546, -0.04526910,  0.19286144,  0.08440478, -0.04305237, -0.08718056, -0.09178352,  0.11297403,  0.16209435, -0.16500692, -0.24416487,  0.01077853,  0.21899722,  0.11147546, -0.10909671,  0.00901003,  0.15536500,  0.10343567, -0.00540348, -0.08850994,  0.05544776,  0.28110714,  0.06202613, -0.22422153, -0.24592168, -0.06237638,  0.23178677,  0.14929482, -0.14071418, -0.12709787, -0.06930095, -0.05411832, -0.01425070, -0.08735574,  0.03523726,  0.20852667,  0.03726915, -0.06335722, -0.01131620, -0.03909988
 -0.12217242,  0.22065812, -0.23832697,  0.00958036,  0.24981416, -0.28485183,  0.15353378,  0.32061235, -0.03848375, -0.33560042, -0.04060216,  0.09179888, -0.02112664, -0.06211529,  0.05489210, -0.10314194,  0.04346110,  0.25000378, -0.08753597, -0.13463266, -0.06819971,  0.00367769,  0.13383179,  0.06571866,  0.06550717,  0.05829289, -0.09147672, -0.05730977,  0.04017033,  0.00970039,  0.17359004,  0.02186278, -0.21037416, -0.20841208, -0.05495990,  0.11260619,  0.06773134, -0.01593314,  0.00711051,  0.06414739, -0.12316757, -0.09661552, -0.03747713,  0.10738219,  0.24263519, -0.07589629, -0.18811006,  0.09492217,  0.15678730, -0.12350737
  0.13305839, -0.23641206,  0.45605604, -0.56079711,  0.40585238, -0.26098859, -0.01784677, -0.05546678,  0.17385454, -0.08090414,  0.10866587,  0.03590945,  0.00300437, -0.05691570, -0.02954163,  0.06041868, -0.04098981,  0.06232354,  0.04175428, -0.07545370,  0.06820417, -0.04901772,  0.04104521, -0.08349204, -0.02142412, -0.04416237, -0.03902920, -0.06090253,  0.02112493, -0.02996929, -0.00736445,  0.03438872, -0.07134000,  0.13422794, -0.05956103,  0.03763590,  0.01552201, -0.01904986, -0.02629381,  0.04236455, -0.02360245,  0.03656498,  0.06687839, -0.08729978,  0.02730342, -0.02447039, -0.08239679,  0.03001953, -0.02009029,  0.12859565
 -0.03615682, -0.19292701,  0.02141159,  0.08008167,  0.07666963,  0.12407003,  0.11473338, -0.08402212, -0.00259836, -0.11641392, -0.05356002, -0.00932112, -0.14316342,  0.07614802,  0.19301234, -0.11385114, -0.08047522, -0.04015932, -0.15002269,  0.10822018,  0.09867946, -0.07848352,  0.11007501, -0.04849836, -0.04377903,  0.25111384,  0.11305795,  0.13436036,  0.15298364, -0.20177947, -0.03203775,  0.03227084, -0.18478394,  0.19105689,  0.09067923, -0.29772417, -0.09867602, -0.07437747, -0.01876900,  0.29824797, -0.09399555, -0.11353452,  0.13223458, -0.15804857,  0.07449185,  0.20439158,  0.01936197,  0.24099684, -0.10840067, -0.36277677
 -0.19342739,  0.03243437,  0.08852952,  0.02348571,  0.16989194, -0.01470872, -0.01101703,  0.07120875, -0.08705753, -0.10820675,  0.02199864, -0.16381366,  0.03238113,  0.16929200, -0.09423712, -0.07145419, -0.01114164, -0.09586155,  0.10740782,  0.13131885, -0.08556515,  0.06106094, -0.02194244, -0.04437462,  0.26996336,  0.08561264,  0.03409893,  0.10062362, -0.22170096, -0.10439002,  0.03473187, -0.20658595,  0.13490954,  0.08109250, -0.35382902, -0.08128052, -0.01460092,  0.03178107,  0.35301092,  0.00322317, -0.11715952,  0.18164929, -0.12984710,  0.06527442,  0.26593713, -0.05237387,  0.17024995, -0.05886188, -0.35321066, -0.02452009
  0.12254697, -0.03457190, -0.00584229,  0.02067784, -0.26320320,  0.18591956, -0.18482610,  0.04857500,  0.10731916, -0.02912057,  0.06933344,  0.06750711, -0.10865569,  0.10578044, -0.06463713, -0.05436391,  0.22180291, -0.08545863, -0.05254293,  0.10621406, -0.16545761, -0.01197451,  0.10898966, -0.15784370,  0.01064714, -0.01774035, -0.26567153,  0.10363885,  0.03766151, -0.02296899,  0.24728304, -0.01225806, -0.09985832,  0.13363601, -0.02904532,  0.11173351,  0.24997851, -0.24075694, -0.08223821,  0.04867586, -0.24119190,  0.16931224, -0.01168087, -0.22102292,  0.13377803, -0.17898817, -0.18810187,  0.25794242, -0.06064126,  0.22170927
  0.01411874, -0.13687065,  0.01171459, -0.10236951,  0.07134063,  0.12548426,  0.07688459,  0.10257349, -0.11718223, -0.12278453, -0.01318598, -0.03080543,  0.07225882,  0.03490957, -0.00207825,  0.15231428, -0.09135658, -0.14339364,  0.07005306, -0.17061154, -0.13087681,  0.10455139,  0.04115221,  0.07962065,  0.03783770, -0.16247566,  0.13842175,  0.30903710,  0.14187380,  0.19521368,  0.08001776, -0.06872325, -0.05627912, -0.01731494,  0.13371715,  0.12840562, -0.31684462, -0.30695923, -0.11046244, -0.19710893, -0.07603953, -0.09638276, -0.23675127,  0.06989662,  0.00181889, -0.10077369,  0.33149537,  0.28736750,  0.01487100, -0.01932014
  0.12213576, -0.08436763, -0.00607660,  0.02885456, -0.05012469,  0.04989390, -0.15916394, -0.00731870,  0.11247835,  0.07294369,  0.03835616,  0.03339257, -0.17308925, -0.12498802,  0.14488562,  0.14110131, -0.19500148, -0.06316695,  0.27129985, -0.05072889, -0.05977804,  0.15918748, -0.06193630, -0.15460975, -0.02296675, -0.02547653,  0.04316596,  0.07309825, -0.24534870, -0.30966372,  0.07568818,  0.28897142, -0.12409989, -0.19595669,  0.17851096,  0.07189526, -0.11943066,  0.14248529,  0.23942707,  0.08748492,  0.12666526, -0.00104705, -0.07164089,  0.19385675,  0.09411383, -0.27686974, -0.17468710,  0.16007911, -0.06615931, -0.12627070
 -0.00500300,  0.08796808, -0.07843399, -0.04338758,  0.08125211, -0.04569201,  0.08982370, -0.13476213, -0.01542930,  0.06413782,  0.02407347,  0.04218182,  0.11239731, -0.17800353, -0.13870673,  0.23082611,  0.09442451, -0.27662518,  0.00760576,  0.24965575, -0.16615267, -0.05133766,  0.23037471, -0.03278923, -0.16452767, -0.02460937,  0.02009953,  0.09104388,  0.15078057, -0.16133332, -0.28178820,  0.07540611,  0.23790025, -0.16880304, -0.13392517,  0.21155738, -0.11013687, -0.24713385,  0.14326107,  0.12152219, -0.01980100,  0.07035125, -0.03010206, -0.09812362,  0.19421254,  0.13258668, -0.16817924, -0.06637004,  0.21225648, -0.13454907
 -0.02079530,  0.07018589, -0.05114971, -0.03438098,  0.08258427, -0.04728414, -0.04304499, -0.03282024,  0.05351824,  0.11883594, -0.04099514, -0.15885686,  0.03609078,  0.07655775, -0.00323719, -0.00517830, -0.00751242, -0.05345811,  0.02582454,  0.15252536, -0.11001437, -0.14976025,  0.18062726,  0.01905438, -0.25113740,  0.10430932,  0.27592686, -0.19919806, -0.29187872,  0.15570644,  0.26726750, -0.02927762, -0.11114128, -0.07522151,  0.06366346,  0.20820330, -0.04490700, -0.16073189,  0.17723120,  0.15832536, -0.29540040, -0.10680110,  0.30429355,  0.05630587, -0.29181659, -0.07968139,  0.15242806, -0.02416353, -0.04300968,  0.02339242
 -0.05285905,  0.03545945,  0.07061518, -0.07817236,  0.00688990,  0.07450198, -0.00902063, -0.04550845, -0.11412152,  0.04290052,  0.14122009, -0.04631352, -0.07434334,  0.06190912, -0.02803126, -0.04892618,  0.10211753,  0.00421548, -0.18704459,  0.08647178,  0.19906053, -0.19017135, -0.09085160,  0.27057010, -0.04411100, -0.28016610,  0.14921114,  0.25989541, -0.14939262, -0.20322114,  0.05604186,  0.10595035,  0.08638211, -0.02265233, -0.20839976,  0.04663684,  0.26048904, -0.14235788, -0.20940317,  0.25314527,  0.13145233, -0.30673282, -0.06231068,  0.27577799,  0.03252007, -0.16313846,  0.00019160,  0.00809940, -0.01859580,  0.01412447
 -0.00271245,  0.01452379,  0.04993103, -0.05386391,  0.02238235,  0.00719789, -0.09786309, -0.01919719,  0.23026874,  0.18181790, -0.21544680, -0.17595962,  0.20688601,  0.12124725, -0.24777490, -0.04466650,  0.17881703, -0.03715847, -0.14066225,  0.07818298,  0.22395022, -0.03826671, -0.25288547,  0.06538872,  0.31227726,  0.03810346, -0.18319243, -0.02197790,  0.04102125, -0.11386472, -0.01584017,  0.07101085, -0.24185541, -0.30873670, -0.03178941,  0.00418446, -0.15372244, -0.13068637,  0.02739733, -0.07267167,  0.03935296,  0.13237590,  0.20494420,  0.08110644, -0.01680406, -0.00670820,  0.09211181,  0.20777951,  0.14805890, -0.15603132
 -0.01002679,  0.00684485, -0.04647159, -0.03845211,  0.03893248, -0.00022607, -0.02399811,  0.12145273,  0.11659713, -0.21732544, -0.28327455,  0.08596322,  0.17773348, -0.12561924, -0.14066777,  0.13512913,  0.10669967, -0.09573158, -0.02996394,  0.13842447, -0.02000876, -0.20882963, -0.06118236,  0.21393553,  0.03297875, -0.24790502, -0.10135857,  0.09116656,  0.01064966,  0.01184886,  0.12305943, -0.02361676, -0.03294857,  0.23823328,  0.31696364,  0.13443296,  0.10844021,  0.19224645,  0.20216835,  0.11308072,  0.13975938,  0.01010203, -0.12727281, -0.20607376, -0.16357325, -0.06815843, -0.00632185, -0.11659854, -0.21136707, -0.25983128
 -0.07785403, -0.02113295,  0.06517377, -0.06047037,  0.00655507,  0.06166937,  0.15837149, -0.13977039, -0.20199753,  0.11506247,  0.01291754, -0.31818492,  0.04907320,  0.26071085, -0.03903699, -0.14950794,  0.01757147,  0.18501245, -0.04498140, -0.21783521,  0.00640650,  0.12423766, -0.06690221, -0.15588806,  0.07656182,  0.09367587, -0.13400664, -0.02323591,  0.24718306,  0.01012956, -0.06182710,  0.26958166,  0.21208662,  0.00355083,  0.16970944,  0.36061833,  0.08168752,  0.00401820,  0.15250449,  0.12079316, -0.12878013, -0.16558477, -0.11040950, -0.11535565, -0.08249035, -0.14281084, -0.08391111, -0.07897808, -0.11134403, -0.13253314
  0.09754210, -0.12259087,  0.08990739, -0.03439843, -0.09151906,  0.02759637, -0.15653790,  0.38664020, -0.04875123, -0.07018538,  0.03756556, -0.01821704, -0.21999531,  0.19670924, -0.04702031, -0.05023137, -0.01859947, -0.06659212,  0.25960721, -0.03871870, -0.06100155, -0.01952306, -0.00659036,  0.07499738, -0.02383139,  0.05624821, -0.04683263, -0.23384367,  0.00259155,  0.24174064, -0.26728552, -0.14386073,  0.06240559, -0.08630694, -0.11989134,  0.10729095,  0.16724772, -0.21221186,  0.04963275,  0.16702431,  0.35056597, -0.02773322,  0.05166363,  0.01260072, -0.11102101,  0.08527637, -0.04468353,  0.15453913, -0.01818708, -0.27322839
  0.01042340,  0.16232460, -0.02545760, -0.10341902, -0.11338556, -0.01686637,  0.14627701, -0.23288710,  0.21517849,  0.13537661,  0.03299762, -0.17483240,  0.02811461,  0.06028149,  0.04308368, -0.13718202, -0.18806651,  0.26867203,  0.07584173,  0.06000016, -0.23810694,  0.08672261,  0.09783219, -0.00313915, -0.01660352, -0.12980535, -0.03597820, -0.03774872, -0.02897768, -0.04848875,  0.10473721, -0.25417799, -0.18233298,  0.05479387,  0.04660185,  0.03477647, -0.03135127, -0.12598102, -0.15864641,  0.23207066,  0.34223881,  0.14954257, -0.10224854, -0.13065560,  0.20857535, -0.11179446,  0.21320846, -0.16410617,  0.11709966, -0.13453598
  0.09641360,  0.03704333, -0.09561659, -0.07474466, -0.02013689,  0.08954817, -0.06974294, -0.00059792,  0.15947196, -0.01166395, -0.02126559, -0.09740376,  0.22078032, -0.15304839,  0.05679257, -0.25186128,  0.24441363,  0.05063820,  0.04866654, -0.18615202,  0.04318660,  0.09446549,  0.01980201,  0.00092892, -0.12297254, -0.02124478, -0.04659435,  0.04524588, -0.06156454,  0.03632734, -0.14126151, -0.12331937, -0.02383478,  0.07284654, -0.02205991,  0.01849560, -0.22747087,  0.01661360, -0.01163560,  0.38952790, -0.12455750,  0.15273068, -0.30671272,  0.32935066, -0.17879786,  0.26313143, -0.16351044,  0.08974759, -0.12808958,  0.10968548
  0.12824942,  0.02278002, -0.14894041, -0.07152741,  0.02528753,  0.09571927, -0.09248301,  0.06130233,  0.03653004,  0.13956459, -0.27491975,  0.23396077, -0.04732256,  0.10652281, -0.26244939,  0.03642925,  0.08074406,  0.24799362, -0.13092809, -0.19159541,  0.08055755,  0.08899682,  0.10495852, -0.11562573, -0.09303808, -0.08219350,  0.04019730,  0.03720221, -0.04005079, -0.00337993, -0.13636590, -0.13813670,  0.06137170,  0.02410943,  0.08300496, -0.16576881, -0.14087051, -0.14258179,  0.30590358,  0.07850795,  0.12273428, -0.34755475,  0.14576296, -0.07249577,  0.25061260, -0.05386108,  0.02929275, -0.03872627, -0.11730040,  0.23980861
  0.03160591, -0.04659549,  0.00129944,  0.00585078,  0.00961931,  0.01263740, -0.04054627,  0.04443456,  0.00395825, -0.01571916, -0.05065751,  0.11010798, -0.12848604,  0.13763247, -0.17865183,  0.19141814, -0.15496193,  0.18775674, -0.24288189,  0.21813854, -0.19490887,  0.22627699, -0.22859987,  0.18743215, -0.19309459,  0.19341934, -0.16712297,  0.16217398, -0.18002177,  0.20469707, -0.23421250,  0.20754321, -0.16342976,  0.17995660, -0.18461879,  0.15233567, -0.16263359,  0.16403640, -0.10739891,  0.12524996, -0.13029081,  0.05379504, -0.02805943,  0.03610135,  0.00241578, -0.04414295,  0.04959032, -0.05728773,  0.05709873, -0.02225999
 -0.12090675,  0.14496160,  0.06846126, -0.08493021,  0.03541392, -0.11823653,  0.12251811,  0.05021372, -0.36619639,  0.43413160, -0.20158957,  0.03591548,  0.03502387, -0.03570868,  0.05201541, -0.00106216, -0.17912878,  0.07233283,  0.08931379,  0.02423667, -0.01678668, -0.15043279,  0.11998330,  0.10214128, -0.07582814,  0.10204809, -0.23439860,  0.22726069, -0.12728170, -0.02306229,  0.09167166,  0.00047161, -0.15162466,  0.00677781,  0.00193056,  0.05488427,  0.01071505, -0.07803388, -0.01199844, -0.13140283,  0.18558923,  0.07887378, -0.02464581, -0.04382841, -0.07702481,  0.23925421, -0.20268931,  0.20655480, -0.24037582,  0.10448403
 -0.04466890,  0.03063214, -0.05885428,  0.10257305,  0.02601694, -0.12453702,  0.16770088, -0.24784402,  0.19527693,  0.02579732, -0.28932334,  0.26880198, -0.08566597, -0.10696319,  0.21906546, -0.13497849,  0.06933521, -0.14962202,  0.10705158, -0.02804216,  0.02897869, -0.04791704,  0.08401402, -0.25449869,  0.30586570, -0.05674143, -0.06259373,  0.08916564, -0.13835061,  0.26856580, -0.19086736,  0.09935367,  0.03182442,  0.09065790, -0.23870771,  0.23296623,  0.00869125,  0.01480675, -0.14959083,  0.05854653,  0.04446482, -0.14961014,  0.11207022,  0.01045069, -0.05563828, -0.13582233,  0.11195371,  0.08442981, -0.10520595, -0.03301135
 -0.01675216,  0.00235191,  0.09701687,  0.04203900, -0.16724445, -0.01418280,  0.03578415,  0.11796512, -0.03302357, -0.14829326,  0.09357614,  0.23105908, -0.20717862,  0.00105321,  0.08424852, -0.06503126, -0.16789363,  0.16302405,  0.04075663,  0.00765050,  0.01953998, -0.07143288, -0.02124460,  0.10071045,  0.20190395, -0.26117041, -0.07707096,  0.06672728,  0.11393471, -0.21934608, -0.07072080,  0.09375467, -0.03852418, -0.27295771,  0.04232640,  0.16632439, -0.16768593, -0.13473626,  0.07383781,  0.19948571, -0.17401391,  0.17033697,  0.17270147, -0.10113308, -0.15460721,  0.22933202,  0.20614983, -0.23067360, -0.16574735,  0.20708112
 -0.03700417,  0.04645199,  0.03581980, -0.06369701, -0.03776264,  0.06498096,  0.05042989, -0.05819565, -0.00292279, -0.08761266,  0.18556522, -0.07831538, -0.11902766,  0.11694694,  0.10592907, -0.31569285,  0.28000081, -0.11667266,  0.10771539, -0.14150994,  0.08329496, -0.04414696, -0.03048107,  0.16968700, -0.09518567, -0.10571992,  0.04125589,  0.23813283, -0.32157594,  0.18193894, -0.09329102,  0.17120149, -0.20850413,  0.06085350,  0.07021515,  0.02777791, -0.14034209, -0.01081620,  0.23009951, -0.22031595,  0.04959107,  0.02085621,  0.07192402, -0.25752137,  0.16331716,  0.12514180, -0.11356429, -0.16506479,  0.21012231, -0.04430698
 -0.04319617,  0.05166733, -0.00265509, -0.04000031,  0.01602878,  0.03945642,  0.00961965, -0.02995309, -0.08674233,  0.14546282, -0.11908527,  0.12673481, -0.28149468,  0.34647884, -0.21398518,  0.04477647,  0.02714248,  0.00959722, -0.05242369,  0.02255734,  0.02305890, -0.09581991,  0.13772793, -0.12898231,  0.17580811, -0.31022027,  0.38663508, -0.21803307,  0.04765778, -0.01298277,  0.08120492,  0.01213038, -0.10002556,  0.12437929, -0.04632660,  0.10139140, -0.17579821,  0.21364025, -0.09012104, -0.02198405, -0.06413436,  0.18082754, -0.20352419,  0.05104216, -0.01824931,  0.13520543, -0.23356228,  0.07154046,  0.10397828, -0.09644929
 -0.01573144, -0.00708133,  0.00867059, -0.02011364,  0.07506749, -0.10366751,  0.19328924, -0.27272163,  0.19851419, -0.07309042, -0.08059419,  0.14278931, -0.16986148,  0.10487786,  0.04381194, -0.06114885,  0.02483274,  0.00836144, -0.05176142,  0.09479360, -0.24880968,  0.36853171, -0.34760766,  0.16456810,  0.00564485, -0.06833945,  0.06886685,  0.03404229, -0.01591442, -0.03707118,  0.18680951, -0.17946578,  0.20142455, -0.08605855,  0.06098608, -0.03713266,  0.13231938, -0.17835946,  0.14791431, -0.12327372,  0.01187123, -0.09362884,  0.02320052,  0.04207739, -0.18232320,  0.23341920, -0.23941680,  0.14317412, -0.01802980, -0.00865909
  0.05850050, -0.10070819,  0.08359923, -0.11870120,  0.10149269, -0.01891967, -0.06557271,  0.16438087, -0.20511386,  0.21257582, -0.18533706,  0.10941922, -0.04081783, -0.07775501,  0.16012872, -0.14868363,  0.11968067,  0.00532634, -0.12602163,  0.16782021, -0.19441984,  0.12172262,  0.05116530, -0.19340624,  0.14736489, -0.07553166,  0.00021775,  0.06279452, -0.05528876,  0.05681894, -0.09380432,  0.13923988, -0.08900375,  0.00193284,  0.18206962, -0.28180571,  0.27571662, -0.19746687,  0.12486707,  0.02093664, -0.11217911,  0.10595800, -0.18349779,  0.18571473, -0.11658053, -0.02611258,  0.15066606, -0.25460977,  0.24985757, -0.09863385
  0.02673827,  0.03863912, -0.11732360,  0.06971484, -0.01470857, -0.02950547,  0.02929313,  0.01399514, -0.00617247, -0.00198331,  0.00326720,  0.01450322, -0.00070716,  0.02715262, -0.11670933,  0.11992927,  0.01775196, -0.13638336,  0.23682485, -0.20837242,  0.00449023,  0.12250955, -0.04087508, -0.04971214, -0.00312839,  0.05169620, -0.09662460,  0.00051283,  0.19515161, -0.29971060,  0.16090541,  0.07466582, -0.32490841,  0.42676858, -0.30999892,  0.07658125,  0.05492005, -0.15887348,  0.14335380, -0.04014521,  0.06578061, -0.16801998,  0.05256420,  0.14242428, -0.20885743,  0.13042061,  0.07947650, -0.22182977,  0.16460709,  0.00990666
  0.07925789, -0.11161535,  0.02217352, -0.01574639, -0.00251710,  0.07417491, -0.12455728,  0.15257769, -0.08160644, -0.01070577,  0.09000335, -0.13430606,  0.07109256, -0.03724685, -0.01130698,  0.09197735, -0.06680640,  0.07685755, -0.07429661,  0.00958799, -0.04310758,  0.06566811,  0.07819415, -0.28787032,  0.24257757, -0.07307548, -0.15008075,  0.31872434, -0.24409976,  0.00061803,  0.22434735, -0.27213284,  0.20034757, -0.01999441, -0.03987444,  0.08587801, -0.13942386,  0.17850173, -0.10722669,  0.08950894,  0.00018987, -0.20683902,  0.21485769, -0.07134353, -0.13143170,  0.21049688, -0.14628363, -0.09280687,  0.27368200, -0.15499864
  0.03603366, -0.02131582, -0.06971909,  0.09183772, -0.02743060, -0.04861645,  0.04478457,  0.03745637, -0.12672090,  0.16824782, -0.07413937, -0.08096911,  0.19347449, -0.18898212,  0.00769413,  0.18764861, -0.18452307,  0.02503406,  0.15085356, -0.23985029,  0.12438128,  0.15267063, -0.27812608,  0.11545397,  0.10589312, -0.24905659,  0.21634406, -0.05230836, -0.11606951,  0.13443573, -0.06751237,  0.00326643, -0.04169039,  0.11393511, -0.07558072, -0.09023133,  0.20669849, -0.13798968, -0.02584852,  0.24299846, -0.30018162,  0.14294326,  0.14804114, -0.25597930,  0.16900208,  0.00256965, -0.13272029,  0.08493103,  0.05509591, -0.07616372
 -0.09364387,  0.18215592, -0.06951719, -0.05107757,  0.10706141, -0.12421618,  0.05438354,  0.05452623, -0.08440680, -0.03209736,  0.14697826, -0.12216883,  0.05627869,  0.13436173, -0.23213696,  0.03110445,  0.17172711, -0.26485181,  0.20397937,  0.08500227, -0.29305609,  0.20778174,  0.00904402, -0.06681503,  0.12264985, -0.09473798, -0.00508047,  0.00929916,  0.00678796,  0.00266466, -0.12317897,  0.16901353, -0.15984969, -0.08520663,  0.22931819, -0.24446455,  0.01423332,  0.16380528, -0.29521025,  0.19739368,  0.06109565, -0.18864512,  0.17348047, -0.04993235, -0.01105820,  0.07519128,  0.00644075,  0.01813502, -0.18924041,  0.18670346
 -0.02648953,  0.05058144, -0.05365246,  0.02870354,  0.03138633, -0.08638691,  0.14288431, -0.18283695,  0.14507943, -0.07202834, -0.00491366,  0.08002528, -0.18179942,  0.25611256, -0.27237258,  0.22893899, -0.10572179, -0.06752209,  0.19429177, -0.24752886,  0.23069289, -0.17401451,  0.10532174, -0.03546765, -0.05500261,  0.15914797, -0.21158697,  0.22437441, -0.17141068,  0.08824235,  0.01584158, -0.06037269,  0.10547993, -0.14098414,  0.19712287, -0.20577369,  0.18783621, -0.07355366, -0.05333920,  0.12427257, -0.16268267,  0.16723958, -0.14589064,  0.11094842, -0.08034087,  0.00948058,  0.04957973, -0.10470066,  0.11521654, -0.07242716
 -0.02807054,  0.06113205, -0.06794900,  0.07908673, -0.07475947,  0.04164057,  0.01876488, -0.09923227,  0.16779238, -0.22158220,  0.23606664, -0.20804309,  0.14789816, -0.03574646, -0.08187898,  0.17168309, -0.24033978,  0.24598076, -0.18928375,  0.11221758, -0.01452974, -0.09688570,  0.17418041, -0.18968766,  0.18796613, -0.14391410,  0.06800806,  0.01714183, -0.09989139,  0.17170093, -0.20937270,  0.20558658, -0.16396417,  0.08208413,  0.00211095, -0.08633882,  0.15670201, -0.20957001,  0.19887399, -0.17258770,  0.11671962, -0.03907691, -0.04760977,  0.10827745, -0.14038809,  0.15643694, -0.14019118,  0.12473708, -0.10834790,  0.05645303
