 -0.14159912, -0.14159338, -0.14159105, -0.14159144, -0.14159251, -0.14159330, -0.14159316, -0.14159240, -0.14158755, -0.14158115, -0.14157330, -0.14156422, -0.14155429, -0.14154354, -0.14153077, -0.14151752, -0.14150357, -0.14148987, -0.14147742, -0.14146587, -0.14145492, -0.14144410, -0.14143328, -0.14142213, -0.14141114, -0.14140056, -0.14139075, -0.14138114, -0.14137157, -0.14136200, -0.14135288, -0.14134392, -0.14133464, -0.14132678, -0.14131997, -0.14131345, -0.14130588, -0.14129843, -0.14129182, -0.14128542, -0.14127878, -0.14127668, -0.14127701, -0.14127653, -0.14127431, -0.14127054, -0.14126597, -0.14126102, -0.14125523, -0.14124883
  0.35108822,  0.37396833,  0.36565029,  0.32957609,  0.27588967,  0.21152191,  0.14092481,  0.07032726,  0.01635845, -0.02955061, -0.06702514, -0.09829050, -0.12223396, -0.13843968, -0.14469194, -0.14548930, -0.13931914, -0.13367303, -0.13445011, -0.13647515, -0.13764518, -0.13614320, -0.13215515, -0.12452056, -0.11742190, -0.11263699, -0.10856123, -0.10231281, -0.09369436, -0.08200484, -0.06804836, -0.05063502, -0.03092497, -0.01225834,  0.00632035,  0.02518401,  0.04559351,  0.06422761,  0.07848908,  0.08787295,  0.09458246,  0.07841728,  0.04872268,  0.02147648,  0.00191483, -0.01064795, -0.01791834, -0.02175969, -0.02193902, -0.01869397
 -0.07578381, -0.01156144,  0.05343012,  0.11343473,  0.16527466,  0.20651549,  0.23550446,  0.25084602,  0.25769446,  0.25610636,  0.24756984,  0.23305786,  0.21343180,  0.19023963,  0.16672019,  0.14298599,  0.12075994,  0.10005164,  0.07908022,  0.05703696,  0.03391689,  0.01054990, -0.01233242, -0.03352353, -0.05269921, -0.07024229, -0.08722182, -0.10334556, -0.11837714, -0.13193033, -0.14397319, -0.15358754, -0.15954561, -0.16345300, -0.16538740, -0.16457300, -0.15900564, -0.14948056, -0.13712353, -0.12193188, -0.10383928, -0.09033814, -0.08355878, -0.08178112, -0.08317935, -0.08648466, -0.09110310, -0.09657016, -0.10166034, -0.10587661
 -0.32722478, -0.19447055, -0.05345035,  0.06680301,  0.15703994,  0.20771508,  0.20635212,  0.15989074,  0.11836438,  0.06846060,  0.01373133, -0.05436411, -0.12685037, -0.19258211, -0.23381053, -0.25049707, -0.22594905, -0.17824994, -0.13293924, -0.08543045, -0.03732150,  0.01215462,  0.06035330,  0.11173187,  0.15759554,  0.19026595,  0.20355711,  0.19764860,  0.16847469,  0.12061873,  0.05949290, -0.00143144, -0.05612537, -0.10312840, -0.14334666, -0.17425527, -0.18015236, -0.15702278, -0.10874142, -0.03799824,  0.06144009,  0.11505993,  0.12086040,  0.11064146,  0.09875549,  0.08586279,  0.07168053,  0.05433277,  0.03646815,  0.02083188
 -0.02791439,  0.04563250,  0.08558110,  0.09105717,  0.06532183,  0.01666963, -0.04171565, -0.09581475, -0.14274771, -0.17658605, -0.19374572, -0.19003885, -0.16305890, -0.11337534, -0.04674599,  0.02968568,  0.10444264,  0.16956233,  0.22246839,  0.25910070,  0.27662783,  0.27350134,  0.24998771,  0.20661654,  0.14759055,  0.07826866,  0.00361388, -0.07104320, -0.13886510, -0.19295186, -0.22735050, -0.23975830, -0.23021776, -0.20026748, -0.15423456, -0.09622530, -0.03254706,  0.02862571,  0.07868227,  0.10999608,  0.11412844,  0.10041332,  0.07959603,  0.05601933,  0.03115213,  0.00644391, -0.01625743, -0.03486551, -0.04823680, -0.05623517
 -0.41309922, -0.28002066, -0.12156699,  0.01003047,  0.09678650,  0.12321623,  0.07524566, -0.01254988, -0.03236369, -0.01798624,  0.01500002,  0.02163263,  0.00302860, -0.02449865, -0.02743783, -0.00788582,  0.06009641,  0.12709922,  0.13338356,  0.08872054,  0.00221854, -0.10187688, -0.20080944, -0.25901871, -0.27088274, -0.24106958, -0.18982159, -0.13134681, -0.08796231, -0.05872139, -0.03666636, -0.00088517,  0.04722377,  0.09254271,  0.10739640,  0.08450406,  0.06318936,  0.06748338,  0.10273743,  0.17216990,  0.28852658,  0.30765207,  0.23656232,  0.14827781,  0.07680911,  0.02555186, -0.00525935, -0.02098849, -0.02180445, -0.01055741
  0.08538171,  0.03972225, -0.01782558, -0.07694216, -0.11660628, -0.11910490, -0.07840197,  0.00713258,  0.12546709,  0.21861135,  0.24197690,  0.17384975,  0.03723402, -0.11943572, -0.23972937, -0.28260467, -0.23433927, -0.12803057, -0.00837723,  0.10185950,  0.18177500,  0.21971639,  0.20992054,  0.15659421,  0.06066227, -0.06225454, -0.17387261, -0.24026406, -0.24090850, -0.17145866, -0.05059498,  0.08582667,  0.18805679,  0.22397032,  0.18778835,  0.09591774, -0.01566637, -0.09885147, -0.12094243, -0.08172723,  0.00344769,  0.07313748,  0.10261347,  0.09740606,  0.06579291,  0.01752225, -0.03341851, -0.07694909, -0.10514276, -0.10798478
 -0.12113818, -0.06023779,  0.04203308,  0.12428456,  0.13190927,  0.04127813, -0.12189578, -0.25965380, -0.25734445, -0.11884671,  0.09140604,  0.25752909,  0.30813194,  0.23398758,  0.08540508, -0.06664239, -0.14804367, -0.16083707, -0.14504816, -0.11674411, -0.09029973, -0.06334073, -0.02665228,  0.03328125,  0.10411523,  0.15730590,  0.15885978,  0.08869114, -0.04835008, -0.20148925, -0.29945948, -0.28435131, -0.16218603,  0.01519358,  0.15888018,  0.20068793,  0.13981891,  0.02937735, -0.06215851, -0.08760946, -0.03044255,  0.02665604,  0.05989022,  0.08291367,  0.09841279,  0.09978489,  0.08717882,  0.06194762,  0.02671572, -0.01237061
  0.12893205, -0.07789693, -0.23140186, -0.21968112, -0.03063253,  0.20547918,  0.31014380,  0.19503298, -0.00534502, -0.17095781, -0.18761964, -0.05766096,  0.10761453,  0.17626819,  0.10648644, -0.06494010, -0.20718204, -0.23344107, -0.14721486,  0.00910786,  0.15387735,  0.21537615,  0.16436455,  0.04024566, -0.10016125, -0.18721170, -0.16470603, -0.04177768,  0.09679298,  0.15010256,  0.07388111, -0.06796694, -0.16401524, -0.15061436, -0.01102698,  0.16925011,  0.27098193,  0.22189326,  0.06759463, -0.06855595, -0.07096386, -0.02297876,  0.01478551,  0.03294180,  0.03031189,  0.00876603, -0.02647402, -0.06617773, -0.09005305, -0.08352623
  0.04601131, -0.03680509,  0.01380320,  0.14455562,  0.23846482,  0.20263609,  0.05201222, -0.11168860, -0.19108484, -0.15574308, -0.05437183,  0.02573193,  0.01598707, -0.07079335, -0.15572445, -0.15431606, -0.04635455,  0.11876961,  0.25993986,  0.30632465,  0.23698426,  0.08681514, -0.06901131, -0.16119246, -0.15613742, -0.06185091,  0.07101633,  0.16832165,  0.18127263,  0.11771992,  0.04138471,  0.01942068,  0.07030841,  0.14807719,  0.18864438,  0.13691029, -0.00652073, -0.17132632, -0.26429505, -0.24949273, -0.18621783, -0.13138511, -0.10473682, -0.10371036, -0.11285394, -0.11317267, -0.09330311, -0.04668007,  0.02258942,  0.09395658
 -0.14756633, -0.13509542, -0.04748937,  0.03183913,  0.04035683,  0.02117047,  0.05992503,  0.14379122,  0.17787734,  0.15525422,  0.06309867, -0.05443207, -0.14824912, -0.16564644, -0.10271254, -0.01816144,  0.00797695,  0.00142925,  0.00683329, -0.00126032, -0.02015874, -0.03219079, -0.01769401,  0.02150325,  0.10157523,  0.19479704,  0.22057929,  0.13827593, -0.00610169, -0.12607586, -0.15669453, -0.10208172,  0.01315851,  0.12953524,  0.19822816,  0.22349546,  0.24683888,  0.27572029,  0.26298675,  0.16574014, -0.01612957, -0.13998481, -0.18821846, -0.20824247, -0.21862865, -0.21629852, -0.20256760, -0.17733215, -0.14215074, -0.11135962
  0.19009169,  0.11341606,  0.00376378, -0.09108110, -0.17220425, -0.22058898, -0.18053049, -0.04529371,  0.07126715,  0.16532353,  0.20779349,  0.19867433,  0.11988445, -0.01412987, -0.15410187, -0.20025297, -0.15129423, -0.02431475,  0.12690189,  0.19521030,  0.13180694, -0.02743296, -0.17468885, -0.22585248, -0.15882779, -0.01821142,  0.13728223,  0.22826845,  0.22122460,  0.12640968, -0.00601323, -0.13887631, -0.23875376, -0.26742143, -0.19854009, -0.06438949,  0.04199754,  0.09693807,  0.12700837,  0.13379146,  0.08437352,  0.08589663,  0.11240367,  0.09275536,  0.01943832, -0.06227972, -0.10572673, -0.08881196, -0.03134017,  0.02905083
 -0.18212484, -0.09676445,  0.14971466,  0.30027712,  0.17930206, -0.07524780, -0.21519601, -0.16261728, -0.05400580,  0.03999639,  0.04926035,  0.00119637, -0.00819373,  0.07815580,  0.16901820,  0.12575829, -0.08101763, -0.25986420, -0.22953759, -0.01946334,  0.21139794,  0.28941294,  0.15712137, -0.08446727, -0.22127951, -0.14946358,  0.01878997,  0.11137934,  0.08913801,  0.04826628,  0.07486398,  0.13252808,  0.14211535,  0.07680791, -0.06407324, -0.18757265, -0.15669021,  0.04591862,  0.22070448,  0.17433705, -0.04003283, -0.14950945, -0.10299144,  0.00135432,  0.06674096,  0.04370827, -0.04988739, -0.14179798, -0.16358453, -0.10221835
  0.28096083, -0.09341374, -0.28526239, -0.07293032,  0.17579613,  0.12546106, -0.06846446, -0.12194562, -0.09779723,  0.04387386,  0.16483260,  0.16514764, -0.01136888, -0.19310817, -0.17196682,  0.08867411,  0.22662958,  0.10468924, -0.09874572, -0.21444697, -0.14068470,  0.05672225,  0.21613833,  0.16881854, -0.05234678, -0.22471619, -0.12441563,  0.11413754,  0.22597464,  0.10679590, -0.07393412, -0.15366234, -0.10673717, -0.00146413,  0.10274598,  0.08907032, -0.10980106, -0.21716262, -0.00504441,  0.26842255,  0.18154383,  0.00373559, -0.08609511, -0.09489551, -0.04863134,  0.02315490,  0.05864006,  0.02423866, -0.05451586, -0.09277603
 -0.20241357,  0.03246628,  0.16483459,  0.14234785,  0.02593583, -0.03480630, -0.00507015, -0.00505543, -0.18271623, -0.21540922, -0.00166175,  0.23852614,  0.24988402,  0.06471925, -0.12618943, -0.15970327, -0.07227234,  0.07555404,  0.17013000,  0.03640072, -0.17058232, -0.16597040,  0.07009533,  0.24144411,  0.21241992,  0.03950445, -0.15208829, -0.19082280, -0.01172399,  0.25178724,  0.35214384,  0.16252310, -0.08531084, -0.11410228, -0.02464796,  0.01420887, -0.00101762,  0.02002155,  0.10294091,  0.17074451,  0.04889279, -0.04567526, -0.05651009, -0.07678512, -0.11635318, -0.12718731, -0.10952937, -0.10698902, -0.14133546, -0.18619698
  0.15922630, -0.11179784, -0.27634667,  0.10536365,  0.28720720, -0.08965409, -0.22898198,  0.11715707,  0.22777031, -0.07467279, -0.27216639, -0.01993727,  0.19284087,  0.05669870, -0.04721132,  0.06005017, -0.00895009, -0.16663428, -0.04858785,  0.17419731,  0.12193549, -0.13766610, -0.17992812,  0.04098129,  0.14586470,  0.01843113, -0.00557037,  0.05861459, -0.07075827, -0.22274008, -0.02537776,  0.26426875,  0.15273663, -0.20907705, -0.15972676,  0.18435378,  0.09853385, -0.22811998, -0.10516244,  0.20360635,  0.11380735, -0.05161422, -0.02921797,  0.03615188,  0.00264224, -0.04065229, -0.01053564,  0.02161245, -0.00316616, -0.01978862
 -0.13370757,  0.25484137, -0.04507352, -0.24428160,  0.16210897,  0.28677369, -0.17051805, -0.25962802,  0.01640023,  0.19124749, -0.03376671, -0.14323468,  0.10947409,  0.17917975, -0.12160967, -0.12697438,  0.11591758,  0.08652081, -0.08746411, -0.08416229,  0.07601497,  0.06948203, -0.07427363, -0.06684646,  0.15273218,  0.13925876, -0.13950298, -0.10803361,  0.16542122,  0.12380893, -0.10312175, -0.03395537,  0.22028040,  0.13480927, -0.27083235, -0.18203707,  0.24146296,  0.14865369, -0.17365953,  0.00992683,  0.13002383,  0.01154297, -0.08250873, -0.03413098,  0.01110138, -0.04527498, -0.08824530, -0.04677634, -0.03787229, -0.09975951
  0.03729778, -0.05779064, -0.02200841,  0.05431978,  0.05391614, -0.04169579, -0.12570841, -0.01543958,  0.16170796,  0.15356484, -0.14335668, -0.25858197,  0.05970163,  0.30123909,  0.01625639, -0.25864238, -0.05288043,  0.23137082,  0.05514285, -0.25459869, -0.09138657,  0.25299567,  0.14309343, -0.21809852, -0.16760309,  0.17694096,  0.19082958, -0.14054697, -0.19847056,  0.09305594,  0.20391177, -0.03951842, -0.21892141, -0.06467220,  0.17258630,  0.16693269, -0.06675856, -0.19691405, -0.05918468,  0.13524514,  0.10243308, -0.00596714, -0.06851269, -0.03803081,  0.03099159,  0.01536771, -0.05735173, -0.03531577,  0.04801251,  0.04105507
  0.01739266, -0.00032614, -0.07064011, -0.02470277,  0.11631517,  0.12073869, -0.06475503, -0.20278012, -0.08560647,  0.20595449,  0.19694729, -0.13675751, -0.24255246,  0.07754004,  0.25001593, -0.02904722, -0.26904992, -0.01182809,  0.30691982,  0.07858716, -0.30068530, -0.16022666,  0.24163706,  0.20230114, -0.14235851, -0.17162716,  0.09715627,  0.15095823, -0.07324211, -0.14566819,  0.06514743,  0.19396724,  0.05401894, -0.16364499, -0.17233541,  0.05543737,  0.20632369,  0.06034062, -0.12607847, -0.06214063,  0.03670613,  0.05034650, -0.00567031, -0.05436089, -0.01693668,  0.04676361,  0.00918338, -0.07297991, -0.05444142,  0.01966025
 -0.07128198,  0.02595726,  0.08497160,  0.03519693, -0.08296475, -0.11669215,  0.02484231,  0.17697330,  0.11042913, -0.17293260, -0.22377611,  0.06854557,  0.27485796,  0.07317842, -0.22479719, -0.21729329,  0.09110427,  0.26127628,  0.06587811, -0.20229742, -0.19489885,  0.07636463,  0.25228785,  0.08564269, -0.21733569, -0.23124104,  0.07043002,  0.28224032,  0.08289064, -0.23713146, -0.21257597,  0.09537316,  0.22017734,  0.04572981, -0.13757341, -0.11395925,  0.04176531,  0.11611965,  0.04237186, -0.07002859, -0.06301760, -0.02751921,  0.01720146,  0.05559939,  0.03125253, -0.03126338, -0.03783397,  0.01404653,  0.04485293,  0.01891904
 -0.00405263, -0.03468321,  0.03538464,  0.07551677, -0.00867160, -0.11928267, -0.10328062,  0.06203743,  0.21026061,  0.10123544, -0.16902385, -0.24192574, -0.00109195,  0.23952721,  0.16619216, -0.11474379, -0.22509176, -0.04025820,  0.17157197,  0.15007586, -0.07716931, -0.20809248, -0.03627521,  0.21595032,  0.14672966, -0.17271419, -0.26286982,  0.03253347,  0.29937480,  0.14547223, -0.21912605, -0.29124869, -0.01079292,  0.24029008,  0.18623281, -0.06339927, -0.19274809, -0.07710677,  0.07246941,  0.06725805,  0.00912660, -0.02111161, -0.02498372,  0.00190829,  0.03401474,  0.02302617, -0.01810599, -0.02390472,  0.01973877,  0.05589674
 -0.20505154, -0.02823343,  0.17790887,  0.23100270,  0.05623274, -0.18505211, -0.24658942, -0.02390663,  0.24007623,  0.13306040, -0.01427290, -0.04836377, -0.09611557, -0.17148227, -0.06554735,  0.10860931,  0.20642544,  0.07095679, -0.13095468, -0.09935650,  0.01221537,  0.02588317,  0.03428888,  0.09295189,  0.02715253, -0.14626324, -0.21166186, -0.01096875,  0.16578073,  0.14643252,  0.06453014, -0.01267075, -0.19765828, -0.22004578,  0.03847196,  0.27917916,  0.28518577,  0.07526601, -0.19403181, -0.31802397, -0.11924040,  0.02920284,  0.08145162,  0.10957682,  0.08058733,  0.00531601, -0.03093051, -0.02321749, -0.00431131,  0.02628071
  0.21248055, -0.31986926, -0.19992452,  0.20669683,  0.09734752,  0.05525179,  0.06814127, -0.27005002,  0.02029366,  0.17887797, -0.01358599,  0.02058442,  0.06148094, -0.06784263, -0.07315971, -0.17231376, -0.05670011,  0.22323013,  0.07079446, -0.10225811,  0.03005065,  0.01733961, -0.15359265,  0.02149215,  0.14211339, -0.00148147, -0.09524871, -0.17002870, -0.07732158,  0.06303376, -0.04054008,  0.01885099,  0.14216235, -0.16376896, -0.12736046, -0.01956685, -0.10109137,  0.22093048,  0.39087145, -0.16970812, -0.27488451, -0.07140896, -0.03291503, -0.01764221,  0.08005333,  0.13771732,  0.09675832,  0.03829988,  0.06550008,  0.11225560
 -0.00199535, -0.00206301,  0.03522395,  0.14423288, -0.20453677, -0.05388334,  0.21871070, -0.17392191,  0.00971824,  0.16634286, -0.21787106, -0.00917074,  0.20859175, -0.21287753, -0.00072380,  0.26593989, -0.09282586, -0.14570956,  0.14908638,  0.02931927, -0.15148789,  0.02662826,  0.12425179, -0.03997982, -0.14399408,  0.08888398,  0.15401013, -0.14503157, -0.01276162,  0.29308638, -0.14902018, -0.20875433,  0.29396056, -0.00873905, -0.21024771,  0.21880184,  0.05415683, -0.19892782, -0.01291664, -0.01036842,  0.07312981,  0.03970232, -0.05483897,  0.09472689,  0.08601119, -0.15062097, -0.04958217,  0.08975512, -0.09022337, -0.11136472
 -0.02185090,  0.07671937, -0.20674229,  0.16296017,  0.12442015, -0.29182417,  0.16222771,  0.10112528, -0.24817537,  0.15624204,  0.12836668, -0.26925062,  0.13485516,  0.10347426, -0.21814047,  0.01407837,  0.16144772, -0.07987214, -0.07299447,  0.09123369,  0.02076155, -0.06333102, -0.04300492,  0.10137492,  0.02709656, -0.17599587,  0.05437707,  0.15213721, -0.25860020,  0.03355344,  0.25527139, -0.24121572, -0.07275873,  0.26192108, -0.17807927, -0.07076360,  0.18428470, -0.06552349,  0.04184101, -0.03076160, -0.09311785,  0.07422593,  0.00315934, -0.11322624,  0.10448808,  0.09417829, -0.10760811,  0.01595129,  0.11193039, -0.03078006
 -0.13846993,  0.24186201, -0.16512523, -0.00744254,  0.18541121, -0.23183874,  0.06481194,  0.15859049, -0.11235021, -0.08604763,  0.13760695,  0.00054790, -0.05680509, -0.11442290,  0.14617743,  0.03038445, -0.19315284,  0.09562978,  0.18919461, -0.19508048, -0.13214543,  0.27569374, -0.03003283, -0.24980655,  0.16033592,  0.13560797, -0.27375163,  0.04681843,  0.12612711, -0.05633254, -0.04908802, -0.03750750,  0.06578655,  0.04319318, -0.15127945,  0.10719102,  0.13345608, -0.22784222,  0.11123460,  0.10266311, -0.18311794, -0.12723214,  0.17651865,  0.08511925, -0.11028987,  0.02167046,  0.12208291, -0.06720227, -0.09505406,  0.12779811
  0.01084294,  0.09915048,  0.01312528,  0.09962645, -0.23949032,  0.01804054,  0.20235787, -0.13285499, -0.15513985,  0.11022639, -0.04005062, -0.09676166, -0.00092076,  0.13173323,  0.15965490, -0.05115325,  0.03301004,  0.12211524, -0.14666257, -0.20285951,  0.18321922,  0.06547892, -0.19545082,  0.09579523,  0.21227724, -0.11294715,  0.00892559,  0.25241022,  0.06620325, -0.06415084, -0.04533729,  0.15650759,  0.12128434, -0.13402890,  0.02683632,  0.22738771, -0.19266091, -0.16575386,  0.02312787, -0.06660410,  0.05346435,  0.32051983,  0.18937594, -0.11792797, -0.12471186, -0.08864976, -0.21117078, -0.23496624, -0.07603238, -0.10701761
  0.10057850, -0.17497091, -0.01669191,  0.18755761, -0.02886502, -0.14458626, -0.00177889,  0.20174081, -0.10410636, -0.16605700,  0.16677944,  0.09579811, -0.26841615,  0.16587185,  0.12681630, -0.21754692,  0.07628464,  0.14933417, -0.20505540, -0.02115218,  0.14677448, -0.14381080,  0.03982299,  0.12499850, -0.13457678,  0.05220263,  0.15801754, -0.25441126,  0.02420872,  0.24435607, -0.18234679, -0.13520972,  0.25654084, -0.00353589, -0.20042341,  0.02310574,  0.14863184, -0.01399521, -0.19756161,  0.11771410,  0.05083220, -0.04640782,  0.10711896,  0.02665031, -0.15436509,  0.02487599,  0.03905589, -0.17105917,  0.00193308,  0.12932159
  0.00756031, -0.17005590,  0.24553633, -0.10035997, -0.01071185, -0.10301943,  0.21212403, -0.06884346, -0.10658246,  0.05279060,  0.19630644, -0.23811575,  0.03575612,  0.20820698, -0.24754911, -0.00419823,  0.16482493, -0.14562910, -0.09091990,  0.24097642, -0.14484386, -0.01903283,  0.17067788, -0.12618949, -0.06251056,  0.18398081, -0.17275909, -0.13369837,  0.28165025, -0.14762305, -0.14593287,  0.15401177,  0.08539423, -0.25568151,  0.08319098,  0.06021182,  0.06211109, -0.16866162,  0.11035171,  0.08896554, -0.10545082,  0.00058081,  0.02741865, -0.13117734, -0.02595595,  0.13571463, -0.06099342,  0.01125810,  0.15629396,  0.01074735
  0.16845669, -0.18721050,  0.19240198, -0.29459755,  0.34475804, -0.23329721,  0.13944941, -0.18008375,  0.18035479, -0.18106838,  0.04246008, -0.05003930,  0.05047567, -0.01860768,  0.02509656,  0.17226344, -0.14206259,  0.17707042, -0.06407870, -0.05870261, -0.03608061,  0.04237719, -0.13722930,  0.14203265, -0.00883639,  0.00565412,  0.15823420, -0.02969591,  0.03589111, -0.03740042,  0.17277804, -0.15752072,  0.14235154, -0.04098088,  0.17633097, -0.27353772,  0.15631941, -0.11320302,  0.02755736, -0.10379835, -0.00906186,  0.14330632,  0.10181008,  0.13341809, -0.00502036, -0.08579352, -0.13526470, -0.10209870, -0.18791236, -0.05804996
 -0.18745518, -0.00788849,  0.26895543, -0.12261301, -0.07778708, -0.03906936,  0.12743986, -0.02933783, -0.02226279,  0.06437238,  0.08591558, -0.01923119,  0.02780378, -0.06770395, -0.00343545, -0.03382902, -0.25933108,  0.14633515, -0.01489222, -0.14375287,  0.30070929,  0.07087423, -0.23184011,  0.19325512, -0.04287319, -0.24450817, -0.00728592, -0.00892551, -0.02307824, -0.05681359, -0.02040475, -0.02049497,  0.00500059, -0.12389296, -0.04475156,  0.07210916,  0.19467925, -0.15277599, -0.01774097,  0.23361153,  0.07782315, -0.13974218, -0.33147641, -0.16108305,  0.01341942,  0.01625147,  0.17749282,  0.31499719,  0.18184620,  0.08389601
 -0.15899674,  0.31560870, -0.11800354, -0.14025928,  0.09712378,  0.00168874,  0.08246518, -0.13236844,  0.06369017,  0.04750121, -0.03864645, -0.06767922,  0.10246559, -0.15371405,  0.16745686, -0.19258798,  0.07328290,  0.20120938, -0.27992002,  0.16667710,  0.15884457, -0.35260691,  0.13654707,  0.15222478, -0.30539890,  0.16127262,  0.00103480,  0.00749450, -0.00694319, -0.02262456,  0.01355595,  0.04484660, -0.07563674,  0.01003108,  0.02117400,  0.12267590, -0.05749499, -0.19866775,  0.28788819, -0.07077406, -0.08761538, -0.11913408, -0.01114598,  0.16803142,  0.02225897,  0.00573692,  0.12364683, -0.05406251, -0.09735700, -0.01479492
 -0.02853809, -0.01484885, -0.07530495,  0.02882549,  0.12589274, -0.03217247, -0.06600762, -0.05875208, -0.00534975,  0.04552506, -0.00638351,  0.05405277,  0.12534078, -0.08290169,  0.09447459,  0.04425763, -0.12805746, -0.09380611, -0.13356629, -0.02833091,  0.03297527,  0.04357986,  0.19345420,  0.07903812, -0.08173770,  0.06101074, -0.11726085, -0.09612863,  0.00217955, -0.02903607,  0.01537122,  0.01188998, -0.06778649,  0.04815725, -0.05803830, -0.08575699, -0.02512619,  0.04311768,  0.09914708, -0.07850381,  0.08780137,  0.21807067,  0.08280157, -0.09484970, -0.34572014, -0.43748911, -0.20468814,  0.13129319,  0.41543959,  0.39273391
  0.03529736, -0.03174371,  0.02323603, -0.06667219, -0.00151389,  0.14901119, -0.20027984,  0.24317568, -0.22305016,  0.07457360,  0.07698273, -0.22567740,  0.20001981, -0.02177269, -0.17511656,  0.24125530, -0.07342549, -0.03034215,  0.16663206, -0.24355662,  0.14323868, -0.08991702, -0.09577179,  0.21045684, -0.13688065,  0.03151482,  0.17036346, -0.21892999,  0.10032085,  0.05590937, -0.20453907,  0.25518243, -0.18654395,  0.09556655,  0.00622861, -0.02412482,  0.00906540, -0.06486461,  0.07255106,  0.00749304, -0.17783441,  0.07964591,  0.08001219,  0.02927814,  0.14650847, -0.05813841, -0.01248174, -0.16434730, -0.19514486,  0.21911820
  0.06323678, -0.11326239,  0.09739229, -0.07066536,  0.07966554, -0.13023184,  0.06818526,  0.12645969, -0.24593499,  0.27518379, -0.29893546,  0.21982688, -0.04800255, -0.06083404, -0.00317188,  0.13183549, -0.19679803,  0.20934823, -0.10215005, -0.00132494,  0.07629301, -0.15843727,  0.15385115, -0.14647297,  0.06392833,  0.06682420, -0.02986580, -0.10861071,  0.25081017, -0.28261036,  0.18941981, -0.05838967, -0.05874062,  0.13995861, -0.14540382,  0.09856769, -0.07489201,  0.10234150, -0.11922822, -0.00409132,  0.07371603,  0.08254290, -0.20774033,  0.01872749,  0.12998520,  0.13566227, -0.02248189, -0.26741496,  0.08724912,  0.01465736
  0.03604214, -0.03784287,  0.01706971,  0.05552657,  0.07057832, -0.12792103, -0.10708562,  0.09938832,  0.00598563,  0.06004273, -0.05378404, -0.07757636,  0.09388853,  0.02267013, -0.01673768, -0.00431669, -0.07293467,  0.02566440,  0.01274190,  0.02161208,  0.08550188, -0.01709891,  0.05185714, -0.08417963, -0.07650230,  0.04167775,  0.06805138, -0.05961487,  0.12313617, -0.00027951, -0.00037669,  0.02520283, -0.03429543,  0.06654975, -0.04350999, -0.02592532,  0.00988995,  0.05712302,  0.03860942, -0.19738196,  0.03223156,  0.30359199,  0.07854790, -0.32742775, -0.38338117,  0.04373677,  0.50773745,  0.23327578, -0.20668712, -0.33327211
  0.03830918, -0.00741574, -0.07955714,  0.13857686, -0.07308997, -0.08766616,  0.05581677,  0.00524305,  0.10021246, -0.19004168,  0.09902741, -0.06043729,  0.23602136, -0.29633948,  0.21490309, -0.09482933,  0.02158158, -0.07149855,  0.10674177, -0.08308836,  0.05372523, -0.00421726,  0.00057940, -0.00648758, -0.08374262,  0.21499569, -0.15897578,  0.05484992,  0.00074769,  0.04082632, -0.08486154,  0.06284762, -0.01433375, -0.02678362,  0.08702097, -0.19147391,  0.15580069, -0.02281556, -0.04539273, -0.14963428,  0.30904482,  0.13061260, -0.23623687, -0.32411822,  0.16107459,  0.30223630, -0.05009455, -0.28230433,  0.04596519,  0.08864221
  0.07677909, -0.11455325,  0.05246441, -0.00831424,  0.01706534,  0.00101924, -0.00235546,  0.02067023, -0.05428689, -0.00056685,  0.08660199, -0.09352559,  0.02490705, -0.09463868,  0.19158977, -0.17936912,  0.15524914, -0.13456280,  0.21876097, -0.26160820,  0.25363059, -0.25101894,  0.22204647, -0.23300438,  0.21070772, -0.14857762,  0.11148942, -0.08892590,  0.12423811, -0.09418097,  0.05876253, -0.00751703,  0.00961847,  0.00347933,  0.03428127, -0.09166782,  0.12484183, -0.12424217,  0.10122696, -0.08765399,  0.08047151, -0.19753894,  0.15313073,  0.06085953,  0.18174947, -0.29344681,  0.03251849,  0.03064472,  0.20658609, -0.28393122
  0.14775089, -0.14579411, -0.07414841,  0.18440253, -0.06622902, -0.03172878, -0.00799128,  0.14020744, -0.19354516,  0.02422398,  0.14710647, -0.14565811, -0.00297233, -0.03971233,  0.14124583, -0.03941657, -0.11061609,  0.22506524, -0.10841902,  0.06755039, -0.09848580,  0.11230741, -0.14828055,  0.08088117, -0.12305305,  0.24322496, -0.18189860,  0.07867972,  0.08953641, -0.02482202, -0.08967574,  0.18741396, -0.12163120,  0.09392834, -0.00574121, -0.08543498,  0.04861259,  0.04784087, -0.07619650, -0.04329785,  0.06292461,  0.00465432, -0.17175524,  0.33348093,  0.06928533, -0.16388066, -0.19658242,  0.30748234,  0.03183029, -0.37288740
 -0.05821295,  0.14931804, -0.13985068,  0.05256914,  0.01371904, -0.01640474, -0.00705008, -0.03952041,  0.17498217, -0.26770167,  0.19595560, -0.02394573, -0.07871196,  0.09855066, -0.14687954,  0.23671460, -0.29999003,  0.26044007, -0.17266433,  0.10092955,  0.00252043, -0.10468642,  0.20674038, -0.26176608,  0.23745847, -0.20825638,  0.17208174, -0.08875805, -0.03722435,  0.18190454, -0.22983186,  0.17790922, -0.08961272,  0.04204923, -0.03193533,  0.03859167, -0.00969930, -0.05080239,  0.10421559, -0.08845900,  0.00369158,  0.13063722, -0.15339676, -0.06207590,  0.13306628,  0.02117473, -0.08839849, -0.01473249,  0.14797841, -0.11265100
 -0.01876871,  0.01774799,  0.00718810,  0.00331167, -0.06894586,  0.12584799, -0.12099279,  0.06024149,  0.02522715, -0.09410120,  0.13814044, -0.17521739,  0.22668116, -0.24495145,  0.20778042, -0.14308459,  0.05388393,  0.04488054, -0.16020827,  0.24698364, -0.27866821,  0.25186473, -0.16498341,  0.04608170,  0.10171123, -0.23658149,  0.30260627, -0.30796604,  0.25704967, -0.20225212,  0.14404495, -0.08064243, -0.00173199,  0.07847132, -0.13743951,  0.14573947, -0.09018213,  0.02099614,  0.01517534, -0.01271981,  0.03720220, -0.06494021,  0.05994987, -0.06563877,  0.00812190,  0.05125227, -0.02442657, -0.04859957,  0.04983885,  0.01504357
 -0.07800801,  0.15999464, -0.04963629, -0.16651446,  0.26584683, -0.13846788, -0.09158669,  0.17343853, -0.04107357, -0.08748715,  0.01601638,  0.17754968, -0.23843037,  0.09513169,  0.05439338, -0.10452950,  0.09651797, -0.12759074,  0.14591549, -0.07489895,  0.00409093,  0.06915925, -0.10212482,  0.12537106, -0.15950735,  0.07980928,  0.05116760, -0.12286284,  0.09470500,  0.01247410, -0.02288271, -0.07081755,  0.15242044, -0.10404563, -0.05075283,  0.21482592, -0.21208259,  0.04156285,  0.15404557, -0.16662819, -0.02135701,  0.19856649, -0.11913256, -0.24776170,  0.35130810, -0.04431534, -0.23111772,  0.22675458,  0.02968851, -0.11716197
 -0.05991153,  0.17505768, -0.25238701,  0.21027577, -0.06209704, -0.09447619,  0.14854676, -0.10442338,  0.07255096, -0.12318319,  0.20480915, -0.18217373,  0.04514286,  0.10066105, -0.15304794,  0.10705321, -0.04698261, -0.00696757,  0.04377845, -0.07248509,  0.07384590, -0.03805273, -0.00487045,  0.05266079, -0.08594066,  0.07528815, -0.02247812, -0.08580112,  0.17829746, -0.21155218,  0.17024110, -0.13244329,  0.13674563, -0.17706529,  0.14510897,  0.00854971, -0.19437143,  0.28743821, -0.23007703,  0.09713427,  0.00109940,  0.02540012, -0.12892059,  0.07019076,  0.14781334, -0.32594934,  0.29549409, -0.10914959, -0.01873392,  0.05038756
 -0.01371110,  0.02013336, -0.00425279,  0.02169963, -0.12580831,  0.27583489, -0.27359305,  0.10256086,  0.06605517, -0.07133946,  0.00581851, -0.00007587,  0.03084553, -0.09353088,  0.01653149,  0.10374039, -0.11938368,  0.06343039,  0.02547248, -0.03303708,  0.04376438, -0.05135974,  0.00775855,  0.05392299, -0.14195417,  0.11239913, -0.07177985,  0.06108202, -0.03336057, -0.02584743,  0.15428412, -0.23535796,  0.19843318, -0.09651097,  0.05108496, -0.03788094,  0.08419674, -0.09560665,  0.01636617,  0.20010551, -0.42698433,  0.22168278,  0.06329577, -0.02862120, -0.04023008,  0.12916883, -0.03395973, -0.15353505,  0.39228453, -0.31425055
 -0.02850019,  0.00786844,  0.07868479, -0.12883335,  0.07609867,  0.05051279, -0.20968538,  0.31180414, -0.26559537,  0.08966618,  0.08512507, -0.14137119,  0.11362091, -0.03737216,  0.00802270, -0.03445163,  0.03186137, -0.00388434, -0.05962203,  0.07360681, -0.05170719,  0.00768398,  0.07071216, -0.12196358,  0.15364287, -0.10938108, -0.01244763,  0.11532912, -0.17746924,  0.13308352, -0.01680459, -0.15214063,  0.28573085, -0.31398617,  0.17523532,  0.00923990, -0.08175423,  0.00673721,  0.12934590, -0.19883039,  0.15306217,  0.09769526, -0.33801620,  0.27661519, -0.12321921, -0.04345249,  0.11842236, -0.08801228, -0.03602865,  0.11516482
  0.10039723, -0.21796200,  0.16645271,  0.02352350, -0.19489940,  0.21851421, -0.11537773, -0.02712533,  0.14809002, -0.22089204,  0.15907278, -0.02266792, -0.07657407,  0.12022421, -0.03836976, -0.04009016,  0.04550458,  0.00618001, -0.04033447,  0.00298733,  0.02005953, -0.05442992,  0.07034942, -0.06439436,  0.04118195,  0.10993510, -0.18816338,  0.15068643, -0.01638513, -0.14651283,  0.20970120, -0.14231345, -0.01157862,  0.21626109, -0.31845217,  0.16467200,  0.06474544, -0.20637090,  0.17254841, -0.07633084, -0.01390996,  0.19634008, -0.17892338, -0.02002950,  0.15551666, -0.19878211,  0.08053254,  0.04918077, -0.27265711,  0.21084532
  0.04183206, -0.11625876,  0.17437580, -0.18149257,  0.12274068, -0.02490863, -0.03222793,  0.01428992,  0.05231338, -0.13448744,  0.20701212, -0.23423353,  0.17800311, -0.07358243, -0.04910357,  0.12928285, -0.12022103,  0.05630457,  0.03762293, -0.09902967,  0.12443088, -0.11141064,  0.05445823,  0.00369338, -0.05932084,  0.10065873, -0.13468893,  0.16434333, -0.14612574,  0.08380172,  0.01230912, -0.07183181,  0.05311644,  0.06088494, -0.21376133,  0.33090405, -0.34867449,  0.26124147, -0.11357969, -0.04249864,  0.16812012, -0.26632228,  0.23156795, -0.04431180, -0.08919567,  0.14694222, -0.11048752,  0.01466629,  0.08143947, -0.08862244
  0.01990639, -0.04899405,  0.04358421, -0.03482574,  0.03131448, -0.01008298, -0.03114452,  0.08049108, -0.10138719,  0.08575147, -0.03697549, -0.04840936,  0.13409242, -0.18550073,  0.17688705, -0.08441981, -0.05307997,  0.17140560, -0.19887110,  0.12792023, -0.02685453, -0.08988909,  0.15868406, -0.16033279,  0.10565761, -0.00624326, -0.06808790,  0.09942786, -0.11367503,  0.08931763, -0.05141624, -0.01569525,  0.08171079, -0.12170538,  0.12329547, -0.08649728, -0.00679073,  0.12682417, -0.22270989,  0.26045829, -0.23355678,  0.06819627,  0.19737146, -0.34041552,  0.33052534, -0.17699671, -0.05481231,  0.22330770, -0.26689024,  0.14014852
  0.03564805, -0.10175830,  0.15949190, -0.18656859,  0.18096803, -0.15008939,  0.11951020, -0.09308933,  0.06115204, -0.03054902,  0.01289989, -0.01913480,  0.04166293, -0.08662301,  0.13325091, -0.16304185,  0.16683093, -0.11983615,  0.04600281,  0.03733874, -0.08935732,  0.09354154, -0.06333573,  0.00583933,  0.03790355, -0.04116541,  0.00108142,  0.07223120, -0.13512501,  0.17819145, -0.18430991,  0.17581908, -0.15923959,  0.15545181, -0.14879092,  0.12746153, -0.10170037,  0.09705886, -0.13056353,  0.18959475, -0.25377552,  0.26419735, -0.20759437,  0.11180155,  0.05191543, -0.20055373,  0.28275912, -0.27845183,  0.20253478, -0.09750482
  0.01786221, -0.03873089,  0.04637427, -0.02552552, -0.01430577,  0.05112727, -0.07194292,  0.07663190, -0.08043840,  0.07769352, -0.07396730,  0.07545892, -0.08156454,  0.09111402, -0.09858683,  0.10250556, -0.10263840,  0.11147035, -0.13023357,  0.15636956, -0.16528605,  0.16178235, -0.14341324,  0.11085515, -0.08365525,  0.07651965, -0.08521633,  0.10488876, -0.09836908,  0.07867314, -0.03891822,  0.00924121,  0.01268650, -0.01449429,  0.01498262, -0.03255991,  0.06432202, -0.10149949,  0.13378502, -0.17730876,  0.23465542, -0.25413767,  0.24559502, -0.25569870,  0.28298013, -0.31116037,  0.31933796, -0.28849124,  0.20441255, -0.09320587
