 -0.14162335, -0.14161621, -0.14161247, -0.14161230, -0.14161318, -0.14161247, -0.14161078, -0.14160806, -0.14160138, -0.14159243, -0.14158226, -0.14157154, -0.14156055, -0.14154836, -0.14153548, -0.14152247, -0.14150918, -0.14149494, -0.14148116, -0.14146807, -0.14145585, -0.14144399, -0.14143270, -0.14142211, -0.14141210, -0.14140167, -0.14139161, -0.14138131, -0.14137129, -0.14136209, -0.14135359, -0.14134561, -0.14133797, -0.14133036, -0.14132353, -0.14131609, -0.14130775, -0.14129887, -0.14129029, -0.14128240, -0.14127422, -0.14126666, -0.14125958, -0.14125259, -0.14124520, -0.14123784, -0.14123126, -0.14122537, -0.14121981, -0.14121417
  0.35572307,  0.39323809,  0.39914899,  0.37051425,  0.32140706,  0.26468772,  0.20003254,  0.13364131,  0.08300466,  0.04171741,  0.00629076, -0.02480551, -0.05222335, -0.07195104, -0.08438349, -0.08945700, -0.08892740, -0.08127965, -0.07417189, -0.06846721, -0.06323989, -0.05967276, -0.05974150, -0.06196427, -0.06457591, -0.06512418, -0.06580726, -0.06484184, -0.06358032, -0.06481787, -0.06712625, -0.07036644, -0.07527066, -0.08035845, -0.08653250, -0.09040551, -0.08976222, -0.08620974, -0.08185219, -0.08000856, -0.07553475, -0.07246420, -0.06780837, -0.06196764, -0.05336114, -0.04419110, -0.03730446, -0.03209866, -0.02819850, -0.02387955
 -0.17914373, -0.14005303, -0.08641539, -0.02239858,  0.04223401,  0.10170720,  0.15451409,  0.19634984,  0.22277148,  0.23808364,  0.24480660,  0.24419871,  0.23746316,  0.22490345,  0.20741998,  0.18533245,  0.16149294,  0.13718682,  0.11552296,  0.09615416,  0.07768178,  0.06162021,  0.04841618,  0.03616008,  0.02355280,  0.01103292, -0.00118724, -0.01301325, -0.02442771, -0.03473309, -0.04498392, -0.05503269, -0.06424959, -0.07333938, -0.08323159, -0.09340350, -0.10427078, -0.11485978, -0.12504764, -0.13347698, -0.14191160, -0.14917683, -0.15717899, -0.16456228, -0.17112246, -0.17597476, -0.17884913, -0.18050787, -0.18081034, -0.18029704
 -0.50956580, -0.28077349, -0.05305903,  0.09877874,  0.19517173,  0.26218164,  0.26044836,  0.19538478,  0.15781249,  0.13119849,  0.10454410,  0.06739934,  0.00941971, -0.05081406, -0.11042192, -0.15903099, -0.19607734, -0.19810860, -0.19460738, -0.18829791, -0.16472735, -0.13317033, -0.11359661, -0.10409369, -0.09612682, -0.08277814, -0.07093154, -0.05157675, -0.02307283,  0.00149348,  0.02851275,  0.05630730,  0.07376590,  0.08424286,  0.08002640,  0.06922343,  0.06952655,  0.08045835,  0.09691360,  0.09552854,  0.09915438,  0.08446795,  0.06984064,  0.05328709,  0.05054622,  0.05569596,  0.05363442,  0.04729351,  0.03407204,  0.01564271
 -0.13659865, -0.01816084,  0.06184593,  0.09549532,  0.09591734,  0.07302658,  0.02850655, -0.02394265, -0.06536820, -0.09975244, -0.12831344, -0.15120367, -0.16699558, -0.17049340, -0.16150608, -0.13976040, -0.10663578, -0.06227796, -0.01563590,  0.03049449,  0.07596129,  0.11583638,  0.14640736,  0.16956463,  0.18755119,  0.20104516,  0.20972990,  0.21505156,  0.21660950,  0.21222314,  0.20360506,  0.19062184,  0.17116572,  0.14682770,  0.11790675,  0.08766451,  0.05938969,  0.03117343,  0.00074595, -0.03445238, -0.06950438, -0.10629076, -0.13884141, -0.16606519, -0.18402144, -0.19519494, -0.20263759, -0.20502616, -0.20214477, -0.19392960
 -0.13820048, -0.09005029, -0.02884693,  0.00545418,  0.02431325,  0.04300630,  0.03821281,  0.01066208,  0.00698979,  0.01344485,  0.01936612,  0.01338010, -0.01108472, -0.04023728, -0.07129955, -0.09969487, -0.11738566, -0.10557832, -0.07714014, -0.03419343,  0.02538432,  0.09366847,  0.15362366,  0.19743691,  0.22298418,  0.23175380,  0.21654884,  0.18416266,  0.13686432,  0.07218587, -0.00257302, -0.08147423, -0.15996526, -0.22716275, -0.28385729, -0.31538780, -0.30871719, -0.26498791, -0.19540734, -0.11853384, -0.03193984,  0.04190861,  0.10138361,  0.14214935,  0.17100769,  0.18333114,  0.17102362,  0.13986005,  0.09636730,  0.04780457
  0.05028187,  0.02169745, -0.00294740, -0.02240886, -0.03439599, -0.04493270, -0.05030586, -0.04299752, -0.02730784, -0.00137691,  0.03217282,  0.06878198,  0.09839070,  0.10840626,  0.09976044,  0.07914464,  0.03916648, -0.01984864, -0.08665464, -0.14685014, -0.18380121, -0.20069567, -0.19672725, -0.16583249, -0.10813645, -0.03970251,  0.03649077,  0.10715347,  0.17003101,  0.21890781,  0.24877752,  0.25255168,  0.22579936,  0.17132447,  0.10307055,  0.01460252, -0.08241155, -0.17269842, -0.23673419, -0.27016503, -0.27068413, -0.23692957, -0.16898100, -0.08502534, -0.00147547,  0.07335199,  0.13545899,  0.17843973,  0.19222403,  0.17423764
 -0.32161289, -0.13860716,  0.06029866,  0.16138557,  0.19705437,  0.18519467,  0.07379096, -0.08842875, -0.17454408, -0.20023372, -0.17859993, -0.13566226, -0.09283076, -0.03936985,  0.01288745,  0.06444435,  0.11152248,  0.16802314,  0.19183662,  0.18661302,  0.18864316,  0.18306349,  0.13694630,  0.06264439, -0.00641072, -0.06645647, -0.11708339, -0.14815148, -0.14961724, -0.12996498, -0.08747370, -0.03774365, -0.00127606,  0.02197612,  0.02509140,  0.01155259, -0.00102026, -0.01484923, -0.03458406, -0.07761398, -0.11505251, -0.16291654, -0.17944779, -0.15764436, -0.08533434,  0.01286259,  0.10707181,  0.19924474,  0.27385658,  0.30702364
  0.16236020,  0.00392333, -0.15017524, -0.25612880, -0.25021358, -0.03429989,  0.24907446,  0.36008199,  0.33202874,  0.19264664,  0.00499946, -0.16350786, -0.27179549, -0.27528248, -0.20018546, -0.09994316, -0.00076532,  0.10592631,  0.15683251,  0.12170811,  0.01830980, -0.05092565, -0.06160146, -0.04852890, -0.03208222,  0.02310548,  0.05846464,  0.08468387,  0.08263301,  0.03977478, -0.03110004, -0.09013201, -0.08832692, -0.02909203,  0.00933676,  0.03474607,  0.03726434,  0.02612473, -0.00121556, -0.03916852, -0.03839824, -0.03640011, -0.06817854, -0.10531480, -0.11983640, -0.08639194, -0.01253152,  0.08514836,  0.18707391,  0.26547705
 -0.21066608,  0.11317639,  0.22236324,  0.15924259, -0.03877928, -0.30333263, -0.37019022, -0.12517680,  0.12390453,  0.28398295,  0.30902657,  0.19366403,  0.03002586, -0.11903091, -0.20040170, -0.21911586, -0.15371808, -0.07514349,  0.05208496,  0.17773626,  0.22266635,  0.15344050,  0.03066076, -0.07430313, -0.11773685, -0.13073545, -0.08202073, -0.02403333,  0.03441455,  0.10234561,  0.11347374,  0.04269587, -0.05489761, -0.11318077, -0.08419529, -0.00134539,  0.06838299,  0.09396395,  0.05666706,  0.01302597, -0.07859044, -0.11378378, -0.09705393, -0.03468917,  0.01727892,  0.02765705,  0.01786140,  0.02142518,  0.05613252,  0.08496085
  0.26788920, -0.06363612, -0.18768530, -0.09899162,  0.03070738,  0.08581828,  0.02458083, -0.10182438, -0.12372915, -0.03067441,  0.10657430,  0.21461457,  0.21427582,  0.09490768, -0.04838233, -0.12006386, -0.14833512, -0.16571286, -0.17463246, -0.12374265, -0.02789621,  0.09167485,  0.17224736,  0.15730651,  0.06540058, -0.02003710, -0.08149905, -0.08050239, -0.03730627,  0.03065571,  0.09773148,  0.10469511,  0.05146926, -0.04603735, -0.11419359, -0.11049550, -0.06294655,  0.01417506,  0.10517224,  0.15987806,  0.15838180,  0.07719728, -0.05778146, -0.18104424, -0.28248802, -0.28882019, -0.16330141,  0.02748361,  0.21386306,  0.37507366
 -0.00348674, -0.07576800, -0.02831629,  0.12178398,  0.11333310, -0.02620419, -0.06540136, -0.01367705,  0.00230256, -0.02504308, -0.07317077, -0.08947957, -0.04589871,  0.05351366,  0.17712873,  0.21078192,  0.09928405, -0.06426825, -0.11537122, -0.07132253, -0.07004506, -0.10570691, -0.10354928, -0.07428061, -0.05715139,  0.00847708,  0.11932782,  0.22259751,  0.23839815,  0.15473497,  0.00878894, -0.14051700, -0.24865392, -0.27004603, -0.20283008, -0.05805768,  0.11008042,  0.25767887,  0.30574611,  0.22000753,  0.04472073, -0.10733156, -0.22344422, -0.25886284, -0.16578864,  0.03516536,  0.19337660,  0.16565894,  0.01785527, -0.09705531
  0.00005562,  0.05701814,  0.14876973, -0.07331163, -0.25435291, -0.04010076,  0.15891706,  0.04790414, -0.06028684, -0.09534589, -0.01351069,  0.10929001,  0.18185789,  0.21750374,  0.11263073, -0.15323141, -0.32227165, -0.20178351, -0.05482404, -0.03587334, -0.06484191,  0.00595193,  0.10167344,  0.13195871,  0.13276193,  0.16097332,  0.10368536,  0.02720171, -0.04784300, -0.12107351, -0.19408175, -0.23855176, -0.15663749,  0.03960718,  0.14707922,  0.20510776,  0.25179929,  0.22177545,  0.03561572, -0.18212394, -0.22281703, -0.19062922, -0.15114702, -0.05782535,  0.08853195,  0.13786233,  0.03724888, -0.03712866,  0.01977907,  0.08702669
 -0.18356822,  0.03622262,  0.34063752,  0.02655261, -0.31628418, -0.10572423,  0.18281843,  0.17401384,  0.02247766, -0.15363963, -0.20127347, -0.14078933, -0.01589721,  0.18470281,  0.25150654,  0.03547687, -0.14416970, -0.01426025,  0.12551869,  0.06734441, -0.01802066, -0.01836751, -0.04640691, -0.10107090, -0.05430691,  0.00945893, -0.04884122, -0.13454320, -0.06377540,  0.15878525,  0.29537100,  0.18707974, -0.00354063, -0.09827453, -0.18024505, -0.23659364, -0.13313848,  0.05477189,  0.12154608,  0.08897840,  0.08794758,  0.05252102,  0.01048806,  0.02371700,  0.08270037,  0.00115633, -0.20331171, -0.19617463,  0.05563809,  0.13482458
 -0.17356217,  0.31212126, -0.00786054, -0.34506211,  0.04499534,  0.32098261,  0.07450109, -0.10324883, -0.20063808, -0.13187675,  0.02285783,  0.08596227,  0.13753395,  0.09940346, -0.12130464, -0.25586101,  0.03845553,  0.23903926,  0.14268123,  0.01227770,  0.01431334, -0.02676701, -0.12621561, -0.10207870, -0.01039891, -0.07235338, -0.10937629,  0.01453445,  0.21449213,  0.27454522,  0.05818703, -0.14364976, -0.14467275, -0.09606682, -0.10460918,  0.00572251,  0.13665736,  0.09731757, -0.06305444, -0.02872804, -0.01154431,  0.01629073,  0.05923093,  0.11176118,  0.04129265, -0.13879156, -0.12075316,  0.11390529,  0.12949510, -0.18009530
  0.18838260, -0.27747891, -0.15897012,  0.19698643,  0.09880718,  0.01669260,  0.12398840, -0.02015276, -0.16779676, -0.19386527, -0.04468341,  0.18078867,  0.17948137, -0.00637310, -0.10533579, -0.11342500, -0.18939116, -0.02000523,  0.30192437,  0.37667883,  0.07703129, -0.16638083, -0.15956080, -0.15491388, -0.21903162, -0.08015014,  0.12944307,  0.22352283,  0.10732776, -0.04168952, -0.00248307,  0.04612785, -0.01835807, -0.07840107, -0.05363867, -0.01792166,  0.00492383,  0.04252265,  0.02056450, -0.12173452, -0.05022810,  0.11788564,  0.13240348,  0.00188891, -0.03300308,  0.08220242,  0.05441180, -0.17334604, -0.17577353,  0.14009241
 -0.07704884, -0.07671709,  0.13535932,  0.15748755,  0.01444847, -0.05464133, -0.09686764, -0.12978091, -0.08341675,  0.05012577,  0.16421831,  0.12840118, -0.02269441, -0.12876151, -0.11858763, -0.03660166,  0.13743373,  0.29651249,  0.22006782, -0.10241047, -0.37525178, -0.35784817, -0.15208669,  0.06896851,  0.26220451,  0.33657813,  0.18789101, -0.07223454, -0.20946225, -0.10889769,  0.04121600,  0.04313181, -0.04872987, -0.10178711, -0.06802467,  0.01766746,  0.08584110,  0.08569186,  0.01370385, -0.00330516,  0.03604209,  0.03228676, -0.02534788, -0.03162577, -0.00763882, -0.05225229, -0.13020767, -0.06694537,  0.11449592,  0.10943490
 -0.03386105,  0.16202824, -0.12142354, -0.15002893,  0.13838513,  0.08051155, -0.11062244, -0.00622385,  0.06267466,  0.04027362, -0.04704217, -0.08452609,  0.06314371,  0.15314269,  0.00890355, -0.13239065, -0.06210958, -0.07822400, -0.04752578,  0.14278622,  0.23815327,  0.00576380, -0.30381205, -0.28116394,  0.04517707,  0.28487450,  0.28541754,  0.07051967, -0.16539590, -0.24350734, -0.16593136,  0.06616042,  0.24019169,  0.13179424, -0.10321940, -0.14988378, -0.09015970, -0.00146667,  0.12430090,  0.22876243,  0.01842247, -0.20227381, -0.17020134,  0.06742470,  0.11067310, -0.05498181, -0.08740224,  0.04569836,  0.06776879,  0.01043395
  0.07276046, -0.00732041, -0.15360839,  0.02010736,  0.06673179, -0.07085523,  0.00633952,  0.12842207,  0.12080547, -0.04903121, -0.15803275, -0.01107248,  0.11341770, -0.00653121, -0.11187790,  0.02055878, -0.00563347, -0.11089335, -0.00883013,  0.15543793,  0.07939688, -0.16883725, -0.13544541,  0.20240663,  0.32908215,  0.04548587, -0.25563233, -0.28279226, -0.08076645,  0.05203318,  0.13795711,  0.18494758,  0.03946233, -0.13623864, -0.09784901, -0.01780464,  0.03677417,  0.12253993,  0.20390390, -0.05933568, -0.32964933, -0.20502672,  0.18967087,  0.19954741, -0.09257692, -0.10422191,  0.16831910,  0.18957010, -0.09437775, -0.13145317
 -0.06276368,  0.23939765, -0.15414307, -0.20000776,  0.15882976,  0.03677629, -0.11206236,  0.11457038,  0.05439642, -0.00921724,  0.03853193, -0.07266093, -0.10456466,  0.05008624,  0.07478439, -0.09793320, -0.02025582,  0.04648533,  0.05360428, -0.00679258, -0.10840879, -0.08223926,  0.13098497,  0.22311825, -0.00426197, -0.19632502, -0.02419961,  0.06643301, -0.09597925, -0.13988365, -0.00300651,  0.20537114,  0.25185622, -0.00025496, -0.33699075, -0.17678309,  0.20756571,  0.25626605, -0.09941320, -0.17751728,  0.00029156,  0.17110846, -0.09386018, -0.23668111,  0.04307125,  0.28202652,  0.11749938, -0.12492118, -0.11890904,  0.03698620
  0.14739599, -0.09176005, -0.26741465,  0.11577451,  0.09042398, -0.05458622,  0.13666953,  0.02982716, -0.01209570,  0.04347174, -0.07072454, -0.12060988,  0.04735792,  0.08204106, -0.10279091, -0.05843076,  0.06305835,  0.03719367, -0.07126735, -0.05730409,  0.01843431,  0.12921950,  0.12736539, -0.06026235, -0.16077321,  0.07761325,  0.06706878, -0.14578783, -0.13336212,  0.05852303,  0.21192908,  0.17516917, -0.10799050, -0.31426310, -0.15714872,  0.28477256,  0.29095124, -0.10161677, -0.18341904,  0.02715151,  0.11299225, -0.16954191, -0.25680621,  0.12245393,  0.33561918,  0.06353688, -0.13141316, -0.03598129,  0.00575689, -0.03644069
 -0.08337525,  0.15439241,  0.01615487, -0.25844165,  0.17748344,  0.08445630, -0.22726580,  0.19398911,  0.13213905, -0.26133561, -0.07828825,  0.20236835,  0.01886192, -0.08686494,  0.01038748,  0.02396347, -0.00417109, -0.03306013,  0.04661352, -0.01345360, -0.04175983, -0.01979952, -0.03988965,  0.08372459,  0.07217689, -0.16158568,  0.06366665,  0.15699369, -0.14807642, -0.07455603,  0.16648039,  0.09450681, -0.22132844, -0.23129319,  0.24510870,  0.26207879, -0.17236791, -0.24998447,  0.09433160,  0.22449369, -0.03890452, -0.10828602,  0.00246553, -0.04827770, -0.03696180,  0.19850810,  0.00361896, -0.21240246,  0.02458604,  0.09819551
 -0.01131225, -0.11771698,  0.27726515, -0.05354221, -0.25657358,  0.27150497, -0.10423611, -0.18218873,  0.22487558,  0.08720997, -0.23853317, -0.02437724,  0.17682363, -0.02170748,  0.00064124, -0.03178671,  0.03285417, -0.03986009, -0.01715737,  0.08908116, -0.03286242, -0.02529326, -0.03945482, -0.07031357,  0.14025263,  0.04834428, -0.21112132,  0.14863978,  0.12217438, -0.15945540, -0.07540048,  0.08961212,  0.15417666, -0.15049885, -0.21418555,  0.22833018,  0.16514397, -0.13397401, -0.25862711,  0.12902902,  0.15474860,  0.03394831, -0.06900789,  0.04107270, -0.14981917, -0.08054476,  0.22951792, -0.03586450, -0.12937610,  0.08955303
  0.05672731, -0.11325128,  0.11846600, -0.14565378,  0.03050537,  0.15801916, -0.10689751,  0.01635838, -0.02498468,  0.00837483,  0.06182978,  0.03261968, -0.15049472, -0.08176446,  0.18402872,  0.12556649, -0.08881367, -0.12813737, -0.07293982, -0.05207453,  0.14623239,  0.22684400, -0.07854943, -0.23128889, -0.06795835,  0.14058776,  0.21090771,  0.00574455, -0.26987421, -0.07788312,  0.17516613,  0.12249811, -0.04960107, -0.23035319,  0.02272338,  0.04881515,  0.17410457,  0.16582377, -0.13916462, -0.28162985, -0.11189329,  0.20668358,  0.27218477, -0.01767647, -0.23267637, -0.08289780,  0.01254891,  0.08223011,  0.18167670, -0.15081905
  0.06120996, -0.11970149,  0.06795378, -0.03456377, -0.11489420,  0.21024521, -0.01705324, -0.03222695,  0.00262781, -0.04011418,  0.00769500,  0.11614324, -0.00756196, -0.23290527, -0.04269241,  0.09553987,  0.18698070,  0.05317676, -0.06999577, -0.14052631, -0.14837492,  0.13911350,  0.22768104, -0.03466454, -0.17343381, -0.11477492,  0.00305407,  0.23997126,  0.03611745, -0.14503031, -0.03241610,  0.04045111,  0.13655083, -0.02331958, -0.16703550, -0.10534642, -0.04436369,  0.24019303,  0.22564564,  0.02743231, -0.33531906, -0.25832765,  0.03681202,  0.34548322,  0.16860155, -0.08036190, -0.11482314, -0.16834315,  0.05984091,  0.06965115
  0.24336734, -0.26855434, -0.00246421, -0.07319183, -0.04954446,  0.32103091, -0.20092891,  0.07356809, -0.04473528,  0.02995078,  0.07503196,  0.03886261, -0.05984882, -0.10711305,  0.09528608, -0.19020838, -0.01896254,  0.04324204,  0.03898131,  0.09644361, -0.01443461,  0.04802311,  0.00618786, -0.08581667,  0.07784101,  0.15182146, -0.19118359, -0.15807442, -0.15064430,  0.17822709,  0.28775018, -0.23994912,  0.00580816,  0.13002171,  0.09893350, -0.10817879, -0.18800284,  0.15254443, -0.00094117,  0.06029882, -0.00762710,  0.05186809, -0.32434135, -0.04724160,  0.15158650,  0.14645057,  0.22104089, -0.10393280, -0.07818919, -0.11011672
 -0.11391996,  0.26996445, -0.30618108,  0.30166928, -0.26734673,  0.18980187, -0.07932877, -0.05434476,  0.12906594, -0.16259920,  0.13431387, -0.08959112,  0.06628521, -0.12045962,  0.18047840, -0.05994614, -0.01229611,  0.03499844, -0.05516601, -0.01005317,  0.04434134, -0.06454066,  0.10132656, -0.09947165, -0.01993968,  0.05076781,  0.07437322, -0.06004878,  0.05932882, -0.18822414,  0.17358638,  0.04797975, -0.21963209,  0.17049415, -0.16796322,  0.26330485, -0.20133262,  0.05972391, -0.01051957,  0.03669913, -0.16818985,  0.16348098,  0.09319222, -0.15346622,  0.11007835, -0.15753398,  0.02281130,  0.11263230, -0.11125472,  0.06266727
 -0.04160443,  0.00584623,  0.04576505, -0.07281429,  0.19204658, -0.17175534,  0.06090097, -0.06539964,  0.09476496, -0.07448841, -0.02697242,  0.14847590, -0.30116914,  0.20458325,  0.08861246, -0.15276587,  0.15395062, -0.00858663, -0.15981836,  0.14447616, -0.11263255,  0.02304307,  0.08204293, -0.17835177,  0.09450255,  0.05758010, -0.12532707,  0.17475768, -0.08344355, -0.00230483,  0.10874985, -0.12830034, -0.03677132,  0.07842295, -0.12460803,  0.10909785,  0.09741074, -0.25459109,  0.31936124, -0.26457848, -0.07198644,  0.25579985, -0.14638694,  0.14017596,  0.06067629, -0.24584322,  0.07004794,  0.00723843, -0.12028834,  0.15248811
 -0.04163933,  0.07032939, -0.10119480,  0.14752261, -0.08552007,  0.01907798, -0.03554995,  0.03786957,  0.03444126, -0.14957457,  0.21914150, -0.19774550, -0.00911160,  0.20449755, -0.16109691,  0.02411843,  0.15352856, -0.20210324,  0.09643348,  0.00286964, -0.10815658,  0.16242255, -0.14060050, -0.00850956,  0.14617925, -0.15648790,  0.07776297,  0.05715191, -0.11682524,  0.14988183, -0.06209616, -0.10993253,  0.12164049, -0.05920092, -0.08729449,  0.25254232, -0.29228933,  0.22329869, -0.01497239, -0.25381069,  0.27445434, -0.09155014, -0.06773754,  0.22789265, -0.18712852, -0.02270925,  0.12130783, -0.19505834,  0.12094697,  0.01259845
  0.02080435,  0.01610202, -0.02626184, -0.11637463,  0.16001113, -0.11145987,  0.20368066, -0.29990684,  0.22396109, -0.07136090,  0.00912300, -0.01321651,  0.10206567, -0.15020170, -0.02344287,  0.13605664, -0.06156913, -0.08777359,  0.19309079, -0.12584315, -0.05828873,  0.17202405, -0.02735723, -0.15166481,  0.09347152,  0.08422691, -0.16138670,  0.14887710, -0.22252101,  0.16445098, -0.03177765,  0.17213051, -0.35890943,  0.34346116, -0.12441325, -0.06958160,  0.00446297,  0.13767589, -0.12930835,  0.07604153, -0.01649916, -0.02015135, -0.07434672,  0.10948180, -0.13472838,  0.19421760, -0.06646966,  0.05263858, -0.14692679,  0.06367834
  0.04506761, -0.11443816, -0.05746679,  0.13244017,  0.05091258,  0.02114803, -0.10376761, -0.02871258,  0.14355711, -0.08254989, -0.02505657,  0.05302584, -0.11476949, -0.06744678,  0.22524426,  0.02469702, -0.14749464,  0.13276685, -0.07199906, -0.16329483,  0.23573072, -0.01506733, -0.28350425,  0.18590282,  0.09603789, -0.16191228,  0.08129123, -0.01155241, -0.07643764,  0.26603236,  0.00822078, -0.36864059,  0.13946150,  0.15979729, -0.29624565,  0.10825038,  0.22627221, -0.12876419, -0.09404559,  0.09274622, -0.10407938, -0.06977347,  0.15706080,  0.05714074,  0.00406819,  0.03889666, -0.15155901, -0.16496931,  0.06424856,  0.15356451
  0.03310614, -0.13278059,  0.15314991, -0.09410592,  0.08517602, -0.02434031, -0.05721506,  0.03789273,  0.05129475, -0.11934613,  0.13559880, -0.10001685, -0.02253862,  0.03563935,  0.11041961, -0.16013140,  0.10946904, -0.00628005, -0.10512392,  0.06823975,  0.10042748, -0.20566079,  0.07782921,  0.14392140, -0.25954992,  0.21750184, -0.07854268, -0.02397369, -0.04131491,  0.29451435, -0.38913093,  0.16762582,  0.07152677, -0.12241819, -0.06786102,  0.28334486, -0.24474065,  0.09733150, -0.04861464,  0.09306621, -0.21958272,  0.21184137, -0.06855634,  0.05468984, -0.06357709,  0.10243479, -0.20195348,  0.11370012, -0.01633244,  0.02395687
  0.00547091, -0.07755232, -0.00207446,  0.07216242,  0.08997357, -0.07678324, -0.10196935,  0.24631780, -0.21942405,  0.00601311,  0.16599460, -0.11696567, -0.14426981,  0.06299553,  0.20042308, -0.06779680, -0.03060727,  0.04652088, -0.06429313, -0.07738086,  0.14752670, -0.04291956, -0.17735666,  0.05761645,  0.20099184, -0.08734426, -0.24107052,  0.26432953,  0.14201064, -0.22176762,  0.03879332,  0.11084610, -0.20020925, -0.04974195,  0.16663327, -0.08543237,  0.02208231,  0.21172814, -0.30933088,  0.06962077,  0.03581059, -0.01218691, -0.11229615,  0.26268071,  0.05069117, -0.18060564, -0.12112318,  0.06591422, -0.11980928,  0.19720228
  0.01412202,  0.00756992, -0.11742576,  0.04734944,  0.13895090, -0.02413193, -0.17784727,  0.09423760,  0.17268658, -0.18138711, -0.08527554,  0.19535361, -0.03557709, -0.17453446,  0.08469482,  0.20887671, -0.16038209, -0.10707634,  0.14511396, -0.02873255, -0.11315457,  0.16986759, -0.04797697, -0.19677742,  0.17375158,  0.17070264, -0.23180563, -0.17519382,  0.38850404, -0.00378904, -0.23667397,  0.02477476,  0.12136318, -0.10850828,  0.00259684,  0.04444727, -0.01321980,  0.05858150,  0.02188715, -0.19921699,  0.10351672,  0.08051089, -0.07770217, -0.09280057,  0.23531092,  0.00767243, -0.23763290, -0.03300555,  0.14979069, -0.00239399
  0.07139358, -0.06398669,  0.06187769,  0.05915456, -0.18380501, -0.14011661,  0.21933156,  0.05981745,  0.00989455, -0.28613621,  0.13402422,  0.25720635, -0.07849894, -0.08538722,  0.01877063, -0.13232899, -0.17691747,  0.28597158,  0.10417763, -0.26651366,  0.13008379,  0.14965266, -0.11431538,  0.05748037,  0.01340084, -0.08531948, -0.05730214,  0.15794635, -0.13634303, -0.09311162, -0.06408113,  0.16084134,  0.19729919, -0.07101197, -0.08362718,  0.06434700, -0.09700139, -0.07511297,  0.11505333,  0.02938343,  0.12100516, -0.03140593, -0.16279284, -0.07619440,  0.02003120, -0.04921965,  0.16757328,  0.27849913, -0.02362711, -0.31012996
  0.02268623, -0.03358973,  0.04463228, -0.04927908, -0.06298033,  0.09330436,  0.04301897, -0.05485369,  0.02928436, -0.18235596,  0.26976498, -0.11730299,  0.08017412, -0.15673341, -0.00217312,  0.12430555, -0.10639385,  0.26789813, -0.40195863,  0.17778395,  0.13175032, -0.17013335,  0.14197484, -0.25220252,  0.28956866, -0.18894082,  0.12735761, -0.11105725, -0.02230924,  0.17640080, -0.21463449,  0.20780222, -0.08999091, -0.05111095,  0.08633841, -0.13175686,  0.12315388, -0.05672723,  0.09093080, -0.12508893,  0.11801143, -0.06835364, -0.05180196,  0.01448071,  0.04023867,  0.03361129,  0.07939391, -0.14147286, -0.03630289,  0.06563533
  0.03839193, -0.08533747,  0.07628354, -0.04302705,  0.07092298, -0.10174872, -0.00907183,  0.13696147, -0.10952121,  0.04629624, -0.04366681,  0.00197090,  0.12244697, -0.22572906,  0.32351060, -0.33778674,  0.12264281,  0.05008460, -0.11546028,  0.23442979, -0.34152107,  0.32439963, -0.18464193,  0.09151522, -0.00221905, -0.12651561,  0.20371524, -0.21611466,  0.15935334, -0.06474497, -0.07814421,  0.14853550, -0.14657229,  0.18887052, -0.15184867,  0.07072015,  0.00021310, -0.05173005,  0.02487170, -0.01473608,  0.08064826, -0.09977373,  0.03235815,  0.06814592, -0.12733195,  0.04039090,  0.01239344,  0.04726958,  0.02754851, -0.06765752
  0.03788764, -0.04801236, -0.05339221,  0.01913404,  0.12044328,  0.05966144, -0.19309175, -0.13719212,  0.26333597,  0.06977273, -0.06766768, -0.20395344,  0.05706386,  0.02210391,  0.24812030, -0.01787139, -0.40050781,  0.06923811,  0.21457563,  0.13300887, -0.23234914, -0.15337942,  0.19579992,  0.16521678, -0.12737363, -0.15079365,  0.06587573,  0.14740039, -0.15264511,  0.08085003, -0.04622866,  0.00592701, -0.03249119, -0.01388949,  0.13677349, -0.04746436, -0.01707732, -0.02871958,  0.01701266, -0.07155570,  0.11257509, -0.07319502, -0.04636421,  0.16534459,  0.09179048, -0.33216110,  0.00391361,  0.13916246,  0.15973943, -0.15435436
  0.02626528, -0.00158545,  0.03204722, -0.10790641, -0.05495762,  0.09578848,  0.24461632, -0.26651315, -0.18816269,  0.19278166,  0.22021350, -0.14265777, -0.00692220, -0.21755027,  0.12726096,  0.14411282,  0.04674417, -0.30038216,  0.01921910,  0.21113024,  0.05317012, -0.04957910, -0.26891628,  0.22651738,  0.11808682, -0.12069140, -0.15474088,  0.16837742, -0.05799908, -0.05672750,  0.05361235,  0.06281484,  0.01132086, -0.06112491, -0.04925736,  0.12958008, -0.03871501, -0.12252749,  0.16182101, -0.05290640, -0.02594244,  0.05555397, -0.06237334, -0.18320125,  0.29982131,  0.02109048, -0.14150271, -0.03931446,  0.15621353, -0.10601890
 -0.01692726,  0.03116803, -0.01230112,  0.02544468, -0.07245742,  0.07104275, -0.04540220,  0.08405088, -0.21754182,  0.33271252, -0.29815949,  0.12912694,  0.02773972, -0.04021554, -0.06045153,  0.15267558, -0.13600360,  0.02002900,  0.06703901, -0.05541774,  0.02763711, -0.03625328,  0.05441891, -0.11526678,  0.24621545, -0.33286192,  0.24893409, -0.05256047, -0.06906975,  0.07445225, -0.05233212,  0.01456064,  0.02493179, -0.00785955, -0.07245483,  0.15099705, -0.14429232,  0.03288731,  0.06139344, -0.02230783, -0.12636229,  0.29007451, -0.30721288,  0.17089141, -0.07121040,  0.09365272, -0.18964620,  0.22254442, -0.11497137,  0.01491829
 -0.00366603, -0.02974340, -0.00180640,  0.10296326,  0.01043259, -0.12538453, -0.13287008,  0.37018469, -0.18738035, -0.02973808,  0.09395930, -0.29618394,  0.33986983, -0.01041532, -0.12523344,  0.02980956, -0.05272720,  0.05223927,  0.01808221,  0.02649349, -0.18967596,  0.14892128,  0.09667845, -0.21120252,  0.13359250,  0.03356302, -0.19649342,  0.27902783, -0.17444518,  0.07776133, -0.05331667, -0.08754839,  0.08075106,  0.07398899, -0.10388872,  0.01735441,  0.14059531, -0.18995749,  0.01479170,  0.15593675, -0.22352713,  0.15378051,  0.09479197, -0.14152664, -0.00373352, -0.01514077, -0.01455349, -0.00722418,  0.17862908, -0.11681376
 -0.07406982,  0.06218338,  0.01993431, -0.02160905,  0.09216879, -0.12832024,  0.02030936,  0.00853400,  0.06989198,  0.06180311, -0.23146949, -0.10723930,  0.44438694, -0.28237954,  0.08107525, -0.13302019,  0.19403818,  0.05108148, -0.02992662, -0.27703465,  0.17264365,  0.08124476, -0.16015091,  0.06960667, -0.06103512,  0.03127294,  0.06241930,  0.05391380, -0.11928650,  0.13281373, -0.04165045, -0.06703126,  0.03742460, -0.14822259,  0.17882448, -0.07982764, -0.05975123,  0.11887850,  0.07645479, -0.23470977,  0.03988056,  0.16127933, -0.04807898, -0.08812691,  0.18679789, -0.22567987,  0.15042645, -0.09903344, -0.13911380,  0.19751143
 -0.00703081, -0.02167971,  0.07742685, -0.09505437,  0.04879897,  0.02527890, -0.01220274, -0.08498741,  0.10298402, -0.04349257,  0.06228330, -0.13672166,  0.06410568,  0.12291688, -0.25182449,  0.26301242, -0.25222880,  0.32539629, -0.27470657,  0.18027417, -0.23524549,  0.29332230, -0.26569357,  0.17576868, -0.12258287,  0.05749902,  0.00578702, -0.00019587,  0.02243152, -0.08436192,  0.15728149, -0.12915861,  0.07364305, -0.09001367,  0.03573666,  0.05140032, -0.12648840,  0.11062443,  0.01082518, -0.03036672, -0.05736536,  0.06451415,  0.00747331, -0.06147425,  0.06010781,  0.04017388, -0.12447266,  0.17615694, -0.25870713,  0.15084146
 -0.05175962,  0.13619851, -0.18163005,  0.19685573, -0.16341289,  0.10091119, -0.05995891,  0.04182578, -0.08304096,  0.17909337, -0.27170578,  0.24945731, -0.14559951,  0.09003853, -0.08171852,  0.07205936, -0.06550304,  0.16857058, -0.23946359,  0.12312182, -0.02812614,  0.10073625, -0.19681453,  0.16700052, -0.11881950,  0.14566158, -0.16595073,  0.16027012, -0.15084434,  0.17039209, -0.22251612,  0.25115776, -0.21815513,  0.09525574,  0.02815665, -0.04105917, -0.01508563,  0.04744067, -0.01708236, -0.03278371, -0.00461401,  0.06733284, -0.02709720, -0.01590486,  0.01910157, -0.05252876,  0.14176656, -0.25901108,  0.22310689, -0.06531989
 -0.00107416, -0.08979288,  0.13660751,  0.04076784, -0.08383909, -0.02287475, -0.10976318,  0.16720735,  0.18618362, -0.30497488, -0.10962458,  0.17883700,  0.16122437, -0.07029639, -0.22331339,  0.08339728,  0.25217394, -0.18213448, -0.19090070,  0.20339988,  0.08462417, -0.16852159, -0.01034622,  0.15775838, -0.06088868, -0.10087218,  0.09030475,  0.09080063, -0.09917426, -0.07074755,  0.11678737, -0.08959042, -0.09460985,  0.23125457, -0.05196322, -0.13016037,  0.10490986,  0.09018672, -0.16164024, -0.09696895,  0.17553601,  0.10460406, -0.15614550, -0.01315199,  0.09754973, -0.04177602, -0.22705946,  0.21728040,  0.15284671, -0.16203715
  0.12913852, -0.20772495, -0.00612341,  0.10880747,  0.00298679,  0.02234478, -0.03452830, -0.20101901,  0.27991599,  0.09034291, -0.14772067, -0.17844595,  0.05648324,  0.27593657, -0.05698733, -0.32432313,  0.09464503,  0.20037417, -0.05929768, -0.14721490,  0.10738759,  0.03204281, -0.03490929, -0.05555471,  0.18448317, -0.15704652, -0.06998739,  0.09038631,  0.12160046, -0.18323414,  0.05695902,  0.08227379, -0.11319794, -0.01334764,  0.11394906, -0.02788901, -0.09888440,  0.05473380,  0.15555430, -0.14039531, -0.09369286,  0.08186075,  0.08585690, -0.12398537, -0.04063833,  0.27383297, -0.23909377, -0.06008907,  0.24570747, -0.13228902
  0.06543606, -0.16002281,  0.17204944, -0.15016416,  0.07164235,  0.08665513, -0.18583244,  0.18053828, -0.15596939,  0.15373814, -0.07570157, -0.00902771, -0.02716929,  0.09892671, -0.10500309,  0.05050716, -0.04871686,  0.04698347,  0.04831648, -0.12316274,  0.11608300, -0.09257146,  0.07811241, -0.04092630, -0.00803095,  0.02895635, -0.05513944,  0.06410665, -0.05008927,  0.04599928, -0.04030586,  0.09768342, -0.17591594,  0.22140652, -0.25398895,  0.22193182, -0.14517071,  0.03034293,  0.13975991, -0.23878641,  0.26761532, -0.30849074,  0.28307706, -0.24094430,  0.19963423, -0.07372484, -0.03089204,  0.10218507, -0.15575710,  0.07981472
  0.01503087, -0.02342632,  0.00731740,  0.03468955, -0.14981138,  0.26392185, -0.23084502,  0.09619206, -0.00660874, -0.06775201,  0.17927065, -0.18286037,  0.05311877,  0.05518185, -0.09017246,  0.06338833, -0.00738778, -0.07959208,  0.20175340, -0.21087988,  0.07878256,  0.06999165, -0.16487659,  0.20063273, -0.18877894,  0.10195005,  0.01443717, -0.09778992,  0.10216822, -0.02835071, -0.05809175,  0.15029486, -0.16313376,  0.08641830,  0.00914116, -0.14459242,  0.25758697, -0.32297863,  0.32345974, -0.17642216, -0.00540987,  0.11584345, -0.19588373,  0.19274067, -0.12688818,  0.08480086, -0.02669397,  0.03369727, -0.10927890,  0.06669394
 -0.05454111,  0.10375147, -0.02938949, -0.06067904,  0.11204558, -0.13343012,  0.06529860,  0.03956648, -0.10494660,  0.08124827, -0.03345874, -0.04911277,  0.18554721, -0.22288730,  0.08866292,  0.10489677, -0.18469186,  0.19039375, -0.15263009,  0.00234963,  0.17466537, -0.21058505,  0.10754017,  0.02660007, -0.14869565,  0.22545064, -0.18024597,  0.04724158,  0.10122494, -0.21901497,  0.21943051, -0.14466662,  0.03782654,  0.07711506, -0.13373073,  0.15143651, -0.10853335, -0.00162751,  0.10336082, -0.18609610,  0.17482959, -0.02084899, -0.12872344,  0.24753839, -0.29912624,  0.18535762, -0.00950268, -0.13882864,  0.19805775, -0.09544192
 -0.05170808,  0.14016252, -0.17662348,  0.18147743, -0.18021105,  0.12948804, -0.04162262,  0.00057969, -0.03420739,  0.04449940, -0.04887497,  0.07209766, -0.01614981, -0.12182724,  0.19193175, -0.15148516,  0.10806001, -0.02605724, -0.06971774,  0.11627362, -0.09565564,  0.01605535,  0.04681862, -0.06595885,  0.00399849,  0.09496947, -0.16399631,  0.21205723, -0.21305569,  0.13670456, -0.00698885, -0.09181194,  0.15035297, -0.17774457,  0.15178172, -0.11365320,  0.07414879, -0.06183145,  0.08630973, -0.13928106,  0.20617821, -0.21698633,  0.14375005, -0.00577275, -0.15084770,  0.27540411, -0.31791499,  0.28553885, -0.22355980,  0.09491206
