 -0.04410295, -0.04890188, -0.05358750, -0.05837500, -0.06312946, -0.06823338, -0.07367167, -0.07896988, -0.08409194, -0.08887661, -0.09324807, -0.09712453, -0.10069916, -0.10432128, -0.10782107, -0.11079949, -0.11374634, -0.11687649, -0.12018346, -0.12351761, -0.12642589, -0.12946425, -0.13278553, -0.13603470, -0.13901925, -0.14222374, -0.14531913, -0.14852327, -0.15151478, -0.15426131, -0.15659011, -0.15861074, -0.16066676, -0.16279821, -0.16458450, -0.16677852, -0.16925454, -0.17192114, -0.17437272, -0.17686363, -0.17939559, -0.18192581, -0.18405230, -0.18622407, -0.18852313, -0.19085954, -0.19304316, -0.19500835, -0.19702652, -0.19921258
  0.14830000,  0.16776682,  0.18790750,  0.20805876,  0.22516382,  0.23787424,  0.24673545,  0.25090288,  0.24877957,  0.24203705,  0.23179023,  0.21882702,  0.20414946,  0.18826917,  0.17159413,  0.15403329,  0.13682193,  0.12014142,  0.10502419,  0.09118141,  0.07755353,  0.06491812,  0.05366640,  0.04298853,  0.03229996,  0.02204274,  0.01209130,  0.00251947, -0.00701951, -0.01629223, -0.02583189, -0.03553025, -0.04482021, -0.05386605, -0.06305312, -0.07163858, -0.07998667, -0.08792572, -0.09571503, -0.10251917, -0.10903379, -0.11465707, -0.12036665, -0.12541084, -0.12991311, -0.13372221, -0.13679120, -0.13945683, -0.14145458, -0.14280348
  0.37235181,  0.39626308,  0.38277645,  0.33107661,  0.25892468,  0.18174561,  0.09994259,  0.02098435, -0.03627610, -0.08006753, -0.11491701, -0.14292242, -0.16496603, -0.17685970, -0.17954746, -0.17355442, -0.16124880, -0.14151397, -0.12313372, -0.10696190, -0.09201437, -0.07948504, -0.07132847, -0.06568568, -0.06048732, -0.05302804, -0.04591259, -0.03723254, -0.02868140, -0.02329868, -0.01945870, -0.01698396, -0.01644228, -0.01602689, -0.01665997, -0.01441950, -0.00713683,  0.00309205,  0.01369555,  0.02117521,  0.03125729,  0.03949052,  0.04913804,  0.05973621,  0.07278060,  0.08561664,  0.09515000,  0.10223630,  0.10749336,  0.11294178
 -0.54000674, -0.29723921, -0.05617016,  0.10471072,  0.20715985,  0.27808758,  0.27637701,  0.20838878,  0.16944697,  0.14244977,  0.11595768,  0.07915227,  0.02083138, -0.04013991, -0.10057764, -0.14908239, -0.18592430, -0.18688474, -0.18294050, -0.17679084, -0.15265872, -0.12106222, -0.10304122, -0.09596095, -0.09055943, -0.08016162, -0.07139237, -0.05501618, -0.02878364, -0.00635823,  0.01930292,  0.04634892,  0.06257000,  0.07139840,  0.06536406,  0.05185343,  0.04964968,  0.05841317,  0.07346987,  0.06996990,  0.07198495,  0.05517105,  0.03944632,  0.02205523,  0.01944683,  0.02557209,  0.02484128,  0.02032291,  0.00880218, -0.00815136
 -0.11194363, -0.00125747,  0.06820284,  0.09440264,  0.08924709,  0.06197760,  0.01762501, -0.03074298, -0.07055121, -0.10490120, -0.13424520, -0.15798495, -0.17324042, -0.17516351, -0.16397908, -0.14094591, -0.10647294, -0.06212286, -0.01487670,  0.03230653,  0.07721042,  0.11654155,  0.14825326,  0.17337233,  0.19312708,  0.20852807,  0.21897954,  0.22557624,  0.22703166,  0.22200990,  0.21136455,  0.19528224,  0.17330616,  0.14706367,  0.11673235,  0.08668520,  0.05870488,  0.03067997, -0.00021231, -0.03429050, -0.06830815, -0.10253991, -0.13317769, -0.15811966, -0.17454244, -0.18486840, -0.19149433, -0.19336581, -0.18945861, -0.17957112
 -0.18962062, -0.10977308, -0.01851496,  0.03033965,  0.05410307,  0.07131649,  0.05215630,  0.00326832, -0.01173345, -0.00893779, -0.00064463, -0.00074762, -0.01877520, -0.03994189, -0.06244835, -0.08055042, -0.08852264, -0.06626202, -0.03302324,  0.00919128,  0.06774531,  0.13185456,  0.18062792,  0.20914911,  0.22002078,  0.21506487,  0.18804736,  0.14713352,  0.09658400,  0.03252498, -0.03666404, -0.10691635, -0.17746098, -0.23783696, -0.28944604, -0.31929452, -0.31207999, -0.26941854, -0.20220545, -0.13233023, -0.05272034,  0.01202174,  0.06690443,  0.10751823,  0.14289134,  0.16628496,  0.16661298,  0.15008166,  0.12061312,  0.08261355
  0.02367046,  0.00674335, -0.00288480, -0.01429284, -0.02219499, -0.03112295, -0.04280093, -0.04680592, -0.03572820, -0.00955846,  0.02738564,  0.06838180,  0.10065175,  0.11218334,  0.10396271,  0.08450039,  0.04522084, -0.01136152, -0.07751391, -0.13826496, -0.17326707, -0.18834663, -0.18597007, -0.15876322, -0.10466752, -0.04031857,  0.03154969,  0.09833174,  0.15920209,  0.20679968,  0.23728302,  0.24278196,  0.21653233,  0.16165488,  0.09240808,  0.00145869, -0.09689820, -0.18709219, -0.24914488, -0.28203058, -0.28087666, -0.24705655, -0.17707022, -0.09048778, -0.00242162,  0.07764390,  0.14388651,  0.19035759,  0.20564866,  0.18640611
 -0.28842404, -0.10907817,  0.06988357,  0.15758030,  0.18416291,  0.16654867,  0.06494973, -0.07745645, -0.15706098, -0.18592718, -0.17297413, -0.13800798, -0.09681767, -0.04083943,  0.01820644,  0.07822028,  0.13396050,  0.19268782,  0.21730143,  0.20971733,  0.20039170,  0.17897852,  0.12066562,  0.03844336, -0.03673986, -0.10010088, -0.14987037, -0.17759324, -0.17510846, -0.14926829, -0.10008795, -0.04232121,  0.00575814,  0.04217241,  0.05943560,  0.05842197,  0.05062647,  0.03294431,  0.00206933, -0.05308218, -0.10635547, -0.16674780, -0.19645585, -0.18658481, -0.12685572, -0.03825971,  0.05415321,  0.15131113,  0.23833508,  0.29165762
  0.18137179, -0.00317223, -0.16731610, -0.27353479, -0.25527226, -0.01660293,  0.27622662,  0.37152049,  0.32888421,  0.18076880, -0.00748273, -0.16718216, -0.26556276, -0.26270716, -0.18627275, -0.08522441,  0.00874318,  0.11034086,  0.15097034,  0.10421441, -0.00243901, -0.06690664, -0.06996045, -0.04880826, -0.02656972,  0.03142907,  0.06465491,  0.08675955,  0.08092227,  0.03201322, -0.04024898, -0.09326937, -0.08399280, -0.02032208,  0.01721928,  0.03366469,  0.02691071,  0.01019420, -0.01397993, -0.04787415, -0.03687255, -0.02896055, -0.05684086, -0.09714322, -0.11746419, -0.08838831, -0.01735497,  0.07747776,  0.17324873,  0.24535098
 -0.19413913,  0.11588123,  0.21073238,  0.13572563, -0.06314191, -0.30897278, -0.35129024, -0.09653902,  0.15236302,  0.30363034,  0.31553141,  0.18862755,  0.01663961, -0.13515196, -0.21402175, -0.22577998, -0.15377369, -0.06772959,  0.06165510,  0.18233323,  0.21928040,  0.14474678,  0.02082420, -0.08197418, -0.12176344, -0.12925260, -0.07711435, -0.01746415,  0.04073049,  0.10433734,  0.10984810,  0.03591801, -0.06049835, -0.11383705, -0.08104330,  0.00134822,  0.06780522,  0.08946430,  0.05041747,  0.00500367, -0.08347734, -0.11559411, -0.09743140, -0.03739142,  0.01079949,  0.01962654,  0.01175349,  0.02017964,  0.05997177,  0.09288294
  0.26876501, -0.06382067, -0.18865312, -0.10208567,  0.02724923,  0.08504711,  0.02611154, -0.10003605, -0.12079252, -0.02685107,  0.11019324,  0.21698338,  0.21403580,  0.09163238, -0.05366466, -0.12456208, -0.15063486, -0.16490742, -0.17232113, -0.12161977, -0.02579586,  0.09345251,  0.17276831,  0.15663359,  0.06439986, -0.02110222, -0.08262923, -0.08157732, -0.03782298,  0.03020377,  0.09730935,  0.10463552,  0.05191557, -0.04493062, -0.11242661, -0.10966325, -0.06378962,  0.01154528,  0.10203423,  0.15659150,  0.15628789,  0.07610213, -0.05733187, -0.18005855, -0.28193893, -0.28888820, -0.16326214,  0.02864872,  0.21567547,  0.37617995
 -0.00275384,  0.07913218,  0.03546584, -0.11565710, -0.11091099,  0.02406656,  0.06225448,  0.01389369, -0.00385463,  0.01960334,  0.06558714,  0.08191579,  0.04278200, -0.04902959, -0.16708867, -0.20211559, -0.09345531,  0.06647653,  0.11544333,  0.06962824,  0.06616866,  0.10124548,  0.10062825,  0.07356862,  0.05871659, -0.00629132, -0.11834994, -0.22447213, -0.24194037, -0.15504531, -0.00489780,  0.14571632,  0.25261370,  0.27130903,  0.20033157,  0.05436566, -0.11280110, -0.25780238, -0.30453797, -0.21600911, -0.03996354,  0.11282806,  0.22770647,  0.26292279,  0.16937380, -0.03531848, -0.19949626, -0.17463506, -0.02347675,  0.09662088
  0.00104139, -0.05808737, -0.15047585,  0.07359139,  0.25565446,  0.04032224, -0.15945742, -0.04834992,  0.06049144,  0.09607604,  0.01410389, -0.10891875, -0.18178727, -0.21781053, -0.11256526,  0.15436302,  0.32312420,  0.20123068,  0.05359831,  0.03519156,  0.06455557, -0.00661146, -0.10261496, -0.13279841, -0.13364809, -0.16135150, -0.10266206, -0.02457926,  0.05088703,  0.12262540,  0.19347222,  0.23646688,  0.15382649, -0.04232441, -0.14858215, -0.20510180, -0.25056888, -0.21973550, -0.03309880,  0.18380544,  0.22286356,  0.18918853,  0.14885218,  0.05500288, -0.09088882, -0.13799992, -0.03479847,  0.03983253, -0.01925131, -0.08838131
 -0.18252842,  0.03614268,  0.33909818,  0.02464159, -0.31618156, -0.10407846,  0.18377407,  0.17340674,  0.02201498, -0.15309112, -0.20001774, -0.13877353, -0.01387316,  0.18554031,  0.25143210,  0.03664999, -0.14224426, -0.01288126,  0.12531147,  0.06614599, -0.01914262, -0.02082035, -0.05088171, -0.10572313, -0.05765363,  0.00772189, -0.04769277, -0.12943799, -0.05563635,  0.16527947,  0.29664115,  0.18333742, -0.01030294, -0.10532405, -0.18473029, -0.23845640, -0.13224363,  0.05774971,  0.12624002,  0.09290217,  0.08957552,  0.05128787,  0.00802101,  0.01955064,  0.07743866, -0.00239830, -0.20254486, -0.19253230,  0.05702442,  0.13140835
  0.17350698, -0.31402027,  0.01021736,  0.34579851, -0.04886391, -0.32246593, -0.07151436,  0.10552749,  0.20142928,  0.13086567, -0.02460225, -0.08657319, -0.13717618, -0.09797801,  0.12349761,  0.25690300, -0.04044697, -0.24009562, -0.14148482, -0.01089281, -0.01367251,  0.02679791,  0.12500370,  0.09931546,  0.00753968,  0.07100399,  0.10906659, -0.01406116, -0.21240263, -0.27113648, -0.05464527,  0.14485204,  0.14259172,  0.09278659,  0.10182699, -0.00886946, -0.13860464, -0.09646447,  0.06610304,  0.03062805,  0.01264815, -0.01648318, -0.06006605, -0.11342239, -0.04254246,  0.13852303,  0.12032068, -0.11439227, -0.12885138,  0.18064165
 -0.18673926,  0.27577415,  0.15916273, -0.19685470, -0.10148772, -0.01811611, -0.12189792,  0.02225187,  0.16968570,  0.19426624,  0.04329415, -0.18178964, -0.17959561,  0.00712538,  0.10730418,  0.11567478,  0.18786892,  0.01647973, -0.30437234, -0.37651463, -0.07425223,  0.16982024,  0.16117796,  0.15351265,  0.21537420,  0.07659844, -0.13112156, -0.22253922, -0.10433564,  0.04397635,  0.00331274, -0.04655149,  0.01705621,  0.07764156,  0.05416777,  0.01705634, -0.00702348, -0.04373078, -0.01919649,  0.12277014,  0.05067598, -0.11844100, -0.13283492, -0.00321129,  0.03145856, -0.08207195, -0.05289455,  0.17409629,  0.17495689, -0.14098794
  0.07784642,  0.07545314, -0.13895434, -0.15715913, -0.01111319,  0.05676799,  0.09793768,  0.13008332,  0.08106174, -0.05371887, -0.16612816, -0.12784690,  0.02410215,  0.12830248,  0.11541397,  0.03190559, -0.14041975, -0.29593560, -0.21498846,  0.10909438,  0.37782245,  0.35632651,  0.15122028, -0.06753713, -0.26110716, -0.33692418, -0.18945872,  0.07011861,  0.20690106,  0.10773452, -0.03950699, -0.03948406,  0.05172097,  0.10207289,  0.06597923, -0.01817925, -0.08409266, -0.08351536, -0.01439580, -0.00008648, -0.03949949, -0.03221163,  0.02750091,  0.03438691,  0.01041250,  0.05525246,  0.13257099,  0.06696877, -0.11554302, -0.10887931
  0.03413750, -0.16153433,  0.11976062,  0.14966085, -0.13673866, -0.07962289,  0.11061280,  0.00637175, -0.06335820, -0.04158301,  0.04619304,  0.08450745, -0.06256396, -0.15286761, -0.00944786,  0.13130421,  0.06141336,  0.07783060,  0.04822986, -0.14094708, -0.23700655, -0.00582082,  0.30402136,  0.28201981, -0.04514207, -0.28600479, -0.28640925, -0.07063940,  0.16537283,  0.24323619,  0.16583301, -0.06555126, -0.23918098, -0.13126176,  0.10293935,  0.15016775,  0.09100394,  0.00206479, -0.12495634, -0.23017013, -0.01965366,  0.20271942,  0.17139831, -0.06639414, -0.10999641,  0.05580099,  0.08821509, -0.04598609, -0.06892562, -0.01040011
 -0.07168406,  0.00809639,  0.15263354, -0.02061677, -0.06679633,  0.07056452, -0.00590331, -0.12763392, -0.12000747,  0.04852467,  0.15667730,  0.01103718, -0.11210221,  0.00782477,  0.11322618, -0.01847974,  0.00545376,  0.10787635,  0.00604391, -0.15533503, -0.07715147,  0.17053746,  0.13591234, -0.20283083, -0.33113272, -0.04892648,  0.25394438,  0.28480394,  0.08458870, -0.05061597, -0.13937058, -0.18686220, -0.04053916,  0.13661641,  0.09958091,  0.01872973, -0.03760004, -0.12372479, -0.20362508,  0.05918561,  0.32897286,  0.20539202, -0.18756044, -0.19893296,  0.09059019,  0.10270309, -0.16780879, -0.18979990,  0.09184981,  0.13080255
 -0.06091812,  0.23525409, -0.15342325, -0.19948702,  0.15526010,  0.03590320, -0.10928831,  0.11489780,  0.05489623, -0.00597271,  0.04078936, -0.07312247, -0.10618587,  0.04878498,  0.07309457, -0.09968185, -0.02083622,  0.04926830,  0.05533929, -0.00878159, -0.11001075, -0.08071027,  0.13172096,  0.22050401, -0.00586354, -0.19250256, -0.02139784,  0.06348431, -0.10005950, -0.13972995,  0.00094281,  0.20869355,  0.25144952, -0.00404489, -0.34035036, -0.17844659,  0.20817679,  0.25644707, -0.09899599, -0.17518214,  0.00355847,  0.16808894, -0.10098973, -0.23994046,  0.04592415,  0.28461468,  0.11758868, -0.12255093, -0.11458785,  0.03423188
  0.14807952, -0.09625095, -0.26447983,  0.11783546,  0.08802231, -0.05350074,  0.13821332,  0.02772617, -0.01432818,  0.04368801, -0.06961154, -0.11976667,  0.04657121,  0.07989357, -0.10395725, -0.05946018,  0.06212801,  0.03854188, -0.06945762, -0.05673062,  0.01916483,  0.13096190,  0.12707456, -0.06281629, -0.16084034,  0.08098851,  0.06763438, -0.14796420, -0.13450038,  0.06003065,  0.21310022,  0.17307376, -0.10976388, -0.31246108, -0.15331214,  0.28482378,  0.28791715, -0.10328887, -0.18275552,  0.02890483,  0.11379906, -0.17077877, -0.25772146,  0.12361400,  0.33681878,  0.06301785, -0.13168444, -0.03373550,  0.00940131, -0.03775256
 -0.08424144,  0.15534930,  0.01804091, -0.25910003,  0.17474536,  0.08535273, -0.22761018,  0.19262709,  0.13607832, -0.25973043, -0.08169099,  0.20153795,  0.02193539, -0.08558197,  0.00990055,  0.02487926, -0.00283609, -0.03397634,  0.04509842, -0.01366627, -0.04259861, -0.02077422, -0.04037117,  0.08349335,  0.07307485, -0.16245980,  0.06209599,  0.16001962, -0.14545551, -0.07754673,  0.16432339,  0.09743347, -0.21903024, -0.23531609,  0.24011470,  0.26522330, -0.16830950, -0.25169323,  0.09129454,  0.22528478, -0.03692847, -0.10831328,  0.00231517, -0.04798772, -0.03946084,  0.19661190,  0.00525026, -0.21320516,  0.02181864,  0.10003822
 -0.01195086, -0.11645440,  0.27491874, -0.04879024, -0.25735308,  0.26737334, -0.10057866, -0.18437596,  0.22402802,  0.09033197, -0.23863170, -0.02807106,  0.17771743, -0.01844101,  0.00001719, -0.03069180,  0.03450665, -0.04009926, -0.01950322,  0.08854808, -0.03262366, -0.02635237, -0.03886667, -0.07017638,  0.13888242,  0.04871632, -0.21143317,  0.14809268,  0.12646224, -0.15902052, -0.07974352,  0.08880583,  0.15672996, -0.14837894, -0.21886453,  0.22664426,  0.16915026, -0.13183506, -0.25982718,  0.12559678,  0.15497416,  0.03486773, -0.06744202,  0.04335252, -0.14913363, -0.08515836,  0.22696895, -0.03420909, -0.13135521,  0.09111383
  0.05730363, -0.11506098,  0.11987423, -0.14581330,  0.02992310,  0.16060031, -0.10840268,  0.01544084, -0.02484989,  0.00823239,  0.06120453,  0.03260928, -0.15048985, -0.08243136,  0.18473433,  0.12422351, -0.08943812, -0.12817428, -0.07221831, -0.05047685,  0.14657514,  0.22683742, -0.07899096, -0.23179854, -0.06649841,  0.14192167,  0.20911634,  0.00502373, -0.27032363, -0.07719977,  0.17619816,  0.12111332, -0.04977460, -0.22930170,  0.02382673,  0.04987160,  0.17333212,  0.16507019, -0.14063937, -0.28053404, -0.11101709,  0.20755365,  0.27099066, -0.01770462, -0.23256197, -0.08233317,  0.01431892,  0.08204716,  0.18149722, -0.15075772
  0.06090171, -0.11925339,  0.06774259, -0.03443331, -0.11449062,  0.20971042, -0.01691378, -0.03219911,  0.00256179, -0.04007761,  0.00779166,  0.11590409, -0.00783532, -0.23258916, -0.04236961,  0.09618588,  0.18703220,  0.05275438, -0.07050927, -0.14083902, -0.14801093,  0.13941450,  0.22750720, -0.03499187, -0.17378504, -0.11473474,  0.00384881,  0.24017208,  0.03597959, -0.14528813, -0.03259192,  0.04081967,  0.13638792, -0.02386103, -0.16730105, -0.10510006, -0.04354795,  0.24048892,  0.22539493,  0.02640272, -0.33567666, -0.25783294,  0.03800119,  0.34574653,  0.16804485, -0.08110710, -0.11546789, -0.16811903,  0.06011342,  0.06979735
  0.24304679, -0.27502254,  0.00995636, -0.07860696, -0.05457789,  0.32436350, -0.19523787,  0.06687085, -0.04668094,  0.02988746,  0.07093352,  0.04384325, -0.05567430, -0.11633470,  0.08904028, -0.18996265, -0.02644671,  0.04747214,  0.04976520,  0.09695251, -0.01503321,  0.04828122,  0.00835387, -0.08046457,  0.07673172,  0.15002152, -0.19229130, -0.15782014, -0.15033334,  0.17406746,  0.28137551, -0.23070122,  0.00863430,  0.13060748,  0.10499446, -0.11234215, -0.18972637,  0.14625651, -0.00263664,  0.07386303, -0.00399073,  0.04203167, -0.32338781, -0.05118498,  0.14981889,  0.15727528,  0.22307403, -0.09778249, -0.06941057, -0.11884577
 -0.10996963,  0.26730142, -0.30721985,  0.30045642, -0.27022890,  0.19392328, -0.08118277, -0.05164786,  0.12801823, -0.16134043,  0.13605216, -0.08910461,  0.06775472, -0.12251796,  0.18004690, -0.06175281, -0.01305604,  0.03629302, -0.05397445, -0.01067607,  0.04422923, -0.06384220,  0.10120999, -0.10006368, -0.02003390,  0.05201467,  0.07330457, -0.06330365,  0.05751770, -0.18669024,  0.17753721,  0.04670333, -0.21882517,  0.17036681, -0.16641714,  0.25998980, -0.20481427,  0.06336835, -0.01059621,  0.03844097, -0.16729359,  0.16257139,  0.08838494, -0.15694716,  0.11152351, -0.15386568,  0.02662001,  0.11182001, -0.11261028,  0.05862564
 -0.03728685,  0.00527378,  0.03962249, -0.06962225,  0.18547153, -0.16509779,  0.05648262, -0.06003973,  0.09513426, -0.07746093, -0.01809371,  0.14453936, -0.30097137,  0.20817887,  0.08545531, -0.15644318,  0.15851457, -0.01177374, -0.15788785,  0.14446861, -0.11608417,  0.02814951,  0.07919880, -0.18178939,  0.09879016,  0.05637316, -0.12545534,  0.17193581, -0.08937339,  0.00301821,  0.11568457, -0.13467245, -0.03365412,  0.07763558, -0.12613525,  0.11250775,  0.08423348, -0.24419484,  0.32127712, -0.27108675, -0.06502586,  0.25537615, -0.15645655,  0.14097295,  0.05934890, -0.24412191,  0.07996903,  0.00094452, -0.12160684,  0.14857732
 -0.03722394,  0.06759524, -0.10337391,  0.14834348, -0.09122923,  0.02675500, -0.03978304,  0.04217448,  0.03109419, -0.14632172,  0.22073344, -0.20117247, -0.00132998,  0.19844493, -0.16257817,  0.02616535,  0.14977457, -0.20108390,  0.10002474, -0.00067570, -0.10514949,  0.16211576, -0.14294488, -0.00499553,  0.14413806, -0.15625008,  0.07929869,  0.05022171, -0.11599970,  0.15191809, -0.06093262, -0.10957768,  0.12300854, -0.06102214, -0.08281847,  0.24719007, -0.29656682,  0.23253235, -0.02310208, -0.24672039,  0.27616240, -0.09745206, -0.06812105,  0.22265886, -0.18680099, -0.01475175,  0.12216972, -0.19689534,  0.12197391,  0.00725700
  0.01857290,  0.01968297, -0.02426340, -0.11798426,  0.15664679, -0.11371625,  0.20979873, -0.30242758,  0.22301134, -0.07265440,  0.01002589, -0.01176598,  0.10300327, -0.14866433, -0.02901279,  0.13501900, -0.05985229, -0.08907659,  0.19604460, -0.12302545, -0.06371034,  0.17357020, -0.02138644, -0.15457980,  0.09120013,  0.08486514, -0.16041897,  0.15043484, -0.22286125,  0.15799434, -0.03319857,  0.18072981, -0.35913852,  0.34082774, -0.12194947, -0.06865191, -0.00000188,  0.13548314, -0.12331219,  0.07343347, -0.01317162, -0.01978230, -0.07599624,  0.10720140, -0.13604148,  0.19282801, -0.06180167,  0.05828145, -0.14553017,  0.05721550
  0.04510247, -0.09876678, -0.07398881,  0.13843778,  0.03477344,  0.02008140, -0.08422857, -0.03950552,  0.14552788, -0.07575755, -0.03720340,  0.07261175, -0.10872967, -0.07535296,  0.20629885,  0.03976477, -0.16029686,  0.13957539, -0.05604743, -0.17880469,  0.22334034,  0.01503253, -0.29044626,  0.16459421,  0.12229908, -0.18463478,  0.09146543, -0.00754775, -0.08576358,  0.23786795,  0.05372174, -0.38135649,  0.13187328,  0.17850316, -0.29739979,  0.07669853,  0.24774710, -0.14179526, -0.07812432,  0.08272711, -0.07886806, -0.09217980,  0.15655449,  0.04293695,  0.00658560,  0.03507121, -0.11869156, -0.17069177,  0.05954107,  0.13925111
  0.03952641, -0.14420591,  0.14679134, -0.07983458,  0.08432481, -0.02379796, -0.06053281,  0.03078060,  0.07134070, -0.13270840,  0.13346039, -0.08712667, -0.03450647,  0.02631550,  0.13113589, -0.15909509,  0.09131052,  0.01372939, -0.11071961,  0.04539352,  0.12613691, -0.20268103,  0.04653440,  0.16298011, -0.24994015,  0.19694906, -0.06524362, -0.02525103, -0.05748135,  0.32469840, -0.38532347,  0.12719093,  0.09142052, -0.10257855, -0.10715707,  0.29611031, -0.22078585,  0.07730757, -0.05002877,  0.10265304, -0.22914896,  0.20282438, -0.05333408,  0.05460706, -0.06510125,  0.10940730, -0.21078367,  0.09891411, -0.01002849,  0.03213184
  0.01251712, -0.08543609,  0.00469680,  0.07203276,  0.07690061, -0.08250865, -0.08633263,  0.24724330, -0.22012690, -0.00343847,  0.17818662, -0.11105193, -0.14672429,  0.06383144,  0.20167279, -0.08426962, -0.03130743,  0.06932316, -0.07088776, -0.09612763,  0.16659296, -0.04380179, -0.18716505,  0.06942362,  0.19439683, -0.09632827, -0.23460907,  0.27645017,  0.11407038, -0.21194866,  0.04355927,  0.11071919, -0.19388190, -0.04527830,  0.15223392, -0.08089232,  0.01807280,  0.20791641, -0.30593607,  0.08225388,  0.02990607, -0.01283863, -0.11964388,  0.26140726,  0.04003938, -0.17587895, -0.10721568,  0.07675250, -0.13338509,  0.18762722
  0.01822222,  0.00045634, -0.11537128,  0.05246263,  0.13592695, -0.03259109, -0.17430896,  0.10708439,  0.16585982, -0.19290766, -0.07230676,  0.20056873, -0.04507227, -0.17550860,  0.09518363,  0.20028740, -0.16774994, -0.09266719,  0.14401309, -0.04405245, -0.09917527,  0.17296363, -0.06195122, -0.19139996,  0.18266862,  0.16372543, -0.24331157, -0.15903903,  0.38724163, -0.01179220, -0.23800276,  0.03281319,  0.12130896, -0.11189256,  0.00214671,  0.04499886, -0.01556852,  0.06441791,  0.01334396, -0.19405426,  0.10682925,  0.08000012, -0.08883992, -0.08515630,  0.23715693,  0.00078450, -0.23773255, -0.02123751,  0.14224465, -0.00401662
  0.06393619, -0.05461233,  0.06853807,  0.05565807, -0.19304213, -0.13448715,  0.23327130,  0.03611906,  0.00805528, -0.27423163,  0.12412725,  0.25096475, -0.07084276, -0.07878255,  0.00423072, -0.13523120, -0.17502881,  0.27745939,  0.11569041, -0.24663283,  0.11080844,  0.14547410, -0.09248414,  0.06611866, -0.00728681, -0.09053156, -0.03628133,  0.15701050, -0.15113588, -0.10222646, -0.05632322,  0.16444990,  0.20017514, -0.06773990, -0.07616453,  0.06452201, -0.09778199, -0.09321996,  0.13031007,  0.03007409,  0.12707457, -0.04216432, -0.14710390, -0.08116100,  0.01240542, -0.05461205,  0.18646594,  0.28399256, -0.00785113, -0.33078463
  0.02312308, -0.03369657,  0.04534365, -0.04899941, -0.06485111,  0.09252989,  0.04531591, -0.05588240,  0.03018380, -0.18464990,  0.27020072, -0.11552707,  0.08046295, -0.15738988, -0.00272492,  0.12325862, -0.10887676,  0.27044845, -0.39991799,  0.17627852,  0.13168196, -0.16926488,  0.14286302, -0.25133624,  0.28808240, -0.18956541,  0.12773763, -0.10955752, -0.02487171,  0.17566609, -0.21505135,  0.20945002, -0.08790170, -0.05188134,  0.08684909, -0.13179472,  0.12214823, -0.05802625,  0.09274261, -0.12510763,  0.11988556, -0.06932248, -0.05269580,  0.01355542,  0.04049285,  0.03217048,  0.08240715, -0.13855192, -0.03567365,  0.06132913
  0.03895870, -0.08688037,  0.07459044, -0.04295060,  0.07541323, -0.09723160, -0.01397733,  0.12742569, -0.10304565,  0.05132969, -0.04153852, -0.00843692,  0.11998798, -0.22464888,  0.33431676, -0.33536335,  0.10946545,  0.04564259, -0.10794527,  0.24546176, -0.34943576,  0.31527639, -0.17935424,  0.10002388, -0.00392616, -0.13372755,  0.20329095, -0.20881575,  0.15645505, -0.06458312, -0.07929012,  0.14967992, -0.14944790,  0.18863972, -0.14768410,  0.07128475,  0.00110192, -0.05539070,  0.02553976, -0.01684563,  0.08409376, -0.10360985,  0.03295665,  0.07375746, -0.12113042,  0.02922832,  0.00807254,  0.04985113,  0.03834732, -0.07271063
  0.03538371, -0.04496085, -0.05771112,  0.01849968,  0.12160361,  0.06970467, -0.19332231, -0.14954252,  0.25998439,  0.08085334, -0.05976342, -0.21343025,  0.04442620,  0.03088075,  0.24299201,  0.00263529, -0.40059851,  0.04862841,  0.21775300,  0.13807340, -0.21984169, -0.17329868,  0.19550144,  0.16773541, -0.11906117, -0.15080256,  0.05243455,  0.15833971, -0.15116586,  0.08022055, -0.04056114, -0.00164262, -0.03331823, -0.01932676,  0.13854784, -0.04391823, -0.01468668, -0.02922769,  0.01452545, -0.07054705,  0.10380134, -0.06742349, -0.04522425,  0.16367275,  0.10328323, -0.33024828, -0.01256171,  0.13028436,  0.16682223, -0.14494716
 -0.02354409, -0.00035407, -0.03255472,  0.10688738,  0.05762464, -0.09616747, -0.24982339,  0.26721982,  0.19176311, -0.18306299, -0.23136356,  0.13787739,  0.02166630,  0.20767842, -0.11661741, -0.14749006, -0.06109152,  0.30842222, -0.01243170, -0.21083679, -0.06379503,  0.05344391,  0.26975723, -0.22090812, -0.11979719,  0.10866217,  0.16452380, -0.16528417,  0.04702133,  0.06401361, -0.05682728, -0.06138326, -0.01033674,  0.06002846,  0.05186037, -0.12877774,  0.03235893,  0.12321720, -0.15574945,  0.04688297,  0.02832912, -0.04933424,  0.05075476,  0.18787560, -0.29591674, -0.03211355,  0.14292538,  0.05071764, -0.15785593,  0.09844477
 -0.01617487,  0.03133299, -0.01040983,  0.02269647, -0.07549588,  0.07176004, -0.03693708,  0.07871589, -0.22302371,  0.33520916, -0.29337469,  0.12815225,  0.02996199, -0.04776645, -0.05872675,  0.15426492, -0.13382643,  0.01562791,  0.06687722, -0.05249787,  0.02937917, -0.03424055,  0.04706775, -0.11040983,  0.24823905, -0.33523162,  0.24629342, -0.04927288, -0.07185374,  0.07292605, -0.05163457,  0.01749282,  0.02677152, -0.00966233, -0.07360514,  0.15378306, -0.14605964,  0.02967573,  0.06672713, -0.02386124, -0.12579347,  0.29139876, -0.30941326,  0.16479674, -0.06455881,  0.09459568, -0.18959900,  0.22293792, -0.11276780,  0.01032151
 -0.00333917, -0.02979854, -0.00145455,  0.10206492,  0.01035161, -0.12543825, -0.13133447,  0.36868745, -0.18755967, -0.02896454,  0.09449135, -0.29720154,  0.34189326, -0.01302289, -0.12385792,  0.02962662, -0.05272920,  0.05181675,  0.01823201,  0.02685948, -0.18976210,  0.14973729,  0.09456473, -0.20919414,  0.13315875,  0.03307560, -0.19686531,  0.28006784, -0.17580461,  0.07806592, -0.05315731, -0.08712000,  0.08117672,  0.07318691, -0.10344564,  0.01752469,  0.13986991, -0.19024327,  0.01631258,  0.15475269, -0.22292767,  0.15418099,  0.09396326, -0.14302110, -0.00142163, -0.01623901, -0.01396926, -0.00703715,  0.17874197, -0.11780851
 -0.06857650,  0.05901815,  0.02277235, -0.03081544,  0.09215255, -0.12365810,  0.02478368, -0.00195276,  0.07538390,  0.06237124, -0.22174005, -0.11369667,  0.44723524, -0.28436677,  0.07834081, -0.12122795,  0.17619091,  0.06368034, -0.03900542, -0.26244442,  0.15622819,  0.09606287, -0.17754717,  0.08664900, -0.07112426,  0.03233722,  0.06039828,  0.05558495, -0.12420145,  0.13086284, -0.03270975, -0.06905821,  0.04129569, -0.15244079,  0.17886595, -0.07759050, -0.06819344,  0.12172882,  0.08252760, -0.23705088,  0.04155766,  0.16059570, -0.05356221, -0.09526412,  0.19589447, -0.22570366,  0.14736835, -0.08764531, -0.14983957,  0.19262489
 -0.00200975, -0.02488550,  0.07631804, -0.09504609,  0.04296073,  0.03214378, -0.01111591, -0.08657999,  0.09885665, -0.04608981,  0.07487744, -0.13032890,  0.04285486,  0.13378896, -0.25370502,  0.26900787, -0.26275014,  0.32231037, -0.27193639,  0.19455454, -0.24443497,  0.28988348, -0.25884643,  0.17414312, -0.12073893,  0.05566312,  0.00239398, -0.00247776,  0.02599047, -0.09001272,  0.15921331, -0.12427874,  0.07237108, -0.08281654,  0.02664296,  0.05511967, -0.12426685,  0.10398456,  0.00881646, -0.01907910, -0.05784107,  0.05581268,  0.00787870, -0.05852078,  0.05244127,  0.05066093, -0.12987953,  0.18192794, -0.25167987,  0.13732597
 -0.05110805,  0.13578073, -0.18225057,  0.19679409, -0.16320959,  0.10150618, -0.06070545,  0.04173831, -0.08258869,  0.17978521, -0.27101715,  0.24895129, -0.14658251,  0.09069595, -0.08058757,  0.07172993, -0.06585807,  0.16787152, -0.23891328,  0.12344272, -0.02850681,  0.09996706, -0.19654976,  0.16703144, -0.11869813,  0.14558870, -0.16647942,  0.16024531, -0.15048895,  0.17064551, -0.22243339,  0.25129631, -0.21885757,  0.09560508,  0.02765324, -0.04118553, -0.01479314,  0.04722831, -0.01699015, -0.03258970, -0.00483152,  0.06683562, -0.02712756, -0.01572949,  0.01891735, -0.05219502,  0.14115506, -0.25956634,  0.22362070, -0.06565567
 -0.00100044, -0.09009185,  0.13645286,  0.04112856, -0.08364789, -0.02285014, -0.11018568,  0.16692349,  0.18691033, -0.30455315, -0.11029724,  0.17830396,  0.16147926, -0.06961195, -0.22344054,  0.08280351,  0.25248644, -0.18163533, -0.19131760,  0.20301898,  0.08492908, -0.16845221, -0.01069360,  0.15780682, -0.06059273, -0.10104365,  0.09008577,  0.09112407, -0.09887621, -0.07090876,  0.11675522, -0.08948860, -0.09513247,  0.23121732, -0.05163042, -0.13027923,  0.10474258,  0.09050369, -0.16143863, -0.09747803,  0.17522128,  0.10498786, -0.15587213, -0.01334005,  0.09759642, -0.04149134, -0.22760684,  0.21674552,  0.15337375, -0.16173599
  0.12729265, -0.20661233, -0.00501405,  0.10904993,  0.00356038,  0.02050430, -0.03247248, -0.20188713,  0.27881106,  0.08984531, -0.14954368, -0.17857818,  0.05844474,  0.27507268, -0.05878412, -0.32440602,  0.09506203,  0.20272482, -0.06010841, -0.14884716,  0.10833768,  0.03413527, -0.03518943, -0.05657229,  0.18509302, -0.15692660, -0.06894932,  0.09025269,  0.12172810, -0.18402012,  0.05646105,  0.08179474, -0.11125476, -0.01517910,  0.11574878, -0.02694715, -0.10011067,  0.05537069,  0.15540984, -0.14054935, -0.09424197,  0.08296779,  0.08714625, -0.12421274, -0.04049739,  0.27312063, -0.23739094, -0.06002899,  0.24466249, -0.13020251
  0.06548449, -0.16009761,  0.17225543, -0.15019842,  0.07197282,  0.08556571, -0.18439512,  0.17975938, -0.15607270,  0.15383447, -0.07656026, -0.00818496, -0.02720111,  0.09870206, -0.10497480,  0.04986677, -0.04871102,  0.04780610,  0.04756326, -0.12253054,  0.11597866, -0.09256883,  0.07895715, -0.04194225, -0.00708484,  0.02840656, -0.05522717,  0.06456070, -0.05054672,  0.04562241, -0.03997166,  0.09731547, -0.17494759,  0.22098437, -0.25377866,  0.22264902, -0.14647739,  0.03149101,  0.13886622, -0.23820266,  0.26781728, -0.30902734,  0.28398263, -0.24189667,  0.19991785, -0.07346467, -0.03077388,  0.10244690, -0.15511159,  0.07890288
  0.01607101, -0.02458023,  0.00807740,  0.03436879, -0.15050750,  0.26466877, -0.23062077,  0.09605671, -0.00740773, -0.06727011,  0.17906429, -0.18250982,  0.05307611,  0.05552421, -0.09066816,  0.06242300, -0.00780333, -0.07850548,  0.20219077, -0.21149498,  0.07943596,  0.06989901, -0.16393318,  0.19998649, -0.18849027,  0.10186047,  0.01362923, -0.09715644,  0.10157028, -0.02911683, -0.05775363,  0.15124760, -0.16317464,  0.08722050,  0.00845303, -0.14363099,  0.25649909, -0.32338706,  0.32527704, -0.17778778, -0.00351725,  0.11386147, -0.19466965,  0.19131199, -0.12697300,  0.08663411, -0.02739909,  0.03534667, -0.10946170,  0.06479056
 -0.05455737,  0.10385996, -0.02956678, -0.06070831,  0.11227035, -0.13374670,  0.06547241,  0.03950311, -0.10481265,  0.08136705, -0.03357171, -0.04893331,  0.18542373, -0.22297795,  0.08896622,  0.10488704, -0.18468450,  0.19032508, -0.15290802,  0.00272319,  0.17446116, -0.21077110,  0.10767459,  0.02643392, -0.14852723,  0.22536656, -0.18028681,  0.04733538,  0.10113897, -0.21886644,  0.21953055, -0.14495395,  0.03797153,  0.07697221, -0.13376524,  0.15148351, -0.10871938, -0.00121185,  0.10284309, -0.18578666,  0.17471307, -0.02089423, -0.12865345,  0.24744364, -0.29902349,  0.18518191, -0.00951915, -0.13902715,  0.19821376, -0.09543678
 -0.05078681,  0.13970123, -0.17699051,  0.18120245, -0.18019962,  0.12928921, -0.04107969,  0.00019118, -0.03377785,  0.04482327, -0.04857004,  0.07263068, -0.01675257, -0.12166741,  0.19266976, -0.15197165,  0.10776163, -0.02614354, -0.06982707,  0.11701103, -0.09619058,  0.01559555,  0.04732992, -0.06638047,  0.00443597,  0.09449524, -0.16431800,  0.21214960, -0.21333004,  0.13672998, -0.00650561, -0.09185288,  0.15051423, -0.17769156,  0.15138794, -0.11362613,  0.07359361, -0.06123365,  0.08585596, -0.13857329,  0.20613898, -0.21749357,  0.14358128, -0.00643544, -0.15075383,  0.27584802, -0.31806538,  0.28547945, -0.22293433,  0.09329311
