 -0.14165193, -0.14164623, -0.14164289, -0.14164346, -0.14164470, -0.14164526, -0.14164467, -0.14164242, -0.14163518, -0.14162507, -0.14161302, -0.14160042, -0.14158658, -0.14157241, -0.14155773, -0.14154268, -0.14152701, -0.14151101, -0.14149517, -0.14147946, -0.14146425, -0.14144966, -0.14143585, -0.14142233, -0.14140965, -0.14139779, -0.14138598, -0.14137433, -0.14136292, -0.14135152, -0.14133996, -0.14132968, -0.14131978, -0.14130991, -0.14130117, -0.14129300, -0.14128372, -0.14127377, -0.14126486, -0.14125603, -0.14124745, -0.14123908, -0.14123120, -0.14122316, -0.14121562, -0.14120820, -0.14120099, -0.14119439, -0.14118818, -0.14118150
  0.39932599,  0.41852111,  0.40818079,  0.35966477,  0.29114727,  0.21361919,  0.13218384,  0.05507405,  0.00247530, -0.03800114, -0.07028129, -0.09745552, -0.11805380, -0.13175245, -0.14091236, -0.14393239, -0.14060672, -0.13434857, -0.12552286, -0.11445134, -0.10497825, -0.09632059, -0.09015235, -0.08273356, -0.07675855, -0.07169316, -0.06421030, -0.05534984, -0.04383665, -0.03340814, -0.02554189, -0.02277057, -0.02214575, -0.02247154, -0.02493046, -0.02864200, -0.02757073, -0.02371759, -0.02382810, -0.02279611, -0.02147882, -0.01939471, -0.01735891, -0.01313316, -0.00868397, -0.00354987,  0.00152107,  0.00396405,  0.00506654,  0.00920710
 -0.11294405, -0.03343916,  0.04698892,  0.11577256,  0.17171070,  0.21281324,  0.23745254,  0.24544247,  0.24759400,  0.24470429,  0.23728615,  0.22323029,  0.20612108,  0.18459353,  0.16124042,  0.13672870,  0.11349724,  0.09245990,  0.07277609,  0.05542924,  0.03999794,  0.02555000,  0.01142237, -0.00179263, -0.01547269, -0.03006180, -0.04348273, -0.05540354, -0.06568147, -0.07224591, -0.07489632, -0.07903255, -0.08317010, -0.08696212, -0.09416202, -0.10361832, -0.11045014, -0.11477457, -0.12098968, -0.12745863, -0.13443021, -0.14182702, -0.15015083, -0.15740353, -0.16502715, -0.17168024, -0.17732272, -0.18319499, -0.18931931, -0.19355189
 -0.60321754, -0.33080027, -0.02769258,  0.16027442,  0.26684751,  0.30443000,  0.24123610,  0.10263265,  0.04302295,  0.01233224, -0.00656289, -0.03028520, -0.05415737, -0.07318421, -0.10423484, -0.12891455, -0.13645178, -0.14462112, -0.14227253, -0.11934904, -0.10010024, -0.07848387, -0.06733948, -0.04717768, -0.04416402, -0.05956537, -0.07214902, -0.08212868, -0.06391645, -0.02834214,  0.01460567,  0.04063969,  0.06099544,  0.07701985,  0.07568844,  0.05266835,  0.05494726,  0.07831380,  0.07758594,  0.08106414,  0.07795540,  0.06849259,  0.05628518,  0.05774332,  0.06252595,  0.07695329,  0.09854885,  0.10259714,  0.09359832,  0.10832176
 -0.34352638,  0.15995349,  0.31640321,  0.28104053,  0.04376790, -0.27172498, -0.42250565, -0.21701127, -0.06112276,  0.07233841,  0.14486128,  0.17531632,  0.14549831,  0.02769774, -0.04811413, -0.08200956, -0.09894265, -0.06631025,  0.00408134,  0.06745157,  0.13916343,  0.17282607,  0.19493180,  0.09715527, -0.04930915, -0.14260431, -0.18760565, -0.14979026, -0.09607978, -0.00232815,  0.06926891,  0.10118457,  0.09610718,  0.04341151,  0.00525805,  0.05272374,  0.08121602,  0.02215883,  0.00850650, -0.02181165, -0.06141096, -0.08625305, -0.01803453,  0.04849419,  0.07747271,  0.04919052, -0.03862045, -0.09932738, -0.07385394, -0.05918678
  0.00207005,  0.07589682, -0.00164141, -0.16393411, -0.22693786, -0.09990624,  0.11777058,  0.24133474,  0.27750137,  0.23350672,  0.12436513, -0.03991393, -0.18294823, -0.26649928, -0.25818368, -0.17745229, -0.04234362,  0.09934045,  0.19593398,  0.22855628,  0.18119464,  0.06141099, -0.09416997, -0.22083960, -0.27520413, -0.25021159, -0.16092228, -0.06029177,  0.02257611,  0.09360311,  0.14598862,  0.13542339,  0.10793628,  0.09786219,  0.06758936,  0.00246151, -0.04712776, -0.05315620, -0.04527294, -0.01411034,  0.02866875,  0.07177213,  0.08482189,  0.05703587, -0.01651543, -0.07450819, -0.07159294, -0.02470643,  0.02843897,  0.08553687
 -0.13016875,  0.03456397,  0.08632680,  0.11562088,  0.08123140, -0.00503405, -0.08615083, -0.07156538, -0.10030830, -0.12786797, -0.13595695, -0.08134321, -0.00276703,  0.09376497,  0.20234936,  0.29150284,  0.31588824,  0.26553605,  0.16858555,  0.03707120, -0.09077952, -0.18866921, -0.22759207, -0.24917047, -0.23912794, -0.18080798, -0.11091088, -0.03127457,  0.04733765,  0.10878494,  0.11846376,  0.10770103,  0.07092483, -0.00107934, -0.04443120, -0.03603676, -0.04040645, -0.08824471, -0.10838805, -0.13135511, -0.15612894, -0.16555300, -0.11659156, -0.05052855,  0.03287447,  0.10946254,  0.15461600,  0.18050619,  0.20130931,  0.17388385
  0.02594602, -0.03890822, -0.05246053,  0.03792898,  0.13088313,  0.12010459,  0.05404826,  0.00369278, -0.07364257, -0.14616354, -0.18744854, -0.19983781, -0.17443098, -0.13750344, -0.06997690,  0.00581180,  0.08339770,  0.17175956,  0.23790488,  0.25915061,  0.26083694,  0.23951444,  0.21141060,  0.16058549,  0.09081900, -0.00024255, -0.09950910, -0.17452220, -0.23219315, -0.25250081, -0.20972639, -0.12004670, -0.01720093,  0.06202329,  0.09875775,  0.12785845,  0.13794440,  0.11260944,  0.06867524,  0.00319429, -0.06960656, -0.13656645, -0.18921796, -0.19741114, -0.14954426, -0.06808918,  0.00146003,  0.05878837,  0.10977370,  0.12155914
 -0.17918764,  0.00475997,  0.09646583,  0.16895918,  0.12144484, -0.03315317, -0.12269515, -0.01630915, -0.00763619, -0.03934917, -0.09588724, -0.14187857, -0.14385325, -0.14858288, -0.05626070,  0.07010318,  0.16399045,  0.20808474,  0.16565861,  0.05386256, -0.03352363, -0.08174431, -0.03991071, -0.01018809,  0.01277499,  0.05382357,  0.08537455,  0.12458637,  0.11269784,  0.11041115,  0.09575804,  0.01776399, -0.09235153, -0.21181079, -0.27706311, -0.18729072, -0.01389585,  0.13571899,  0.28447181,  0.33934080,  0.28085377,  0.14195947,  0.03315263, -0.05160894, -0.12197740, -0.17723992, -0.23067592, -0.22262149, -0.11974020, -0.02572759
  0.15333903, -0.14032940, -0.25005687,  0.05624546,  0.32517841,  0.18067995, -0.06427613, -0.13282413, -0.13595523, -0.13656745, -0.09971043, -0.02648681,  0.01243479,  0.00448492, -0.01467346, -0.03993459, -0.02833169,  0.07393000,  0.16351933,  0.16248216,  0.11746114,  0.07309351,  0.02756657,  0.00058461,  0.00439224, -0.03413013, -0.09408267, -0.07676401, -0.02515205, -0.01265793,  0.02339310,  0.16511834,  0.24196072,  0.13578307, -0.04257727, -0.16543131, -0.25839599, -0.26989665, -0.17534155, -0.04175091,  0.10800868,  0.20936374,  0.18171365,  0.12444701,  0.15310561,  0.15151330,  0.01776589, -0.13381215, -0.21616224, -0.25244018
 -0.12338951,  0.06397709,  0.21810272, -0.09430584, -0.22275995,  0.10970877,  0.27562118,  0.08796381, -0.09015914, -0.17325890, -0.24144803, -0.25544704, -0.08607436,  0.10867465,  0.19504578,  0.20207222,  0.10513125, -0.07730015, -0.15967028, -0.04505599,  0.12600502,  0.20986972,  0.20921181,  0.10696391, -0.09013114, -0.17604081, -0.12243563, -0.07166747, -0.01167100,  0.12548271,  0.15985442, -0.04117402, -0.16833620, -0.06834360,  0.01084293,  0.00562746,  0.04544770,  0.03102970, -0.06141770, -0.08612540, -0.04566849,  0.03876215,  0.20888636,  0.29257416,  0.11930908, -0.07110548, -0.09764693, -0.11077939, -0.15029951, -0.11455410
  0.13927499, -0.29598112,  0.03030790,  0.25940066, -0.09918236, -0.28512434,  0.07644068,  0.18984678,  0.16611998,  0.08818770,  0.05607540, -0.09997316, -0.25850695, -0.16530095, -0.05171201,  0.03928790,  0.15385284,  0.14729630, -0.04319924, -0.18909330, -0.16143640, -0.01278791,  0.07828021,  0.23168394,  0.24692201,  0.04090908, -0.06651406, -0.07996511, -0.09739664, -0.09912670,  0.10396974,  0.24242888,  0.04086422, -0.11290911, -0.05486005, -0.07402645, -0.10243473,  0.02466208,  0.00658084, -0.07503613, -0.10798653, -0.12062585, -0.14731188,  0.06919701,  0.27367650,  0.17275543,  0.04078766,  0.03428597, -0.04543447, -0.10717394
 -0.18226635,  0.38113095, -0.05859639, -0.38166899,  0.07050407,  0.25869304, -0.15841151, -0.06417194,  0.16645520,  0.22904960, -0.01743474, -0.12996616, -0.08461985, -0.18949840, -0.09039369,  0.10376154,  0.11450434,  0.03573806, -0.00871209, -0.08776613, -0.15650186, -0.10749683,  0.12541092,  0.13561146,  0.11421784,  0.18697587,  0.01815825, -0.17706729, -0.12375869,  0.12560140,  0.08286424, -0.05033889,  0.11839822,  0.11468371, -0.14433813, -0.11856739,  0.04131615, -0.00858614,  0.02955766,  0.00090326, -0.13475635, -0.15820933,  0.05118376,  0.02376317, -0.03827144,  0.16413102,  0.20099027, -0.03652388, -0.11468526, -0.07099921
  0.00365524,  0.03767163, -0.27377788,  0.05351163,  0.26051951, -0.09268023, -0.15988950,  0.17428899,  0.24522192, -0.00855191, -0.13197626,  0.00259843, -0.01964822, -0.04953638,  0.04164048,  0.01452686, -0.09861438, -0.15733301, -0.10620495, -0.01387324,  0.10074225,  0.23236233,  0.17879313,  0.02879514,  0.02193894, -0.02863214, -0.11993013,  0.01589785,  0.27859459,  0.20942285, -0.07117546, -0.09499734, -0.08744870, -0.30739983, -0.28015432, -0.05452606, -0.01845456, -0.07636086, -0.09309643, -0.14508224, -0.11841341,  0.04725156,  0.07326360, -0.05043133,  0.03523244,  0.11673468, -0.01696325, -0.02738317,  0.18897037,  0.34098970
 -0.15537568, -0.03534043,  0.27145916,  0.01585249, -0.17010703,  0.10979415,  0.10174613, -0.10945263, -0.14638832,  0.03797296,  0.10024055,  0.02985675,  0.00549590, -0.03746207, -0.18041568, -0.15334488, -0.03359021,  0.03336278,  0.11656914,  0.17957306,  0.15066638,  0.04747830,  0.07527325,  0.11732580,  0.05507298,  0.13307805,  0.24374650,  0.13408472, -0.04761023, -0.03280715,  0.01900434, -0.11072643, -0.22306015, -0.16495524, -0.19590101, -0.29679506, -0.27806867, -0.26324138, -0.17793387, -0.02643014,  0.02282957, -0.06324514,  0.00460590,  0.12121077,  0.05150865,  0.01917713,  0.18439765,  0.24747265,  0.16981133,  0.10358968
  0.04573246, -0.08805806, -0.02178922,  0.08266805,  0.08309822, -0.06958791, -0.12896940,  0.01299269,  0.20908296,  0.01623793, -0.24087085, -0.09539858,  0.22957848,  0.18055322, -0.19205419, -0.22720397,  0.13177604,  0.25057593, -0.07075495, -0.24808091,  0.03566655,  0.27765630,  0.01087710, -0.27905819, -0.09725624,  0.22472617,  0.15168421, -0.17506800, -0.15787106,  0.12240954,  0.15622163, -0.10772201, -0.20477783,  0.05919929,  0.21454961, -0.00079874, -0.17981330, -0.01994081,  0.12995192,  0.04117030, -0.10058437, -0.03395571,  0.07680386,  0.06035809, -0.04776432, -0.05874124,  0.04336423,  0.06072885, -0.03087357, -0.03066916
 -0.04977539,  0.00077659,  0.10910822,  0.05833266, -0.10049374, -0.11230929,  0.06254837,  0.16343977, -0.04597235, -0.24607982, -0.04689728,  0.25464998,  0.13784697, -0.22195918, -0.21307491,  0.16015589,  0.25420476, -0.06879805, -0.20890764,  0.08232670,  0.26197170, -0.02931484, -0.29180160, -0.06260481,  0.26223953,  0.15519090, -0.17077239, -0.15928066,  0.10921042,  0.11701771, -0.14897176, -0.20097691,  0.07262000,  0.20300183, -0.02372591, -0.19832154, -0.04025284,  0.12617065,  0.03827697, -0.09410201, -0.02656490,  0.09593953,  0.07007215, -0.03732459, -0.03690650,  0.06145460,  0.07854533, -0.01384530, -0.05462279, -0.03144551
 -0.04789996, -0.04956814,  0.03891292,  0.00266725,  0.02747154,  0.02311576, -0.02210739,  0.15953191, -0.07905140, -0.14570804, -0.11426640, -0.13878440,  0.05818346,  0.01030467, -0.08123858, -0.06680417, -0.08753183, -0.07264741, -0.12075552, -0.07353941,  0.11006491,  0.00026232,  0.07289985,  0.15252726,  0.09932939,  0.08817598,  0.14301790,  0.25617629,  0.13300906,  0.14853172,  0.34785518,  0.23895050,  0.22651217,  0.35361138,  0.03111072, -0.11135433, -0.01277330, -0.10604469, -0.13927163, -0.08693045, -0.05988504, -0.22431330, -0.23407600, -0.12346809, -0.20963838, -0.19685775, -0.16022370, -0.13844280,  0.06708988,  0.11354116
  0.15155791, -0.14588951, -0.05761702, -0.00304444,  0.10341593,  0.05640971, -0.20529039,  0.01075814, -0.03447057,  0.21462616,  0.19317871, -0.22046442, -0.02055719,  0.20870017, -0.06631730, -0.05903455,  0.07706960,  0.09663519, -0.14911030, -0.09954013,  0.25741991, -0.08645092, -0.14925923,  0.11363884, -0.01815003, -0.20735732, -0.11440552,  0.06059535, -0.08826478, -0.05878049,  0.15541124, -0.15690447, -0.25852969,  0.18082171, -0.16736168, -0.20724213,  0.31240196,  0.19382280, -0.15948914, -0.12839719,  0.20427904,  0.11181975, -0.05836080,  0.04142337, -0.03165135,  0.03244329,  0.15960550, -0.00109835, -0.00091003,  0.01801658
 -0.02774992,  0.14993467, -0.07486437, -0.10575744, -0.03413876,  0.22548070, -0.10972807,  0.00256013, -0.11830339, -0.16390005,  0.23777896,  0.18010768, -0.18885104,  0.00489357,  0.16106642, -0.04676839, -0.12733171,  0.09072015,  0.11103977, -0.25304463,  0.00774053,  0.21998620, -0.06505065, -0.06401163,  0.12395229,  0.04114853, -0.21949425, -0.01890893,  0.07017822, -0.15280588,  0.10642727,  0.27727993, -0.15072428, -0.05368889,  0.15540856, -0.30897141, -0.18219972,  0.23301736,  0.21051628, -0.18162034, -0.08462891,  0.07675743,  0.03106770,  0.00261587, -0.05496337, -0.14472556,  0.01649153,  0.03788102,  0.09257900,  0.06559811
 -0.09997257,  0.19588478, -0.12081966, -0.10144490,  0.29399332, -0.32887303,  0.27548694,  0.00193125, -0.22444753,  0.02165601,  0.10435754, -0.00449876, -0.04861602, -0.07398538,  0.15807598, -0.20244838, -0.01690972,  0.20760472, -0.18065290,  0.09317544,  0.01599473,  0.05444457, -0.01188532, -0.11634667,  0.16022156, -0.07834704, -0.00179688,  0.19831630, -0.16837661,  0.03540513,  0.19988247, -0.16559810,  0.05553546, -0.03429375, -0.06714093,  0.03851122, -0.10022243,  0.19363226, -0.06732941,  0.00297165, -0.06135096, -0.11913031,  0.16521390, -0.04002203, -0.08616166,  0.16077284, -0.15671654,  0.13097397,  0.13420848, -0.22087946
  0.13453437, -0.28599537,  0.38805499, -0.40082490,  0.24032881, -0.09145787, -0.02941899,  0.05976601, -0.01425496, -0.01210603, -0.00713331,  0.07158993,  0.11312946, -0.07632290, -0.00927361,  0.19806801, -0.22774505,  0.16311302, -0.06449536, -0.02751191,  0.00581617, -0.10383110,  0.17026007, -0.09365363, -0.05758523,  0.08591494, -0.15362258, -0.08951902,  0.04546979, -0.15875980,  0.03696786,  0.02458022, -0.03906870,  0.06811056, -0.22026248,  0.19416889, -0.19660137,  0.02971194,  0.12184485, -0.05254292,  0.09711904,  0.00680360, -0.05842799,  0.19280305, -0.13635221,  0.04383147,  0.02594613, -0.10122909,  0.12836463,  0.06176277
  0.17364023, -0.05185231, -0.08924893,  0.00524682, -0.05796582, -0.04487721,  0.19500299, -0.23455760, -0.09088485,  0.12763412,  0.08647636,  0.01946140,  0.16076166,  0.11299400, -0.04580395,  0.05225048,  0.17046808, -0.10318233, -0.15142172, -0.06094523, -0.08656633, -0.00970555,  0.12764934,  0.15165332, -0.02764475, -0.18506292, -0.08181697, -0.30300068, -0.22809552,  0.06519709,  0.03270573,  0.08163115,  0.21007488,  0.06952379, -0.19939133, -0.20512772, -0.13932957, -0.01365959,  0.13954558,  0.21092296, -0.07995405,  0.13216343,  0.12601271, -0.07045675, -0.11588073, -0.19663901, -0.17103814,  0.12658326,  0.16671806,  0.29985746
 -0.04296886,  0.12704530,  0.02215562, -0.07365648,  0.01156308, -0.14521773, -0.03890157,  0.17900774,  0.07927780, -0.09918428, -0.04648787,  0.09332237, -0.06859848,  0.14152949,  0.09533611, -0.03600270,  0.11141086, -0.03546675, -0.01703513, -0.00391633, -0.20690770,  0.02569956,  0.05474048, -0.02657270,  0.17966534, -0.05622048, -0.19718825, -0.05616585, -0.09017175, -0.15183071, -0.03067432, -0.02208871, -0.10051098,  0.05361892,  0.24456167, -0.13995387, -0.09899736, -0.13745309, -0.33399515,  0.34769649,  0.42536400, -0.17762562,  0.04455474,  0.04617443, -0.12205688,  0.08940124,  0.07903795, -0.13626242, -0.02279928,  0.26385968
 -0.05681556, -0.00699671,  0.07878200,  0.04991639,  0.01038881, -0.02988103, -0.08080138, -0.12839644,  0.08117425,  0.19172435, -0.06837495, -0.11918447, -0.08269333, -0.08943209,  0.09406252,  0.06078327,  0.13746760, -0.09963384, -0.18323020,  0.10774699, -0.04468999, -0.02807023,  0.18235721, -0.04062199,  0.03276148,  0.14409007, -0.05842054, -0.05690494,  0.04831599,  0.08618375,  0.01470032,  0.11581353,  0.06839621, -0.13777002,  0.18999378,  0.09173791, -0.18595008,  0.10416371, -0.21778997, -0.30662896,  0.32532988,  0.29504970, -0.06479181, -0.18178215, -0.26081327, -0.19220228,  0.07146893,  0.30372855, -0.01214002, -0.15221053
 -0.03824906, -0.03580019,  0.01552205,  0.08256786,  0.08762795, -0.01208140, -0.07971842, -0.06262585, -0.02624702, -0.00075465,  0.07402303,  0.07498513, -0.05937793, -0.14457384, -0.12003667,  0.06077094,  0.13224230,  0.14120848,  0.11465470, -0.08775619, -0.16496781, -0.08041937, -0.06400395,  0.02410363,  0.14798933,  0.14453422,  0.10711122,  0.01128553, -0.09753221, -0.12957198, -0.01855497, -0.00733660, -0.03882530,  0.01740074,  0.04922286,  0.16642844,  0.24252009, -0.08737979, -0.32589244, -0.24695777, -0.15289613,  0.12354681,  0.41224187,  0.26201219, -0.09036566, -0.25161172, -0.24554267, -0.12917486,  0.12235340,  0.18389187
 -0.06116729,  0.05475784,  0.05547970,  0.04394722, -0.09927424, -0.01420670, -0.08397136,  0.11409984,  0.04881545, -0.07945118,  0.05397332,  0.03690856, -0.12975789, -0.10017175,  0.21282584,  0.10080909, -0.17339916,  0.18403518, -0.02223471, -0.30297270,  0.14956429,  0.06381364, -0.16999863,  0.21440842,  0.05941756, -0.08261783,  0.00022071, -0.06393754, -0.13859130,  0.06556472,  0.10467756, -0.15586993,  0.00239608,  0.07273885, -0.04441376,  0.22245345, -0.01313401, -0.49410365,  0.06428174,  0.13255038,  0.04356602,  0.28282363,  0.06206882, -0.26432937, -0.11616458,  0.00274239,  0.07458245,  0.07866477,  0.12302305, -0.11541737
 -0.05750826,  0.13288407, -0.08712585,  0.00554396, -0.00247045,  0.03548782, -0.08866845,  0.17266605, -0.11105151, -0.10576120,  0.17479683, -0.01631404, -0.13689599,  0.14607247,  0.08349041, -0.31542805,  0.19047117,  0.22617340, -0.26110058,  0.06509238,  0.14222685, -0.33867950,  0.07760100,  0.21291843, -0.18516057,  0.07900316,  0.07214153, -0.13389653,  0.04232806,  0.03959127, -0.15310600, -0.10162821,  0.14087511, -0.09894474,  0.11588822,  0.13610647, -0.21530290, -0.06148932,  0.17761319, -0.16397158,  0.06163602,  0.01691699, -0.08896224,  0.17275540,  0.08927430, -0.04842246, -0.03183910, -0.18098760,  0.00624504,  0.16894516
  0.00367608, -0.04717422,  0.12520411, -0.17707786,  0.14962006, -0.02606084, -0.00440469, -0.14992003,  0.24214866, -0.14024238, -0.11754886,  0.21251904, -0.09664735, -0.10386351,  0.23396048, -0.17024936, -0.03823789,  0.06407317,  0.05283479, -0.12135582,  0.18070557, -0.06519967, -0.09659785,  0.04106832,  0.12493311, -0.21567438,  0.24353946, -0.05329129, -0.08320187,  0.14801661, -0.07983705,  0.03638790,  0.03656393,  0.02312272, -0.06963604,  0.01468289, -0.02009397,  0.18379185, -0.20074104,  0.07976464, -0.07340297,  0.05326902, -0.17947572,  0.11636502,  0.09612395, -0.14959085, -0.05134950,  0.24521788, -0.38875159,  0.21200568
  0.01669086,  0.06192720, -0.09453790,  0.07008507, -0.22129241,  0.23358919, -0.05990025,  0.00099582,  0.01038685,  0.06454955, -0.19943288,  0.05014666,  0.40375144, -0.27901758,  0.11491936, -0.14936392,  0.02445062,  0.05728651,  0.17425228, -0.14419751, -0.05879195, -0.10438198,  0.07531493,  0.00246531,  0.12633509, -0.06943444, -0.22421038,  0.08426303, -0.09772080, -0.01603210,  0.13937214, -0.23707351,  0.02993506, -0.00175945, -0.02100209,  0.04308009, -0.06852312,  0.05933688, -0.00472442, -0.12755879,  0.22404429,  0.04144251, -0.22812925,  0.12240166,  0.17652360,  0.10181714, -0.31627687,  0.03493853,  0.15220679,  0.02691971
  0.00744961,  0.01289403, -0.03293159,  0.11171529, -0.14715949, -0.03512143,  0.02789879,  0.15020693, -0.00785681, -0.10010568,  0.03142975, -0.19234538,  0.16164130,  0.06530900,  0.24320409, -0.23240336, -0.04550145, -0.22914427,  0.20401218,  0.09933101,  0.15380037, -0.21530699, -0.06982182, -0.13134109,  0.14782562,  0.22004057, -0.02224833, -0.21919939, -0.16146631, -0.05414077,  0.19204055,  0.21525721, -0.03263386, -0.15466899, -0.21746739,  0.12711337,  0.06225120,  0.05499459, -0.01971781,  0.03377046, -0.13667257,  0.10758084,  0.04615723,  0.08759939, -0.33655123,  0.18226213,  0.12904297, -0.05239967, -0.10350351,  0.07489490
  0.03485447, -0.06174670, -0.07474199,  0.15458886, -0.03628702,  0.05987965, -0.11951113,  0.02156314, -0.06398875,  0.05860282,  0.21531116, -0.06988212, -0.06918665, -0.29929019,  0.17699381,  0.04111888,  0.28639875, -0.16957393, -0.05205455, -0.26967503,  0.16066422,  0.12872516,  0.20891468, -0.22017507, -0.15666836, -0.06650392,  0.07708268,  0.21716157,  0.10297222, -0.14789234, -0.19995571, -0.07437910,  0.09161507,  0.17443301, -0.06712164,  0.03783889, -0.11036666, -0.04539025,  0.00494275,  0.18666289, -0.07145588, -0.10384966, -0.00643689,  0.28658203, -0.26245750,  0.05469428,  0.04383051,  0.09142119, -0.05027518, -0.04796682
  0.02657969,  0.05292578, -0.13619150,  0.10783852, -0.06501395, -0.01353138, -0.06653692,  0.06640880,  0.18045379, -0.06474263, -0.12589115,  0.08868302,  0.01208934, -0.05157629,  0.18536529,  0.11306484, -0.19268263,  0.04248057, -0.22331454,  0.15704178,  0.02403956,  0.12542745, -0.16332312, -0.04644119, -0.14759308,  0.16626693,  0.04022724,  0.01876543, -0.27036399, -0.18896515,  0.05638694, -0.00778204,  0.29382017, -0.09773373, -0.20131699, -0.14429750,  0.15347873, -0.00169526,  0.07343263, -0.04438809,  0.21710454, -0.22547754,  0.03613314,  0.24796951,  0.06311150, -0.34415306,  0.17465911,  0.07413809,  0.09302005, -0.06782297
  0.04475568,  0.03670888, -0.19303980,  0.05201471,  0.06682834, -0.05490553,  0.15382519, -0.01302437, -0.06290962, -0.28253134,  0.19960750,  0.09053826,  0.17471420, -0.15260678, -0.13481411, -0.11319679,  0.01064307,  0.13687682,  0.08716404, -0.00553749, -0.22698865,  0.00461625,  0.13093363,  0.19832384, -0.13249683,  0.01844366, -0.24955881, -0.08714672,  0.17393140,  0.27629664,  0.06640226,  0.01916196, -0.19730298,  0.00583050, -0.08783641,  0.13061102,  0.15085642, -0.03127527, -0.09905977,  0.10746252,  0.02254817, -0.06024535, -0.14902201,  0.17030977, -0.11744579, -0.26599012,  0.27232339,  0.14450411, -0.06449303, -0.16485479
  0.03713284, -0.01905561, -0.07125189,  0.04323997,  0.00495153,  0.00201757, -0.00907377,  0.14051803, -0.22668463,  0.11691534, -0.11369983,  0.17467154, -0.07432583,  0.07639904, -0.14676071,  0.06132648, -0.08671274,  0.04929740,  0.07552625, -0.09280904,  0.08316310, -0.16710110,  0.22431176, -0.16658931,  0.19677196, -0.21934200,  0.13542412, -0.26398784,  0.29875046, -0.16379780,  0.28212122, -0.20783542,  0.17668546, -0.20631832,  0.09479408, -0.07323337,  0.18401854, -0.13257683,  0.11584471, -0.05018215,  0.05051151, -0.12533127,  0.05864394,  0.04410213, -0.10205436, -0.06660170,  0.03969615,  0.21309100, -0.18526116, -0.00936268
 -0.05906586,  0.13981539, -0.03722312, -0.14506234,  0.15876984, -0.08490288, -0.14595310,  0.32376784, -0.03532333, -0.14309948,  0.09928627, -0.05437180, -0.00251238,  0.07921636, -0.06642013,  0.10269072,  0.07315251, -0.22985115,  0.10255867, -0.04201529,  0.07286545, -0.07822006,  0.04503587, -0.05196635, -0.09720530,  0.09645426,  0.18696393, -0.26978211, -0.04684232, -0.06088918, -0.05667529,  0.12728677, -0.12186243,  0.07272014, -0.05285032, -0.08001474,  0.06984740, -0.00805497, -0.11156690,  0.12747553,  0.06154557,  0.09181980, -0.14745831,  0.06325988,  0.23720321, -0.04861717, -0.34115273,  0.29303416,  0.26165528, -0.26738972
 -0.12822458,  0.21339475, -0.11922465,  0.07619188,  0.07198958, -0.25521768,  0.26318954, -0.21281962,  0.03966114,  0.05644527,  0.11677309, -0.23919093,  0.08108585, -0.11528211,  0.11373438,  0.14659426, -0.11187953,  0.04035336, -0.03504577,  0.00720317,  0.01209653,  0.03350739,  0.00161549, -0.10752957, -0.02487232,  0.19359179,  0.05639860, -0.11931501,  0.20787129, -0.32263401,  0.13964760, -0.13078158, -0.09194716,  0.20448425,  0.04302558, -0.08431869, -0.01032815, -0.11982739,  0.00060702, -0.02688294, -0.02565324,  0.24155013, -0.25559199,  0.02944096,  0.20569265, -0.06600808,  0.02796532, -0.09346013, -0.16043985,  0.23238463
  0.00410386, -0.00463812, -0.00023458,  0.03317708, -0.10577155,  0.13372117, -0.04737929, -0.11613923,  0.26938145, -0.33496242,  0.24919960, -0.13754005,  0.12454247, -0.06828678, -0.04575986,  0.05968213, -0.06925825,  0.17346256, -0.23325282,  0.19936370, -0.16554575,  0.07535581,  0.09277471, -0.15387789,  0.20609284, -0.35084673,  0.32897799, -0.13770171,  0.01413516,  0.01876126, -0.03880327,  0.06843807, -0.01848811, -0.03698189,  0.04643663, -0.08897943,  0.09403145, -0.03619364,  0.04948094, -0.09740971,  0.05777982,  0.05953114, -0.09585741,  0.07482050, -0.17356890,  0.21656145, -0.06357253, -0.09056363,  0.13535125, -0.07355370
  0.03157298, -0.08408752,  0.10286782, -0.08485860,  0.03607070,  0.04828689, -0.13159799,  0.16904856, -0.15237570,  0.07017984,  0.03875826, -0.14058718,  0.21864186, -0.21223898,  0.17744685, -0.15982718,  0.09551142, -0.00787204, -0.05310733,  0.13492973, -0.23556654,  0.29311049, -0.30813594,  0.27486708, -0.13777375, -0.04814302,  0.14442365, -0.21185910,  0.25779564, -0.17612650,  0.05077428,  0.02616308, -0.03539464,  0.03288283, -0.04478019,  0.04749397, -0.02994202,  0.01240800,  0.03682061, -0.07120623,  0.08718865, -0.16348451,  0.20461084, -0.13428294, -0.00124701,  0.06666676, -0.10105879,  0.16636255, -0.19084544,  0.09151166
  0.00722064,  0.04098967, -0.01157374, -0.08954591,  0.02471920, -0.02375242,  0.08265041,  0.04469670,  0.03149575, -0.22125861, -0.07333409,  0.31730266,  0.08519339, -0.15898043, -0.11115298, -0.02957023,  0.24628545, -0.05592754, -0.02873332, -0.12879327,  0.01308808,  0.00357167,  0.19103352,  0.09065335, -0.39054065, -0.03850859,  0.20659897,  0.10696728, -0.15480185, -0.29002129,  0.26522234,  0.05618441,  0.02666652, -0.15752754, -0.01565692, -0.04997210,  0.09560494,  0.11560257, -0.09327981, -0.06446852,  0.01962856,  0.20630535,  0.00892596, -0.26805076,  0.00127997,  0.16659214,  0.16784789, -0.16552712, -0.01947990,  0.01815203
  0.02884797, -0.05886348,  0.01111589,  0.00631865,  0.04614409, -0.00614109,  0.02700688, -0.15482293,  0.11637947, -0.10756789,  0.10509142,  0.12016855, -0.32702039,  0.18275261, -0.02654738, -0.04895912,  0.18994619, -0.35197205,  0.23192681,  0.04480260, -0.15680462,  0.20955745, -0.14986959,  0.01257059,  0.04662115, -0.01551384,  0.08657621, -0.11591025,  0.01941853,  0.05149401,  0.29674207, -0.32945423,  0.07394464,  0.12671158, -0.16004955,  0.20961627, -0.15733810,  0.04092461,  0.10506847, -0.18134333,  0.13668683, -0.04982573, -0.14636196,  0.10598455, -0.03230231, -0.00925571,  0.00639665, -0.12401445,  0.10782127, -0.03674390
  0.10004898, -0.11042953, -0.05430451,  0.05816350, -0.02929392,  0.10514420, -0.02285082,  0.09298513, -0.38380839,  0.12198867,  0.14415837,  0.17885140, -0.15102817, -0.20179096,  0.09984263,  0.12817074, -0.07385152,  0.00683466, -0.11817644,  0.08940443, -0.05976804,  0.14631214,  0.09388108, -0.27014390, -0.05804422,  0.16656945,  0.12640049, -0.14660350, -0.28865233,  0.38333904,  0.06889354,  0.03680465, -0.16100485,  0.02288763, -0.00150222,  0.03164812,  0.12985750, -0.05373907, -0.03296063, -0.04302249,  0.12657444, -0.03958758, -0.15370417, -0.08964349,  0.11498979,  0.09072454, -0.06201833, -0.11892069, -0.15103058,  0.21135836
  0.02785301, -0.05000521,  0.01971293,  0.00914367, -0.00241069, -0.00925408,  0.04494056, -0.05264441,  0.00637362, -0.14199113,  0.31993246, -0.26031389,  0.11773397, -0.01682509, -0.12289185,  0.24297895, -0.20505252,  0.01733162,  0.18919300, -0.27157654,  0.16088410,  0.03452929, -0.09296804,  0.08576800, -0.14205287,  0.11770424,  0.03592338, -0.09468478, -0.03740375,  0.15078219,  0.00258629, -0.19558535,  0.30507066, -0.29267956,  0.17799000, -0.01958384, -0.11756482,  0.24178523, -0.23026745,  0.03847301,  0.13542482, -0.16960442,  0.07694956, -0.05645474, -0.00335384,  0.07815272, -0.04461552, -0.04227128, -0.04095130,  0.07577591
 -0.09454996,  0.19034644, -0.15266817,  0.15671464, -0.13686520, -0.00768628, -0.05661285,  0.22735501, -0.06082508, -0.05261146, -0.06460097,  0.04032157, -0.03964744,  0.23235378, -0.28507863,  0.23743907, -0.18629366,  0.13262077,  0.00802871,  0.02438233, -0.18131710,  0.07184237,  0.00903063,  0.08823044, -0.08085640, -0.04551307,  0.03175344,  0.16157896, -0.13737047, -0.08458115, -0.06758627,  0.00319115, -0.00729917,  0.16998861, -0.21595811,  0.15248982, -0.22536021,  0.15808489, -0.01388983, -0.10789298,  0.01129100,  0.14891821, -0.03636225,  0.10214575, -0.17755971,  0.16308621, -0.09695247,  0.24852711, -0.30158589,  0.14785293
 -0.06252733, -0.00195916,  0.15182311, -0.02043121, -0.01922795, -0.21796569,  0.11016504,  0.20293464, -0.14087765,  0.07782563, -0.10846210, -0.06716957,  0.03371645,  0.07016651,  0.15103525, -0.19380828, -0.07735668,  0.07626107,  0.28308142, -0.17929913, -0.23784657,  0.14013718,  0.10680741, -0.02204592, -0.04561045, -0.04856011,  0.14570486, -0.05862027, -0.00840190,  0.14787886, -0.34714415, -0.09620978,  0.24334524,  0.13147985, -0.07324966, -0.29870859,  0.15789698,  0.05730288,  0.01327716, -0.21965899,  0.06023427,  0.21075649, -0.05507980,  0.03392158, -0.09119778, -0.00413809,  0.18029799, -0.13178012,  0.09409071, -0.05276784
  0.00607314, -0.07636639,  0.16787972, -0.09767384, -0.06885508,  0.13178952, -0.16056697,  0.16571457,  0.00523780, -0.19742846,  0.23543566, -0.17750209,  0.02561364,  0.12048871, -0.02805802, -0.14065691,  0.10165981,  0.04346584, -0.05656578,  0.07866720, -0.17909781,  0.08104903,  0.18121643, -0.28895155,  0.15424868,  0.05074763, -0.17766654,  0.16886980, -0.02785031, -0.08075518,  0.05646528, -0.18249442,  0.24927263, -0.02404429, -0.17802908,  0.08412919,  0.04083809, -0.00899929, -0.07998539,  0.10500801, -0.14455171,  0.14837951,  0.04862544, -0.25423869,  0.30843202, -0.21815036,  0.07511231,  0.09222618, -0.14405788,  0.06591047
  0.04505786, -0.12178512,  0.02371011,  0.18784102, -0.17099374,  0.03889495, -0.00374881, -0.10356641,  0.21383611, -0.12991522, -0.00209853,  0.11190910, -0.20372166,  0.02556227,  0.21527696, -0.08554181, -0.18336977,  0.12150567,  0.02409786,  0.06810043, -0.03736274, -0.22174235,  0.26612602,  0.00636873, -0.22459430,  0.21157729, -0.03888442, -0.14367283,  0.16406854,  0.01268040,  0.04215338, -0.17455375, -0.08465473,  0.33544602, -0.08463199, -0.17210419,  0.03164794,  0.14861110, -0.09534832,  0.01130811, -0.00974311, -0.12571845,  0.27861882, -0.19525314, -0.01574081,  0.13424653, -0.17172300,  0.10582112,  0.02954426, -0.05354795
  0.04935478, -0.09881311,  0.01913563,  0.04880499, -0.01229526,  0.08337994, -0.19573670,  0.13003794, -0.08272717,  0.13088428, -0.09063098,  0.06422261, -0.06416651, -0.05712551,  0.08796367,  0.06610497, -0.12318073,  0.02067344, -0.08260591,  0.23947648, -0.15555861,  0.02385572, -0.08255913,  0.14274113, -0.07350161, -0.00651900,  0.02731908, -0.05995563,  0.04562678, -0.00258490,  0.17980239, -0.24621927,  0.07188870, -0.07622250,  0.22667371, -0.12140249, -0.11074421,  0.19860951, -0.20816477,  0.32219060, -0.39616831,  0.27480128, -0.19607170,  0.18702129, -0.10356377, -0.01465492,  0.05239859, -0.09670114,  0.14059162, -0.07569242
  0.04656869, -0.08935045,  0.01168692, -0.01101401,  0.18942733, -0.16814373, -0.11326895,  0.13717214,  0.10274296, -0.12616539,  0.10642129, -0.10422387,  0.09314690, -0.13816062,  0.09414411,  0.12931950, -0.03959274, -0.24876895,  0.16023072,  0.16836563, -0.09022028, -0.22457060,  0.09991952,  0.10984665, -0.03757100, -0.10588788, -0.01876406,  0.22261674, -0.28169026,  0.10638062,  0.08519604, -0.18319164, -0.13763549,  0.05539812,  0.30331073, -0.21272542, -0.05486231, -0.12187511,  0.33166299, -0.17442207, -0.07097491,  0.00311346,  0.14176752,  0.03427602, -0.01523879, -0.07156072,  0.03878340,  0.13542837, -0.15255865,  0.08555885
  0.01935071, -0.06827377,  0.12845862, -0.13114631,  0.04482618,  0.00715241,  0.06696672, -0.12239160,  0.06808683, -0.06309616,  0.04217128,  0.04475039, -0.11016163,  0.11451445, -0.03871809, -0.10135015,  0.08664967,  0.04214402, -0.07137208,  0.00674530, -0.03879953,  0.14234565, -0.09403807,  0.04367563, -0.14289424,  0.27028474, -0.25162640,  0.11355318,  0.00542891,  0.00266691,  0.01596001, -0.03270436,  0.17410230, -0.17352674,  0.08915790, -0.18302797,  0.34446439, -0.25905316,  0.08758488, -0.00707449, -0.02795125,  0.10266792, -0.19940860,  0.15796761, -0.20686508,  0.29062461, -0.32022982,  0.22559108, -0.13600366,  0.04179563
