  0.19223693,  0.20379220,  0.21442594,  0.22380374,  0.23177973,  0.23788988,  0.24183007,  0.24369021,  0.24370965,  0.24197091,  0.23843864,  0.23319848,  0.22643848,  0.21820733,  0.20864091,  0.19790615,  0.18620987,  0.17379156,  0.16070674,  0.14712023,  0.13331732,  0.11943468,  0.10559667,  0.09232187,  0.07970226,  0.06775413,  0.05688582,  0.04711831,  0.03832653,  0.03030513,  0.02297834,  0.01639814,  0.01061767,  0.00568883,  0.00141935, -0.00237394, -0.00570273, -0.00857353, -0.01100413, -0.01300417, -0.01456381, -0.01568665, -0.01652527, -0.01693394, -0.01686163, -0.01639252, -0.01549192, -0.01429185, -0.01292740, -0.01121733
 -0.34861296, -0.31995824, -0.28633710, -0.24886332, -0.20805742, -0.16612100, -0.12471861, -0.08441711, -0.04491216, -0.00653140,  0.02970285,  0.06342939,  0.09446990,  0.12208500,  0.14589355,  0.16550720,  0.18100302,  0.19257525,  0.19964060,  0.20224300,  0.20106313,  0.19611269,  0.18742872,  0.17701483,  0.16538565,  0.15258845,  0.14047297,  0.12939096,  0.11912592,  0.10897413,  0.09868577,  0.08873142,  0.07953686,  0.07138385,  0.06373806,  0.05595484,  0.04809097,  0.04012242,  0.03206128,  0.02382399,  0.01557606,  0.00747007, -0.00117838, -0.00964591, -0.01756897, -0.02504660, -0.03181747, -0.03823564, -0.04456189, -0.04969194
 -0.26071145, -0.18566519, -0.11957552, -0.06280945, -0.01741274,  0.01977192,  0.04988360,  0.07520181,  0.09353402,  0.10371452,  0.10759885,  0.10377962,  0.09259886,  0.07585804,  0.05470134,  0.03204743,  0.00782946, -0.01733450, -0.04007425, -0.05947768, -0.07641434, -0.08888305, -0.09478012, -0.09791497, -0.09968083, -0.09868639, -0.09892048, -0.10143695, -0.10654694, -0.11238765, -0.11737891, -0.12330639, -0.13145054, -0.14136596, -0.15273623, -0.16417603, -0.17601344, -0.18748983, -0.19847544, -0.20746753, -0.21491442, -0.22144537, -0.22378498, -0.22331234, -0.22058325, -0.21600900, -0.20972521, -0.20090801, -0.18994205, -0.18086645
  0.28910727,  0.21869789,  0.14897978,  0.08132962,  0.02107103, -0.03644774, -0.09586703, -0.15065222, -0.19200521, -0.21595545, -0.22291173, -0.21368628, -0.18648955, -0.14535525, -0.09379732, -0.03471987,  0.02774469,  0.09088089,  0.14700131,  0.19031819,  0.21925417,  0.23050784,  0.22132809,  0.20100728,  0.16909638,  0.12523072,  0.08158119,  0.04223084,  0.00712663, -0.02650938, -0.05902145, -0.08836698, -0.11128043, -0.12315486, -0.12775623, -0.12961281, -0.12962016, -0.12793621, -0.12562031, -0.12261154, -0.11906053, -0.11542200, -0.11537418, -0.11529425, -0.11282644, -0.10951662, -0.10274653, -0.09520696, -0.09155165, -0.08749758
 -0.21138384, -0.10224739, -0.00312298,  0.08182888,  0.15359862,  0.20098595,  0.21797922,  0.19947447,  0.15415280,  0.09093020,  0.01353619, -0.06576129, -0.13733678, -0.19546333, -0.23441862, -0.25374408, -0.24827358, -0.21622021, -0.16518354, -0.10090074, -0.02661739,  0.04567478,  0.10270843,  0.14893670,  0.18465017,  0.20368536,  0.21396281,  0.21710707,  0.21336409,  0.19861351,  0.17124859,  0.13796630,  0.10474174,  0.07486475,  0.05011235,  0.02871249,  0.01264534,  0.00081019, -0.00662090, -0.01322785, -0.01848927, -0.02121452, -0.02981739, -0.04146234, -0.05511586, -0.07084057, -0.08841085, -0.10932626, -0.13244516, -0.14712979
  0.01356097, -0.14647631, -0.20523970, -0.16793855, -0.06161503,  0.05342524,  0.11212994,  0.13690028,  0.14622929,  0.13955883,  0.11744809,  0.06384801, -0.00444834, -0.07705699, -0.13641727, -0.15259854, -0.12965899, -0.07458652, -0.00527349,  0.06169500,  0.11299048,  0.14335959,  0.15168297,  0.14758456,  0.10495692,  0.03485982, -0.01540819, -0.03434501, -0.04260365, -0.06424366, -0.10088601, -0.14913567, -0.19155708, -0.19512679, -0.17725960, -0.15744080, -0.14632159, -0.13728023, -0.12917684, -0.10405857, -0.06425355, -0.02521841,  0.01037579,  0.05353418,  0.11392055,  0.17825205,  0.24982936,  0.30885262,  0.32669372,  0.30230348
 -0.47711324, -0.20620230,  0.06285824,  0.26131132,  0.31021323,  0.25126506,  0.14966894,  0.06250962, -0.02108137, -0.10733004, -0.16313607, -0.19060080, -0.19287274, -0.15084752, -0.07308140,  0.03294624,  0.12851978,  0.17701149,  0.19746052,  0.18974397,  0.13115593,  0.04741571, -0.01370685, -0.08227707, -0.12706305, -0.09620045, -0.06149375, -0.06300284, -0.11310616, -0.16937595, -0.17767749, -0.13880656, -0.07951951, -0.02776570,  0.00543587,  0.03382131,  0.05336619,  0.06699301,  0.07537392,  0.08423089,  0.07921539,  0.05245870,  0.05490819,  0.06714786,  0.07157575,  0.06184761,  0.02707763, -0.00189762,  0.01298852,  0.03380843
 -0.05424278,  0.07803492,  0.05035958, -0.06677297, -0.10239356, -0.01088164,  0.12006694,  0.11479628, -0.02251634, -0.14853848, -0.13999125,  0.03189967,  0.20325482,  0.19996742,  0.00689994, -0.23148732, -0.27689637, -0.07651611,  0.17912170,  0.27452279,  0.14336240, -0.09733410, -0.23822347, -0.14926900,  0.07962693,  0.20248838,  0.11631167, -0.07360353, -0.16611768, -0.08446292,  0.06422408,  0.13133579,  0.04803375, -0.10851090, -0.16190341, -0.04889745,  0.13488836,  0.20899976,  0.10209569, -0.10332384, -0.20608616, -0.09839412,  0.09555409,  0.19717263,  0.11066973, -0.07668456, -0.20037857, -0.15527913,  0.02550926,  0.19331574
 -0.00572503,  0.02019100,  0.00327506,  0.01320802,  0.04116730,  0.02531736, -0.06140367, -0.14397194, -0.11117282,  0.05026385,  0.22398197,  0.24507399,  0.05788432, -0.20560220, -0.33335242, -0.20566557,  0.08290393,  0.29500948,  0.27027963,  0.04887470, -0.17850516, -0.23502232, -0.10285393,  0.07417107,  0.13568120,  0.05701462, -0.04892534, -0.06276294,  0.01422781,  0.07797160,  0.04893500, -0.04785865, -0.10763097, -0.04651172,  0.09566401,  0.18125634,  0.11019054, -0.07234870, -0.20652731, -0.16164195,  0.03553083,  0.21243170,  0.21655839,  0.04762211, -0.14939562, -0.21956922, -0.12827909,  0.02715946,  0.10301754,  0.03309408
  0.04232527,  0.09091032, -0.03546566, -0.19200497, -0.20109530, -0.04780368,  0.17518912,  0.29296534,  0.24375849,  0.06956624, -0.14472587, -0.26530884, -0.24669311, -0.12573847,  0.03308662,  0.14686779,  0.20024119,  0.18120199,  0.06672782, -0.09233602, -0.19302277, -0.17944509, -0.06190687,  0.11166322,  0.22364975,  0.16222573, -0.01642559, -0.17993965, -0.20739507, -0.09949621,  0.03652387,  0.11081167,  0.09277911,  0.00884519, -0.06158609, -0.07076157, -0.00995792,  0.07308441,  0.13474388,  0.13643930,  0.09684867,  0.04391219, -0.04572587, -0.13959697, -0.19577469, -0.16891229, -0.06425735,  0.05105908,  0.11103115,  0.10938502
 -0.05464368,  0.07728248,  0.17000242,  0.07268458, -0.15032762, -0.30236274, -0.25276562, -0.01212802,  0.24228855,  0.33616601,  0.22711058,  0.00796515, -0.14901167, -0.16894885, -0.10534311, -0.05151456, -0.04696599, -0.02545534,  0.05763977,  0.14857083,  0.15469676,  0.04317499, -0.12669276, -0.20486211, -0.09955456,  0.11003133,  0.24462472,  0.18413120, -0.02541881, -0.20759862, -0.21821323, -0.07826262,  0.07445332,  0.12185084,  0.02791443, -0.11647632, -0.18029931, -0.10583538,  0.03805726,  0.13995179,  0.13778750,  0.08221999,  0.05006054,  0.05252441,  0.04780013, -0.01399198, -0.09602179, -0.12415119, -0.06353343,  0.06316953
 -0.16715898,  0.07003850,  0.17259737,  0.10880203,  0.00838353, -0.05480581, -0.08425392, -0.08244566, -0.02550603,  0.04061482,  0.05540095,  0.02021202, -0.01807363, -0.02364219, -0.01567715, -0.03730315, -0.07086755, -0.07304963, -0.03489683,  0.03547833,  0.10401254,  0.11384180,  0.03536486, -0.01194654,  0.00266654, -0.00990909, -0.04460657, -0.08948888, -0.11636131, -0.10449504, -0.02168167,  0.10990223,  0.21057515,  0.27891598,  0.29836488,  0.24213441,  0.14175276,  0.03391346, -0.06002559, -0.14775525, -0.21892775, -0.25570251, -0.28424231, -0.26837404, -0.19195907, -0.08593276,  0.04787641,  0.19151781,  0.28145308,  0.26480068
  0.06675746, -0.00063509, -0.03249887, -0.04881377, -0.03663763,  0.01636055,  0.02107051,  0.07570557,  0.09106230,  0.02403241, -0.03871296, -0.12162577, -0.13039980, -0.09208904, -0.07097134,  0.01143283,  0.08195906,  0.14649537,  0.22120880,  0.18105321,  0.01934261, -0.13488749, -0.20369352, -0.16122261, -0.10395832, -0.05541979, -0.02885727, -0.01310045,  0.01074378,  0.08846076,  0.22595964,  0.28416936,  0.22393414,  0.14767362,  0.03384634, -0.07382547, -0.15002642, -0.18764731, -0.22808447, -0.22017322, -0.18815745, -0.14383664, -0.03167869,  0.09693891,  0.20484901,  0.22459968,  0.21015108,  0.16595512, -0.01960208, -0.33191762
 -0.34327159,  0.04137059,  0.29172791,  0.17275977,  0.04918455,  0.00426135, -0.11754943, -0.17048163, -0.10911170, -0.03105481, -0.01179881, -0.06755642, -0.00391983,  0.15139845,  0.24494230,  0.20494115,  0.01828679, -0.10937868, -0.13986568, -0.18036281, -0.15719149, -0.08175672, -0.09961718,  0.07461262,  0.30900042,  0.29110230,  0.14212710, -0.01841209, -0.09280900, -0.07391176,  0.04404661,  0.08491043, -0.04226010, -0.06347773, -0.04852446, -0.10135641, -0.16787262, -0.20507041, -0.19852238, -0.12593114, -0.02029201,  0.11394600,  0.15399055,  0.13203189,  0.10331776,  0.01759556,  0.04486674,  0.14481497,  0.09977492, -0.00073801
 -0.00248173, -0.09894273,  0.03576549,  0.21996225,  0.05940538, -0.24664624, -0.26695510,  0.13587602,  0.32169558,  0.04981917, -0.20823899, -0.20190869,  0.10007823,  0.29628249,  0.07237786, -0.17843123, -0.23478065, -0.07820227,  0.17784167,  0.15155281, -0.11390619, -0.12485943,  0.15303699,  0.21472259, -0.02567466, -0.16585142, -0.10714929,  0.03514323,  0.03851424, -0.04698546, -0.04357131, -0.01340703, -0.00577651, -0.01811426, -0.05222458,  0.02789498,  0.11922387,  0.05125964, -0.10715798, -0.06800144,  0.08788958,  0.15328437,  0.11754476, -0.07773768, -0.17558909, -0.07154673,  0.09558357,  0.17089636,  0.00241273, -0.19673673
 -0.16851771,  0.08931010,  0.27737369, -0.01006612, -0.29611513, -0.13793286,  0.20057742,  0.25068868, -0.04284215, -0.28113791, -0.15716859,  0.16547395,  0.26920529,  0.04829977, -0.16695547, -0.17427209,  0.00259977,  0.16758890,  0.05585860, -0.14311169, -0.06847407,  0.14597319,  0.10512112, -0.07335772, -0.10109257,  0.00551237,  0.08204820,  0.02330659, -0.06537563, -0.06421691,  0.03019843,  0.06421759, -0.03676420, -0.04071859,  0.07574195,  0.08386107, -0.07891758, -0.22177682, -0.14252386,  0.09764110,  0.22076465,  0.11073862, -0.11265331, -0.17140690, -0.00279678,  0.16990673,  0.16844423, -0.03465919, -0.14875208,  0.03202949
 -0.14522933,  0.23267667,  0.07801104, -0.26972438,  0.01622887,  0.16845940, -0.14401419,  0.04256845,  0.13781322, -0.17254211,  0.04729704,  0.06582257, -0.18692926,  0.17785103,  0.11778318, -0.20741252,  0.01647349, -0.03777754, -0.08251056,  0.22539279,  0.08081081, -0.21144209, -0.04192625,  0.11807724,  0.11451915, -0.00530438, -0.21989928, -0.06677048,  0.13542730,  0.04756945,  0.04410089, -0.10780205, -0.25272501,  0.17334342,  0.27793782, -0.09911185, -0.07277539, -0.07381057, -0.12767596,  0.21458237,  0.16726187, -0.19179198, -0.01317788,  0.03722919, -0.02383565,  0.15868161, -0.05601261, -0.17910688,  0.09025159, -0.00740841
  0.02157327,  0.03109791, -0.14556904, -0.05235236,  0.19304941,  0.06763395, -0.02044663,  0.03716790, -0.20943505, -0.16359425,  0.12319167,  0.04360169,  0.16694049,  0.16940216, -0.21550864, -0.10849497,  0.05479404, -0.01391368,  0.12326542, -0.02081960, -0.28319944, -0.04370789,  0.15343807,  0.12062839,  0.06311913, -0.00813907,  0.07539166,  0.13384145, -0.11014846, -0.29300603, -0.17719021, -0.01611112,  0.24287030,  0.35514625, -0.05626717, -0.26928191, -0.13852455, -0.06151132,  0.15420294,  0.21495002, -0.09898538, -0.09301232,  0.04658147, -0.02465879,  0.07081506, -0.00009716, -0.11083916,  0.12506872,  0.08075595, -0.13323232
  0.07718987, -0.02470272, -0.07778134,  0.01126853, -0.12897180,  0.02635728,  0.27831654, -0.03105917, -0.06517794,  0.09070707, -0.24753555, -0.16026380,  0.16586011,  0.00964817,  0.09128678,  0.14911216, -0.16980508, -0.07156246,  0.18224309,  0.07197262, -0.07368149, -0.20103151, -0.15513413,  0.07602908,  0.08012537, -0.01129337,  0.04003780,  0.11590096,  0.21944339,  0.12312920, -0.28177628, -0.31355496,  0.03354092,  0.12348198,  0.25068381,  0.23822638, -0.21499389, -0.23416472,  0.04940376, -0.05337538, -0.00281277,  0.05028593, -0.15657001,  0.02691180,  0.16683565, -0.07841807, -0.09515986,  0.00679199,  0.05036281,  0.08681292
 -0.03629565,  0.11361007, -0.08751432,  0.00570503,  0.09427202, -0.23888113,  0.04150486,  0.27046679, -0.19080514,  0.02322372,  0.20839216, -0.29711354, -0.03401675,  0.18515308, -0.18252135,  0.11234629,  0.19086411, -0.23247114, -0.03731029,  0.14132200,  0.01049580,  0.05827323, -0.10945705, -0.14049416,  0.06911804,  0.01341602, -0.00130012,  0.02811547, -0.02745615,  0.13596836,  0.15898215, -0.19015057, -0.14648219,  0.03912086, -0.11977261,  0.17004520,  0.26558938, -0.22741517, -0.07557136,  0.10658703, -0.15681645,  0.10839973,  0.10715022, -0.24874554,  0.05862967,  0.14548271, -0.11416199, -0.00107799,  0.01567908,  0.02435966
 -0.09554291, -0.02223339,  0.10425363,  0.17594406, -0.06146897, -0.08391167, -0.01443232, -0.17740082, -0.05675386,  0.21527630,  0.08983711,  0.03790169,  0.13765750, -0.10365788, -0.17835609,  0.04847546, -0.08749835, -0.16735526,  0.10259180,  0.15232391, -0.00000909, -0.06247197,  0.07981638,  0.25433318,  0.15153613, -0.07968153, -0.30353708, -0.35878284, -0.13120969,  0.11143171,  0.15262149,  0.14712934,  0.08972709, -0.10594814, -0.12074326, -0.00126488, -0.13446228, -0.05448328,  0.21390501,  0.17918994,  0.12068964,  0.00458696, -0.22583987, -0.07913182,  0.24824835,  0.14011527, -0.09539076, -0.11592239, -0.05992509, -0.04494522
  0.17708648, -0.17067817, -0.27196204,  0.21123425,  0.15895228, -0.06539750,  0.05700314, -0.01661107, -0.12794984, -0.04340527,  0.01516182,  0.06294054,  0.00391234,  0.06878051,  0.08649222, -0.16290555,  0.00758440,  0.09593156, -0.22057124,  0.06479799,  0.26987032, -0.23160476, -0.20816597,  0.09690423,  0.13840862,  0.18770318,  0.09519253, -0.14710634, -0.18143145, -0.01507006, -0.10237889, -0.06663112,  0.24617224,  0.10709801, -0.04713258,  0.02023458, -0.02375167, -0.08086381, -0.10448671,  0.00236314,  0.18278544,  0.07979957, -0.03783336, -0.11917066, -0.20400696,  0.17305142,  0.28067992, -0.17597284, -0.13707357,  0.06278979
 -0.03325957, -0.07203960,  0.13210831,  0.14564359, -0.19731090, -0.13488250,  0.22206892,  0.01966843, -0.21337842,  0.12399515,  0.19714479, -0.20001306, -0.19342837,  0.21117349,  0.10273106, -0.26270290,  0.04351126,  0.25322361, -0.11161809, -0.10498158,  0.07477011, -0.04310891,  0.05003704,  0.20409536, -0.06170151, -0.29210205, -0.08802133,  0.10872269,  0.08377787,  0.01865220, -0.00040865,  0.11344850,  0.11676188, -0.09598793, -0.06066610,  0.07244501, -0.07374775, -0.16627585,  0.04606787,  0.12486758, -0.15109770, -0.19284916,  0.17088201,  0.25396723, -0.06078501, -0.10681688, -0.01920388, -0.08994325,  0.04257263,  0.12308139
  0.00353035,  0.01167035, -0.10305875,  0.10527844,  0.13935361, -0.22495652, -0.08894983,  0.28175047, -0.05835621, -0.23598498,  0.17966434,  0.17510597, -0.19957799, -0.16684708,  0.24547533,  0.08347420, -0.31377065,  0.09998670,  0.22874844, -0.19651789, -0.03534092,  0.14677653, -0.13728528, -0.00654641,  0.20542326, -0.05203814, -0.17532828,  0.02292370,  0.06347327,  0.01484415,  0.00173497, -0.06103438,  0.04354609,  0.07778270, -0.13262804,  0.00379523,  0.14313726, -0.04761006, -0.12767028,  0.08159418,  0.13384030, -0.12207516, -0.19475050,  0.13146356,  0.19655798, -0.14085852, -0.03119434,  0.07232749, -0.10326414,  0.06352525
  0.19934056, -0.39537319,  0.21065279,  0.12176800, -0.17244455, -0.01508801,  0.06285256,  0.03966683, -0.04842077, -0.10524206,  0.10196759,  0.10365212, -0.14083455, -0.02072994,  0.05785598, -0.00642545,  0.13899134, -0.11306289, -0.03998433,  0.22701234, -0.26506318, -0.13630705,  0.13918712, -0.14202178,  0.05711912,  0.17397147,  0.07706351,  0.00498191,  0.10667593,  0.01488286, -0.26935186,  0.03508441,  0.07196001, -0.22797057,  0.01527044,  0.04200645,  0.20233366,  0.11461363, -0.18750275,  0.12769385,  0.06048840, -0.20594711, -0.10753915, -0.03486251,  0.06729528,  0.15112211, -0.12434302,  0.01667188,  0.16446017, -0.13731820
  0.00105345, -0.06947666,  0.01655610,  0.04471275,  0.07088888, -0.09120093, -0.04110440,  0.14429179,  0.08513772, -0.11033997, -0.18614547,  0.08176466,  0.04519304, -0.13418400,  0.03626639,  0.07112429,  0.12691286, -0.04482628, -0.13562117,  0.07791948, -0.06887566,  0.07061390,  0.21067981, -0.07109164, -0.04781744, -0.10471745, -0.21076310, -0.09972324,  0.14368841,  0.18771832, -0.05665594,  0.06090024,  0.30797255,  0.18637333, -0.04682166, -0.23186775, -0.08409836, -0.08717443, -0.19811002, -0.16840994, -0.08204711,  0.22915571,  0.20323001,  0.02614825,  0.03895462,  0.01427726, -0.21528377, -0.29582294,  0.13105621,  0.34042485
  0.00990775,  0.00450353,  0.02451584, -0.17242951,  0.11986135,  0.16143431, -0.15100978, -0.06400218,  0.04591021,  0.08078067, -0.07130446, -0.02953085,  0.10119261, -0.08762097,  0.04966212,  0.01088819, -0.10944066,  0.02518418,  0.07572966,  0.06401977, -0.11159135,  0.07273017,  0.00020398, -0.23248048,  0.21012187,  0.12161945, -0.26310523,  0.03725640,  0.19421804, -0.10476697, -0.17199431,  0.17102776,  0.13617581, -0.20092801, -0.05241445,  0.18807326,  0.01939752, -0.25469356,  0.07332219,  0.30290937, -0.23429892, -0.07474390,  0.21258830, -0.10104751, -0.16113191,  0.02485458,  0.25815026, -0.04826063, -0.22424854,  0.12113453
 -0.04859867,  0.04143725,  0.07283163, -0.06041413, -0.14426597,  0.17441103,  0.03234502, -0.05199061, -0.06067401,  0.04837319,  0.07718206, -0.19338667,  0.15461682,  0.00770979, -0.09424055,  0.13253317, -0.14208070,  0.02318460, -0.06518910,  0.03886829,  0.14268471, -0.08262830,  0.18224479, -0.06493565, -0.24479871,  0.20971259, -0.03140921, -0.24496132,  0.02716709,  0.18384766, -0.00570359, -0.17298287,  0.15243924,  0.18491171, -0.18209056, -0.08372521,  0.11058312, -0.00461145, -0.29213179,  0.18117888,  0.20517561, -0.18375305,  0.12473758,  0.10104937, -0.02310547, -0.26789121,  0.00490631,  0.26974739, -0.18878214,  0.03649109
 -0.08517427,  0.15165219, -0.04557893, -0.07279278,  0.00676502,  0.00612828,  0.22876419, -0.16884423, -0.05586705,  0.02161194, -0.09612798,  0.19088579, -0.15781243,  0.10139317,  0.06151224, -0.10009854,  0.10192146, -0.29523327,  0.12089551,  0.10784567,  0.02632089,  0.19525979, -0.13166160, -0.09962786, -0.07130096, -0.04175803, -0.00253214, -0.07589020,  0.16135023,  0.02699981, -0.07230690,  0.11821406,  0.12919653,  0.01476813, -0.26330338, -0.04041711,  0.12069235, -0.26540950,  0.06527397,  0.03888654,  0.22760738,  0.18005411, -0.15277520,  0.14864013, -0.28502217, -0.16749712,  0.05615888,  0.05187368,  0.27313188, -0.19158305
  0.00626015, -0.00545032, -0.00616870,  0.00619115, -0.00967987,  0.03288864, -0.06429598,  0.02068742,  0.13821767, -0.20046857,  0.10450772, -0.03148060, -0.02522757,  0.12555369, -0.25754567,  0.25744367, -0.05572575, -0.12789685,  0.24438873, -0.29335658,  0.14634016,  0.09722419, -0.22519101,  0.19026240, -0.05952888, -0.05094115,  0.10322614, -0.16763602,  0.12571819,  0.08507032, -0.20781769,  0.08226541,  0.13573815, -0.13190357,  0.01756921,  0.09666862, -0.11619049,  0.04720796, -0.01754224, -0.05359132,  0.09531619, -0.21248428,  0.24329629,  0.00682055, -0.24758686,  0.30886972, -0.18480685, -0.03088709,  0.05474461,  0.01793877
 -0.01012059,  0.03724975, -0.04746359,  0.00722790,  0.05345165, -0.09255178,  0.10073749,  0.05854670, -0.15412494, -0.00622993,  0.02201803,  0.03665209,  0.03325259, -0.13339537,  0.10854849,  0.08801320, -0.17474384,  0.10515787, -0.06263200, -0.03706263,  0.27614129, -0.25094722, -0.00949417,  0.13854471, -0.26762943,  0.15199033, -0.03964624, -0.05835392,  0.36379539, -0.26009295, -0.07041951,  0.34019956, -0.17427209, -0.03291976,  0.02519943, -0.14356749,  0.09270633, -0.06399712,  0.00912700,  0.08863373, -0.08929942,  0.18849341,  0.04751172, -0.29362041,  0.07916786,  0.03187764, -0.17792514,  0.13103741,  0.12257660, -0.07012085
  0.01653274, -0.00267297, -0.07179293,  0.15515941, -0.14228224,  0.01551991,  0.06380313, -0.11158010,  0.19053666, -0.17062869,  0.04082994,  0.07080723, -0.10951565,  0.07689348, -0.09158798,  0.09115804,  0.01631165,  0.01463412, -0.05128705, -0.02523765,  0.04720842, -0.16978207,  0.21212766, -0.11415023, -0.03041115,  0.25406506, -0.31146376,  0.20240157,  0.11222941, -0.32064375,  0.24620015, -0.14476012,  0.02289706,  0.12902323, -0.26585890,  0.29105403, -0.07061658, -0.09291293,  0.18148736, -0.23649298,  0.08067642, -0.05555498, -0.01081555,  0.08535292, -0.06027575,  0.14224178, -0.12513936,  0.01869678, -0.01752667,  0.03595098
  0.02029135, -0.01751459, -0.01009440,  0.04151539,  0.04414429, -0.14719579, -0.00248660, -0.08599786,  0.16910971,  0.14565187, -0.17227543,  0.02804518, -0.01311933,  0.06234599, -0.11401473, -0.07230270,  0.19002063,  0.03580950,  0.05594618, -0.20315641, -0.13741608,  0.03707367,  0.02146349,  0.18790944, -0.08567962,  0.19789906,  0.10665149, -0.30664022,  0.16836496, -0.08279875, -0.14635798,  0.00679236, -0.22960318,  0.24904122, -0.03910216, -0.01652104,  0.36562137, -0.13518541,  0.02039322, -0.02746484, -0.21373776, -0.12952051, -0.12722980,  0.26259263,  0.13368622,  0.09575191,  0.11272428, -0.16816410, -0.16395727,  0.07281146
  0.07174261, -0.15870742,  0.10690605, -0.02519408, -0.07573478,  0.04679690,  0.20508040, -0.12028232, -0.13432533, -0.01564603,  0.21136480,  0.01458555, -0.28258806,  0.06248864,  0.16573222,  0.07780395, -0.25500999, -0.13718922,  0.32573172,  0.10040609, -0.21456032, -0.01337384,  0.13589827, -0.03547695, -0.10718451, -0.01135487,  0.08534887, -0.09146290, -0.05456874,  0.04001298,  0.12382079,  0.02726630, -0.16964869,  0.21446533,  0.08837011, -0.20115793, -0.03171773, -0.00414968,  0.10118622, -0.10318362, -0.05026448,  0.14890777,  0.10697356, -0.12211645, -0.22843741,  0.14757358,  0.11647684, -0.03671546, -0.25737327,  0.21832063
 -0.06255038,  0.09357026,  0.01829216, -0.11815554,  0.06259820,  0.15770791, -0.07356747, -0.18525848, -0.03444101,  0.21443956,  0.04706270, -0.23562286, -0.04306172,  0.19489598,  0.10456334, -0.23051980, -0.12759132,  0.31453871,  0.16374195, -0.24002593, -0.10329748,  0.06807253,  0.02289124, -0.14550774, -0.03471381,  0.11367990, -0.01131664,  0.04301466,  0.10460721,  0.11251669, -0.03327057, -0.10385560,  0.17222964, -0.04094938, -0.20786243, -0.05831798,  0.08836806,  0.11858684, -0.07929503, -0.09673730,  0.11724927,  0.09504663, -0.19512811, -0.26331748,  0.13554841,  0.26547628, -0.10943781, -0.16137286,  0.18346306,  0.03567043
  0.09323138, -0.10604352, -0.06408917, -0.04633581,  0.23247337, -0.14072316,  0.10449336, -0.13826083,  0.11420890,  0.03324466, -0.09648553, -0.01792786, -0.06729397,  0.23147781, -0.10272031, -0.08102067, -0.02028771,  0.13093548, -0.08076229, -0.06826135,  0.12558084,  0.01777643,  0.13379143, -0.30080598,  0.17220828, -0.00974527, -0.05110004, -0.03977334, -0.14582721,  0.13781199, -0.08427285,  0.20203509, -0.07666503, -0.08079607,  0.26073307, -0.10691589,  0.01824746, -0.20893605,  0.07401707, -0.01960797,  0.13342666,  0.01905405, -0.08776532,  0.10554905, -0.01962831,  0.05340291, -0.38343254,  0.34564306, -0.19752328,  0.09038927
  0.05567038,  0.11903813, -0.17008175, -0.21330656,  0.05720268,  0.13409560,  0.01975451,  0.01037410, -0.00642749,  0.09082128,  0.02350399, -0.03071178, -0.10996354, -0.04142039,  0.15009218,  0.05512037, -0.13203491, -0.12859694,  0.02517230,  0.01193984, -0.03320610,  0.03107354,  0.26370140,  0.16289468, -0.16537214, -0.05226320,  0.11023857, -0.02915037, -0.37154411, -0.27803282, -0.03206366,  0.13335656,  0.12720329, -0.10903034,  0.11813045,  0.34295710,  0.13459467, -0.19371965, -0.28353460, -0.02616751,  0.08970444,  0.08971890,  0.06284398,  0.13347945,  0.14258061,  0.05135324, -0.16398700, -0.19532841, -0.03429314, -0.06206076
 -0.09663515,  0.11544965,  0.14866577, -0.18460568, -0.03898393,  0.00340692,  0.14560988, -0.16485147,  0.05863221, -0.01359183,  0.04624250, -0.01999510,  0.06625469, -0.09573459, -0.09496918,  0.15507806,  0.03926228, -0.02935763, -0.08211063,  0.07259448,  0.07581545, -0.23288323, -0.02629549,  0.10221408,  0.27348739, -0.39524577,  0.05369821,  0.26866346,  0.04954493, -0.11181866, -0.16569480,  0.05777213,  0.08280810,  0.02328825, -0.16497917, -0.16801789,  0.38461302,  0.01458112, -0.04251376, -0.23762665,  0.15955367, -0.07183252, -0.00778858, -0.08654385,  0.05917626,  0.08921011,  0.08223456,  0.01648973, -0.20748690,  0.11008359
 -0.02950669,  0.00855269,  0.09119349, -0.04671407, -0.07424238,  0.06815578, -0.05587352,  0.10026384, -0.16100934,  0.17688097, -0.15682925,  0.15775683, -0.11313034,  0.09164714, -0.16045132,  0.15590069, -0.05135707,  0.00913694, -0.01110686, -0.01063743,  0.04947410, -0.04308353, -0.10564903,  0.16774700, -0.07544004,  0.10820152, -0.26805803,  0.33505188, -0.18165824,  0.12298683, -0.14934592,  0.04967215, -0.02363088,  0.07379191, -0.09885544, -0.00961814,  0.00726754,  0.19697139, -0.21514951,  0.16791636, -0.23401097,  0.24452951, -0.24883033,  0.21995598, -0.21550132,  0.20510507, -0.07386649,  0.08242297, -0.10356414,  0.02776122
 -0.08466702,  0.14949243, -0.10344538,  0.06464871,  0.02588866,  0.02157513, -0.09305800, -0.02062412,  0.07071139, -0.07407068, -0.02920543,  0.08609622, -0.02312836, -0.06922682,  0.06643244,  0.06717552, -0.16720127,  0.26973343, -0.24121828,  0.27545438, -0.24432500, -0.01635394,  0.01415981,  0.01318266, -0.05698437, -0.14700172,  0.32049623, -0.06371512, -0.03053800,  0.24710524, -0.14124416,  0.18591010, -0.20056559,  0.16357468, -0.37111466,  0.27195053, -0.13355259, -0.05293760,  0.09108711,  0.04472554, -0.02024432, -0.08266211, -0.02333063, -0.03339428, -0.07163731,  0.13414678, -0.11548525,  0.09837361,  0.02849022,  0.06057063
 -0.03341703, -0.03840528,  0.12328371, -0.01825949,  0.02809065, -0.00110313, -0.10880644, -0.01867661,  0.13824627, -0.12885897, -0.04978272,  0.14828516, -0.00835343, -0.10899821,  0.04939281,  0.09724296, -0.12200697,  0.06430117,  0.10086553, -0.16325442,  0.17501017, -0.31619549,  0.18492983, -0.01684321, -0.09512646, -0.01369881,  0.16083760,  0.09340843, -0.23144878,  0.28206025,  0.09755233, -0.23368653,  0.11485260, -0.11595566, -0.00631926, -0.12521040,  0.23237852, -0.33660760,  0.24520668,  0.15373064, -0.22745140, -0.01080662, -0.02297748,  0.01382001, -0.07556246,  0.04917838,  0.04672985, -0.06990311,  0.23129117, -0.09036740
  0.07445101, -0.11516075, -0.04985408,  0.13053144, -0.03405413, -0.00941600,  0.15679575, -0.26120014,  0.10818852,  0.14673476, -0.31096024,  0.14775887,  0.06048430, -0.13069210,  0.12992722, -0.06116456,  0.01421848, -0.01066065,  0.06665172, -0.04649020, -0.02859131,  0.13495586, -0.20502296,  0.05469794,  0.03985432, -0.12897391,  0.06154347,  0.11348488, -0.05085211, -0.13795011,  0.34845947, -0.12976971, -0.03202619,  0.10507194, -0.06782707, -0.06086435,  0.05729153, -0.01604266, -0.26335660,  0.33172880, -0.01185195, -0.19273322,  0.21298069, -0.16307753, -0.04475020,  0.14411667, -0.24298198,  0.09229092,  0.04025005,  0.06509927
  0.01957647,  0.00287386, -0.10182688,  0.10949211,  0.01107895, -0.08329172,  0.03473631,  0.08799786, -0.19236287,  0.18168754, -0.01931380, -0.20739148,  0.28388402, -0.14711018, -0.04875956,  0.18896532, -0.19033705,  0.07593041,  0.01341141, -0.02119783, -0.03289596,  0.01253409,  0.13399911, -0.22069419,  0.14127084, -0.00323338, -0.06155738,  0.07380219, -0.03877966, -0.06022463,  0.04405417,  0.14065407, -0.24610709,  0.11418445,  0.08736025, -0.13569090,  0.07054719, -0.00952255, -0.03724893, -0.03143968,  0.20015398, -0.20085842, -0.00560769,  0.25108880, -0.30207759,  0.14148891,  0.06508568, -0.27003170,  0.29687444, -0.11750844
  0.03064967, -0.11147136,  0.23588980, -0.17023245, -0.09551658,  0.02438402, -0.00659576,  0.16094832, -0.11912175,  0.11395792, -0.02312469,  0.03356631,  0.08008284, -0.22174384,  0.24081981, -0.20585806,  0.01345157,  0.00164761, -0.07708084, -0.03607227,  0.07843743,  0.19655353, -0.09271951,  0.10258638,  0.04578335,  0.09983961, -0.21184592, -0.06205832, -0.17575428,  0.07862173, -0.20243128, -0.11094680, -0.02763625,  0.23230211, -0.05291252,  0.07081952,  0.09816424, -0.08338784,  0.25781578, -0.26053364,  0.04829919, -0.04216457,  0.28116022, -0.04363614, -0.02579518,  0.16824155, -0.16315810,  0.13737808, -0.04547803, -0.28980938
 -0.03191875,  0.05708950, -0.01829492,  0.04857066, -0.14740609,  0.13759101, -0.15796099,  0.21480884, -0.20926109,  0.19728033, -0.15085218,  0.15445341, -0.10387325,  0.01112027,  0.04414673, -0.08584162,  0.08502288, -0.11541441,  0.13075395, -0.18454776,  0.22731812, -0.21441640,  0.26203887, -0.25282900,  0.30097614, -0.26210653,  0.21757599, -0.26278620,  0.17032196, -0.11469100,  0.01223336, -0.07057853, -0.00124921,  0.08988033, -0.09635813,  0.12371828, -0.09847481,  0.12541671, -0.04565496,  0.02229118, -0.09708410,  0.07485933,  0.00379184,  0.03567288, -0.03954798,  0.08727354, -0.06166329,  0.08905943, -0.07688322, -0.05462900
  0.00751207, -0.03473871,  0.06989135, -0.05753318, -0.00756365,  0.05065798, -0.10642416,  0.16590837, -0.17907702,  0.18468419, -0.17737754,  0.18838356, -0.18620890,  0.18960583, -0.21063408,  0.22510872, -0.24928813,  0.24432235, -0.24226311,  0.20319010, -0.15564497,  0.15028287, -0.10740498,  0.07542838, -0.00442807, -0.03700298,  0.07648368, -0.15709257,  0.16091593, -0.19737603,  0.19431490, -0.23637860,  0.20465990, -0.15464053,  0.14611724, -0.11930391,  0.12591760, -0.11648051,  0.13581400, -0.11946160,  0.06765005, -0.03308589,  0.02869973,  0.01739073, -0.02248426,  0.02822391, -0.01773690,  0.01603087, -0.00180023, -0.04272069
 -0.05051347,  0.18806184, -0.29399039,  0.33740358, -0.33575510,  0.16080068, -0.00068513, -0.01944714, -0.00232824,  0.07564345, -0.11982319,  0.18896889, -0.22022290,  0.17304343, -0.10466962,  0.05739144, -0.05174581,  0.00185204,  0.02495513, -0.05556927,  0.01339484,  0.05550443,  0.04240715, -0.07127246,  0.05754781,  0.06010379, -0.14447574,  0.10488267, -0.16592410,  0.16173313, -0.22965919,  0.13433101, -0.09194276,  0.03623640,  0.09258654, -0.11426120,  0.12878302, -0.04043451,  0.02347787, -0.04668336,  0.02965371, -0.10607007,  0.26660888, -0.25265454,  0.22619413, -0.13649869,  0.10768399, -0.08634398,  0.03388617, -0.07188465
  0.14757547, -0.20759832,  0.00097155,  0.13136019, -0.32640749,  0.38482701, -0.12551021, -0.05033767,  0.19054463, -0.21303996,  0.19936957, -0.20600660,  0.10461232,  0.02985285, -0.03709119,  0.01221523, -0.09948979,  0.09130949, -0.11508559, -0.00104170,  0.08675135,  0.19796705, -0.16194783, -0.02024951,  0.17290604, -0.16109837,  0.01560008, -0.10454449,  0.00222501, -0.13160242,  0.01273391,  0.05455825, -0.05608037,  0.15585832,  0.02473142, -0.05251754,  0.15436318, -0.16083273, -0.02192664,  0.09845796, -0.13463645,  0.34224487, -0.15238511,  0.07357339, -0.00471671, -0.03836506, -0.10365389, -0.03394488,  0.04852455, -0.07122341
  0.15595395, -0.32894024,  0.29243149, -0.26694989,  0.18772999, -0.07236160,  0.08014103, -0.05323887,  0.03465242,  0.02321159, -0.09278576,  0.08943896, -0.12837649,  0.21271380, -0.20571526,  0.15498181, -0.13724148,  0.05704622, -0.01518808, -0.09054544,  0.16448646, -0.00232970, -0.00604228, -0.06463025,  0.09234843, -0.05925824, -0.01386359, -0.00769338, -0.08044354, -0.01394823, -0.01162171,  0.09836327, -0.15735255,  0.25163200, -0.18018911,  0.19630290, -0.13378599,  0.03797908, -0.07403210,  0.05873439,  0.04578945,  0.00782253,  0.09813874, -0.14056660,  0.18927896, -0.25186123,  0.13457456, -0.20308723,  0.19334539, -0.09533667
  0.12003954, -0.22281961,  0.04162222,  0.03054974,  0.02474587,  0.29046920, -0.37023316,  0.20587058, -0.17280650,  0.09230998, -0.11977708, -0.03620661,  0.04596239,  0.03340257,  0.00765869, -0.05726786,  0.18856178, -0.13136283,  0.13081285, -0.02773269,  0.00093969, -0.09880333, -0.12310083,  0.08414063, -0.17782476,  0.00960082,  0.06745957,  0.20010037, -0.00832889,  0.03068595,  0.13411302,  0.22313395, -0.11006258,  0.00079560, -0.09943143, -0.01783445,  0.02619568, -0.25951844,  0.11012038, -0.09161472,  0.29063823, -0.15432689, -0.11674055, -0.05862076,  0.03219479, -0.11417245, -0.05575862,  0.01679463, -0.02384962,  0.32586831
