 -0.14065971, -0.14066361, -0.14067021, -0.14068013, -0.14069321, -0.14071103, -0.14073351, -0.14076180, -0.14079487, -0.14083194, -0.14087344, -0.14091786, -0.14096488, -0.14101449, -0.14106624, -0.14112066, -0.14117651, -0.14123308, -0.14129074, -0.14134859, -0.14140513, -0.14146042, -0.14151453, -0.14156541, -0.14161191, -0.14165445, -0.14169182, -0.14172413, -0.14175160, -0.14177522, -0.14179588, -0.14181282, -0.14182583, -0.14183589, -0.14184325, -0.14184849, -0.14185143, -0.14185259, -0.14185204, -0.14185068, -0.14184834, -0.14184470, -0.14184126, -0.14183750, -0.14183346, -0.14182896, -0.14182432, -0.14181991, -0.14181516, -0.14180833
  0.04986153,  0.07896067,  0.10607578,  0.13060922,  0.15214245,  0.17014727,  0.18399424,  0.19427387,  0.20122132,  0.20482253,  0.20519272,  0.20213819,  0.19603627,  0.18707178,  0.17550193,  0.16193895,  0.14655894,  0.12976328,  0.11189048,  0.09313517,  0.07375928,  0.05415662,  0.03470652,  0.01595079, -0.00223307, -0.01965591, -0.03583886, -0.05074979, -0.06463416, -0.07764555, -0.08969470, -0.10091150, -0.11127659, -0.12043152, -0.12874359, -0.13643850, -0.14359825, -0.15009343, -0.15594631, -0.16091355, -0.16503822, -0.16842589, -0.17095077, -0.17245978, -0.17285843, -0.17239408, -0.17092165, -0.16862223, -0.16595109, -0.16306754
 -0.37673339, -0.35065304, -0.31860269, -0.28179715, -0.24074972, -0.19801493, -0.15532642, -0.11361849, -0.07252623, -0.03236931,  0.00559418,  0.04113896,  0.07397503,  0.10320384,  0.12836303,  0.14880200,  0.16469708,  0.17624600,  0.18268546,  0.18413654,  0.18148439,  0.17466786,  0.16366173,  0.15083544,  0.13695004,  0.12199022,  0.10805570,  0.09551572,  0.08415854,  0.07312143,  0.06201588,  0.05148837,  0.04203101,  0.03375558,  0.02611726,  0.01838286,  0.01065627,  0.00282389, -0.00510080, -0.01336668, -0.02175246, -0.03002350, -0.03912877, -0.04822830, -0.05693553, -0.06527989, -0.07303772, -0.08059767, -0.08806754, -0.09397499
 -0.36442052, -0.27023145, -0.18089974, -0.09771919, -0.02656354,  0.03867689,  0.10325420,  0.16215601,  0.20615795,  0.23107563,  0.23824235,  0.22783919,  0.19820285,  0.15387140,  0.09851963,  0.03600492, -0.02999074, -0.09687994, -0.15601498, -0.20165592, -0.23287926, -0.24575241, -0.23670147, -0.21632132, -0.18469061, -0.14070360, -0.09779776, -0.06032664, -0.02831645,  0.00184038,  0.03132304,  0.05747173,  0.07660152,  0.08445863,  0.08478622,  0.08253704,  0.07838514,  0.07275875,  0.06668876,  0.06074593,  0.05485329,  0.04915405,  0.04868857,  0.04938736,  0.04875172,  0.04810925,  0.04488855,  0.04210529,  0.04414021,  0.04505081
 -0.21953731, -0.11319830, -0.01529248,  0.06968094,  0.14248484,  0.19126231,  0.21066090,  0.19392163,  0.14970727,  0.08724325,  0.00997810, -0.06857686, -0.13903063, -0.19574808, -0.23302539, -0.25133881, -0.24495529, -0.21215264, -0.16097669, -0.09692941, -0.02287761,  0.04855229,  0.10359625,  0.14719906,  0.18078739,  0.19804414,  0.20676559,  0.20828577,  0.20301578,  0.18668499,  0.15747347,  0.12292560,  0.08920925,  0.05859849,  0.03328815,  0.01165594, -0.00400337, -0.01524015, -0.02188714, -0.02837468, -0.03402432, -0.03725819, -0.04720196, -0.06084645, -0.07729855, -0.09618122, -0.11764367, -0.14293018, -0.16964081, -0.18588716
  0.01968375, -0.15062519, -0.21531255, -0.17926237, -0.07023317,  0.04909528,  0.11316865,  0.14152163,  0.15241114,  0.14559229,  0.12122964,  0.06520645, -0.00558731, -0.08062320, -0.14172568, -0.15948703, -0.13675377, -0.08045241, -0.00938563,  0.05989051,  0.11424581,  0.14704305,  0.15612293,  0.15158113,  0.10826626,  0.03718377, -0.01368347, -0.03306175, -0.04172541, -0.06452063, -0.10372001, -0.15445925, -0.19837370, -0.20344475, -0.18648298, -0.16678563, -0.15457616, -0.14385475, -0.13365929, -0.10720835, -0.06663954, -0.02706124,  0.00778136,  0.04941647,  0.10743531,  0.16907117,  0.23701289,  0.29137229,  0.30501717,  0.27901967
 -0.47843612, -0.20998253,  0.05843254,  0.25791249,  0.30880189,  0.25185440,  0.15152256,  0.06499019, -0.01845462, -0.10504322, -0.16158015, -0.19016053, -0.19374146, -0.15297120, -0.07608988,  0.02979210,  0.12596395,  0.17556655,  0.19735204,  0.19097342,  0.13342813,  0.05026005, -0.01070452, -0.07950630, -0.12506710, -0.09518113, -0.06120547, -0.06318954, -0.11383952, -0.17099249, -0.18040771, -0.14264810, -0.08421836, -0.03283006,  0.00034724,  0.02888233,  0.04862228,  0.06249408,  0.07115985,  0.08048007,  0.07606969,  0.04985321,  0.05281794,  0.06569285,  0.07094773,  0.06211957,  0.02823453, -0.00003728,  0.01530200,  0.03633131
  0.05487721, -0.07806533, -0.05076972,  0.06697267,  0.10374980,  0.01268737, -0.11934047, -0.11584977,  0.02041045,  0.14691548,  0.14001332, -0.03047071, -0.20164858, -0.19935858, -0.00742310,  0.23083283,  0.27699158,  0.07727289, -0.17854602, -0.27482869, -0.14432929,  0.09664004,  0.23848721,  0.15024809, -0.07915273, -0.20338903, -0.11805906,  0.07240452,  0.16642895,  0.08597086, -0.06270300, -0.13080159, -0.04838597,  0.10843093,  0.16304037,  0.05110996, -0.13273727, -0.20803516, -0.10250877,  0.10249643,  0.20599372,  0.09930245, -0.09429086, -0.19630535, -0.11030948,  0.07700909,  0.20123549,  0.15657211, -0.02472501, -0.19403841
 -0.00541204,  0.02092004,  0.00407919,  0.01218905,  0.03745884,  0.02065539, -0.06364370, -0.14195242, -0.10601433,  0.05560297,  0.22676220,  0.24465514,  0.05546849, -0.20836671, -0.33559089, -0.20752954,  0.08148562,  0.29487921,  0.27212708,  0.05208609, -0.17585369, -0.23478205, -0.10515486,  0.07119336,  0.13487486,  0.05955773, -0.04493000, -0.06055563,  0.01287638,  0.07409774,  0.04505929, -0.04986339, -0.10790104, -0.04698956,  0.09344192,  0.17761019,  0.10699440, -0.07331307, -0.20490708, -0.15869003,  0.03833640,  0.21473549,  0.21880882,  0.04983334, -0.14816815, -0.22038504, -0.13135148,  0.02302780,  0.09992872,  0.03259105
 -0.04194315, -0.09037896,  0.03600962,  0.19175102,  0.19965410,  0.04580233, -0.17649056, -0.29263728, -0.24188903, -0.06705329,  0.14675717,  0.26611018,  0.24617197,  0.12425303, -0.03496530, -0.14852126, -0.20107259, -0.18075878, -0.06511861,  0.09425335,  0.19412331,  0.17911385,  0.06047938, -0.11308887, -0.22393412, -0.16111786,  0.01802854,  0.18076658,  0.20682286,  0.09795863, -0.03808162, -0.11173058, -0.09304976, -0.00897454,  0.06112328,  0.06995783,  0.00922662, -0.07327258, -0.13419108, -0.13524824, -0.09522387, -0.04195089,  0.04786664,  0.14143935,  0.19667158,  0.16849911,  0.06280506, -0.05278728, -0.11228908, -0.10987365
  0.06441023, -0.08377052, -0.18370502, -0.08200009,  0.14885581,  0.30573224,  0.25813577,  0.01599020, -0.24097776, -0.33493451, -0.22326482, -0.00131976,  0.15283373,  0.16507798,  0.09509670,  0.04137793,  0.04389828,  0.02956522, -0.05116744, -0.14449497, -0.15458924, -0.04460815,  0.12854328,  0.20795086,  0.10001734, -0.11171282, -0.24692824, -0.18463828,  0.02748138,  0.20960654,  0.21477024,  0.06714530, -0.08989717, -0.13820211, -0.04067853,  0.11000452,  0.17862292,  0.10537489, -0.03818279, -0.13753561, -0.12975648, -0.06895768, -0.03463179, -0.04009161, -0.04250831,  0.01282725,  0.08873631,  0.11080075,  0.04651265, -0.08090942
 -0.14797815,  0.04696994,  0.12645264,  0.08911581,  0.01789122, -0.04463475, -0.06009027, -0.08478114, -0.05285956,  0.02506535,  0.06348348,  0.07447235,  0.03838911,  0.00117422, -0.01315553, -0.06697042, -0.10814360, -0.12077895, -0.11056021, -0.02613177,  0.10494381,  0.17801187,  0.13966836,  0.06412260,  0.02739862, -0.01711388, -0.05984674, -0.09575653, -0.11505380, -0.12887694, -0.11696905, -0.02839233,  0.09133778,  0.18627882,  0.25843080,  0.26423281,  0.21077007,  0.12111556,  0.03994617, -0.05492664, -0.13734803, -0.19156775, -0.26392611, -0.30168985, -0.27551394, -0.17713719, -0.04812078,  0.09027523,  0.24114857,  0.34726032
 -0.01866614, -0.01713500, -0.00916469,  0.02211139,  0.03439689,  0.00010229, -0.00226412, -0.05159349, -0.07999373, -0.03864502,  0.01369888,  0.09783861,  0.12505852,  0.10429051,  0.09129702,  0.02510646, -0.03870494, -0.10817824, -0.19669397, -0.19171097, -0.07324726,  0.06364583,  0.15501954,  0.14639067,  0.10736868,  0.07695599,  0.06619921,  0.06174400,  0.04082838, -0.03952427, -0.19325176, -0.29453232, -0.28341908, -0.24287924, -0.15215424, -0.04041343,  0.06401357,  0.14506906,  0.22701114,  0.26274840,  0.26575707,  0.24302845,  0.15314948,  0.02940833, -0.09992343, -0.16681847, -0.20734451, -0.21646593, -0.07786368,  0.21854746
 -0.36088866,  0.03901039,  0.30001992,  0.17418287,  0.04650707,  0.00260968, -0.11940113, -0.17313427, -0.10603561, -0.02350409, -0.00752787, -0.06947276, -0.01086595,  0.14448332,  0.23724060,  0.19196093,  0.00227678, -0.12088701, -0.13999997, -0.17107823, -0.13773870, -0.05777128, -0.08650309,  0.08165336,  0.31540537,  0.28630511,  0.12152928, -0.04967982, -0.12265757, -0.09406064,  0.04255903,  0.10124088, -0.02088583, -0.03555205, -0.01206000, -0.06713944, -0.14742453, -0.20944360, -0.22636152, -0.16798652, -0.06362474,  0.07691853,  0.11827043,  0.09853724,  0.07858159,  0.00815705,  0.05448558,  0.16750394,  0.11713911, -0.00519317
  0.00226099, -0.09558671,  0.03373014,  0.21673015,  0.05897982, -0.24526508, -0.26764970,  0.13603884,  0.32241226,  0.05064277, -0.20431452, -0.19815657,  0.10192817,  0.29582293,  0.06811131, -0.18159038, -0.23543856, -0.07831085,  0.18007685,  0.15529669, -0.11267660, -0.12597124,  0.15373156,  0.21643988, -0.02689499, -0.16901096, -0.11089148,  0.03282495,  0.03737183, -0.04712675, -0.04251414, -0.01379783, -0.00669443, -0.01747628, -0.05324849,  0.02563584,  0.11971911,  0.05737159, -0.09668819, -0.05534615,  0.09727245,  0.15623505,  0.11925341, -0.07482019, -0.17129895, -0.06846819,  0.09524725,  0.16929341, -0.00020726, -0.20289972
 -0.16866603,  0.08924728,  0.27747059, -0.00997065, -0.29610885, -0.13798241,  0.20054022,  0.25066351, -0.04282593, -0.28111911, -0.15723324,  0.16538759,  0.26916914,  0.04834007, -0.16684934, -0.17421980,  0.00256026,  0.16753362,  0.05580117, -0.14318148, -0.06848370,  0.14602661,  0.10513606, -0.07333388, -0.10099789,  0.00560164,  0.08207836,  0.02325581, -0.06545416, -0.06427838,  0.03018709,  0.06426376, -0.03674780, -0.04073167,  0.07578990,  0.08394818, -0.07888893, -0.22189376, -0.14276929,  0.09735538,  0.22058082,  0.11070663, -0.11266597, -0.17146236, -0.00288552,  0.16985018,  0.16848883, -0.03457497, -0.14871193,  0.03205269
 -0.14884171,  0.23571110,  0.07918898, -0.27024869,  0.02229612,  0.17216579, -0.15110089,  0.03562671,  0.13024360, -0.17278734,  0.06284656,  0.07713042, -0.18226758,  0.17613106,  0.10403445, -0.21234907,  0.01834826, -0.04144229, -0.08236638,  0.22420208,  0.07739213, -0.20499891, -0.03206053,  0.12631556,  0.12109391, -0.00337261, -0.22582777, -0.08055150,  0.11518124,  0.03295429,  0.04945287, -0.09437479, -0.24411460,  0.17813954,  0.26954578, -0.11161639, -0.07432471, -0.06696234, -0.11520850,  0.22855611,  0.17049583, -0.19488133, -0.01385694,  0.03715047, -0.01732467,  0.16419500, -0.05613254, -0.17558004,  0.08696227, -0.02274055
  0.01888264,  0.02550317, -0.13967487, -0.04191442,  0.19423951,  0.06340115, -0.02723823,  0.02668256, -0.21352678, -0.15351439,  0.13733497,  0.05425183,  0.16941315,  0.15577856, -0.22721171, -0.10532460,  0.05625649, -0.01600115,  0.11846625, -0.03002018, -0.27837147, -0.02503232,  0.16292349,  0.12147856,  0.06473348, -0.00437153,  0.07223604,  0.11286675, -0.13728207, -0.30287765, -0.16271041,  0.00772087,  0.25167213,  0.34070440, -0.07499753, -0.27282391, -0.12995947, -0.04751460,  0.16326374,  0.21374408, -0.09898648, -0.08846377,  0.04615844, -0.02600420,  0.07326338,  0.00191968, -0.10359966,  0.13016919,  0.07061078, -0.14624512
  0.06812490,  0.00255441, -0.10320975, -0.00896224, -0.09085314, -0.00520548,  0.27225435,  0.03810525, -0.09917275,  0.05882068, -0.20644307, -0.21244481,  0.14499803,  0.06962236,  0.06560310,  0.14774672, -0.11863634, -0.09959646,  0.16449166,  0.08891154, -0.08634227, -0.19148596, -0.16624463,  0.04135653,  0.08660474, -0.00361496,  0.05858107,  0.15322974,  0.22119823,  0.12201255, -0.26764471, -0.35421888,  0.00771081,  0.16260503,  0.23825391,  0.24352031, -0.16240401, -0.27840256,  0.01007900, -0.03884398, -0.05048161,  0.05229189, -0.11319512, -0.01547110,  0.15202807, -0.05658159, -0.11631533,  0.01272795,  0.06736201,  0.09488385
 -0.04864425,  0.11624710, -0.07272806,  0.00184756,  0.11737126, -0.23923812, -0.01123320,  0.27441674, -0.17382962,  0.00283670,  0.24890115, -0.26303415, -0.06620071,  0.18199255, -0.19389482,  0.08137518,  0.22058316, -0.21221262, -0.07133279,  0.12447834,  0.02341310,  0.09391591, -0.07944050, -0.15517859,  0.04990209,  0.01467965, -0.00562851,  0.01197757, -0.06345015,  0.11124091,  0.20715653, -0.13047740, -0.15141262,  0.01638148, -0.16361567,  0.12161466,  0.30189111, -0.17938819, -0.08599846,  0.11317329, -0.15463082,  0.09673475,  0.13716161, -0.24861058,  0.02316261,  0.15590218, -0.09417041, -0.00210991,  0.00760193,  0.01050181
 -0.08045374, -0.01775278,  0.09183204,  0.17261912, -0.07788212, -0.08548112,  0.01918489, -0.17663796, -0.06710182,  0.23462372,  0.07440901,  0.01747449,  0.15337927, -0.11158869, -0.17380190,  0.07835998, -0.10336220, -0.18331938,  0.11681841,  0.15567481,  0.00891331, -0.06440133,  0.04861154,  0.24183336,  0.15802986, -0.07002522, -0.28767917, -0.35243445, -0.12467371,  0.12556733,  0.13504557,  0.10930757,  0.07711502, -0.10831717, -0.09985589,  0.04463794, -0.13172556, -0.06684217,  0.22560177,  0.17426683,  0.12667750,  0.02804244, -0.23612753, -0.08047102,  0.26651335,  0.13200570, -0.09308989, -0.10173516, -0.06676802, -0.05489807
  0.17820663, -0.17099689, -0.27205786,  0.21247761,  0.15849912, -0.06676528,  0.05725451, -0.01575907, -0.12805636, -0.04331453,  0.01573498,  0.06262313,  0.00314011,  0.06891907,  0.08672386, -0.16375533,  0.00832162,  0.09795616, -0.22077115,  0.06484798,  0.27073453, -0.23227157, -0.20894609,  0.09595990,  0.13609495,  0.18566455,  0.09544965, -0.14508933, -0.17908523, -0.01261848, -0.10087683, -0.06609890,  0.24609538,  0.10501231, -0.04969982,  0.01935683, -0.02340311, -0.07960043, -0.10294524,  0.00422089,  0.18423356,  0.08035573, -0.03698339, -0.11877489, -0.20491041,  0.17266690,  0.28096450, -0.17649114, -0.13668608,  0.06445881
 -0.03926166, -0.07574875,  0.13790245,  0.15081437, -0.19523064, -0.13705528,  0.21545032,  0.01616813, -0.21058411,  0.12487999,  0.19606649, -0.19634989, -0.19011612,  0.20815782,  0.09699158, -0.26241204,  0.04602239,  0.24778470, -0.11124667, -0.09942344,  0.06799482, -0.04496261,  0.06141510,  0.21173649, -0.05789114, -0.29468055, -0.10045601,  0.09764517,  0.08277072,  0.02122396,  0.00317009,  0.12234160,  0.12402448, -0.09472316, -0.06443501,  0.06351054, -0.07975694, -0.16951670,  0.04419611,  0.12380431, -0.15424410, -0.19512611,  0.16684432,  0.24957201, -0.05512103, -0.09998062, -0.02768655, -0.09966909,  0.04510860,  0.13002856
  0.00320693,  0.01155702, -0.10251369,  0.10547736,  0.13874468, -0.22519096, -0.08835948,  0.28173130, -0.05891172, -0.23559827,  0.18020122,  0.17451849, -0.20009512, -0.16627578,  0.24572321,  0.08286045, -0.31374115,  0.10046070,  0.22853746, -0.19689046, -0.03534944,  0.14686966, -0.13691588, -0.00584913,  0.20547349, -0.05276168, -0.17570506,  0.02303793,  0.06349785,  0.01459425,  0.00161127, -0.06070399,  0.04379283,  0.07768649, -0.13248352,  0.00412609,  0.14291671, -0.04823269, -0.12770038,  0.08172707,  0.13310280, -0.12277955, -0.19431641,  0.13225471,  0.19659577, -0.14120667, -0.03141955,  0.07217589, -0.10315579,  0.06367267
  0.19666420, -0.39965128,  0.21140597,  0.12619597, -0.16413012, -0.02114602,  0.05467865,  0.04675900, -0.04001660, -0.11256522,  0.08886980,  0.11060619, -0.13553483, -0.03062488,  0.05688759, -0.00080469,  0.14670047, -0.11720553, -0.04629282,  0.23244757, -0.27188763, -0.13350648,  0.15443340, -0.14355539,  0.05604662,  0.16815366,  0.06076878, -0.00412369,  0.11482936,  0.02657106, -0.26936871,  0.04152524,  0.09090860, -0.21565666,  0.01071629,  0.02395132,  0.19443812,  0.10902519, -0.19926663,  0.11544827,  0.05421145, -0.19284649, -0.09890871, -0.03793361,  0.07145276,  0.15627065, -0.13917383, -0.00499033,  0.17158742, -0.11239157
 -0.02201807, -0.04577317,  0.00288818,  0.04452674,  0.09605495, -0.09048467, -0.06843070,  0.13063919,  0.09948183, -0.10338790, -0.19341798,  0.08037769,  0.06195049, -0.13519176,  0.01844900,  0.07397448,  0.11517944, -0.04037508, -0.12062501,  0.06330520, -0.06375840,  0.06884430,  0.20633285, -0.04749473, -0.04100571, -0.10969617, -0.22311444, -0.10757882,  0.13117550,  0.18068503, -0.02454684,  0.06915585,  0.29377817,  0.19691478, -0.05239551, -0.24258775, -0.10571488, -0.09261547, -0.17917511, -0.18011943, -0.09177581,  0.22809842,  0.18753183,  0.00708568,  0.04176392,  0.02534448, -0.20860186, -0.30482191,  0.11287650,  0.35816531
  0.00987823,  0.00532316,  0.02332464, -0.17128218,  0.12141221,  0.16075228, -0.15184490, -0.06535522,  0.04581147,  0.08049846, -0.07083322, -0.02816425,  0.10058863, -0.08688195,  0.04940339,  0.00979819, -0.10946945,  0.02598544,  0.07807914,  0.06406186, -0.11142504,  0.07088451, -0.00387940, -0.23248194,  0.21027207,  0.12065159, -0.26129362,  0.04108043,  0.19606877, -0.10507553, -0.16968371,  0.17266452,  0.13311055, -0.20466649, -0.05417467,  0.18779737,  0.01817532, -0.25331657,  0.07839457,  0.30444092, -0.23287603, -0.07444908,  0.20899860, -0.10446977, -0.16274027,  0.02690821,  0.25967180, -0.04743182, -0.22241265,  0.12017665
 -0.05107878,  0.04878942,  0.07087196, -0.06718977, -0.14364275,  0.17350816,  0.04856499, -0.05649641, -0.06469062,  0.04810200,  0.06687459, -0.17943912,  0.14473649,  0.00946129, -0.08517571,  0.12643703, -0.13293621,  0.00345398, -0.06314536,  0.04936157,  0.14299069, -0.06514926,  0.17743177, -0.07713345, -0.24721006,  0.20305644, -0.03690254, -0.24944064,  0.03961211,  0.18843524, -0.01618872, -0.16420999,  0.16918488,  0.18731786, -0.19542757, -0.08740930,  0.11732645, -0.02417884, -0.29217628,  0.18265433,  0.21551213, -0.16361035,  0.12495865,  0.11329122, -0.04072408, -0.28105826,  0.00613884,  0.26666213, -0.16847443,  0.02837924
 -0.07924052,  0.14562590, -0.04857361, -0.07101467,  0.01402409, -0.00761783,  0.23009741, -0.15793106, -0.05189373,  0.01749744, -0.10497212,  0.20436358, -0.16910106,  0.09705600,  0.07241528, -0.10869593,  0.11533548, -0.29937234,  0.11727824,  0.10701874,  0.01482746,  0.20834078, -0.13610269, -0.09715167, -0.05231629, -0.05960532, -0.00459696, -0.06414027,  0.15460853,  0.01601404, -0.07879535,  0.12740270,  0.12727096,  0.00955476, -0.24296234, -0.03475944,  0.11421180, -0.26731455,  0.07535526,  0.02014808,  0.20839717,  0.19964928, -0.15089532,  0.15047473, -0.27866733, -0.15334726,  0.05085325,  0.02633271,  0.28683166, -0.19190807
  0.00434285, -0.00372932, -0.00691075,  0.00725474, -0.00989167,  0.03335923, -0.06342895,  0.01602041,  0.13920060, -0.19946555,  0.10466653, -0.03104262, -0.02613862,  0.12804018, -0.25957842,  0.25702412, -0.05592011, -0.12849126,  0.24690839, -0.29436499,  0.14660300,  0.09485200, -0.22497902,  0.19141836, -0.06221628, -0.04657530,  0.10323826, -0.16894333,  0.12858088,  0.08251629, -0.20536778,  0.08247136,  0.13303357, -0.13018763,  0.01211169,  0.09699668, -0.11342849,  0.04472146, -0.01571993, -0.05336253,  0.09748258, -0.21547197,  0.23810677,  0.00715410, -0.24912671,  0.30910538, -0.18369528, -0.02839175,  0.05407432,  0.01713151
 -0.01112232,  0.03806891, -0.04833162,  0.00644249,  0.05268048, -0.09559243,  0.10512745,  0.05445791, -0.15047739, -0.00177578,  0.01808148,  0.03888667,  0.02938802, -0.13066842,  0.10718574,  0.08565345, -0.17036337,  0.10080892, -0.06192976, -0.04166065,  0.27339804, -0.24721148, -0.00455806,  0.14509888, -0.26903133,  0.15893353, -0.03989977, -0.06944156,  0.36350745, -0.26964213, -0.07454260,  0.34108788, -0.17919619, -0.02316049,  0.02564120, -0.13987776,  0.10412634, -0.07270217,  0.00674557,  0.08306977, -0.09454868,  0.18655791,  0.04322783, -0.28265898,  0.08266931,  0.03230326, -0.17728166,  0.12723242,  0.11858329, -0.07331521
  0.01356111, -0.00097183, -0.07162747,  0.15652774, -0.14003430,  0.01459463,  0.06225639, -0.12010188,  0.19345448, -0.16367055,  0.03722490,  0.07036280, -0.10952378,  0.08154741, -0.09520392,  0.08559753,  0.02068463,  0.01573959, -0.04622744, -0.02745851,  0.04021867, -0.17076812,  0.21150356, -0.11134702, -0.03244813,  0.25975980, -0.30615522,  0.19698363,  0.11456432, -0.31889838,  0.24857407, -0.14690669,  0.01513873,  0.13439615, -0.27345211,  0.28767478, -0.06112606, -0.09618362,  0.18361486, -0.23409007,  0.08000991, -0.06299058, -0.02403228,  0.08957194, -0.05900057,  0.14142732, -0.11684902,  0.01841772, -0.02260644,  0.03824640
  0.01617930, -0.01668978, -0.00577004,  0.04494543,  0.05125943, -0.14355896, -0.01649710, -0.09441476,  0.16917304,  0.15261126, -0.17433563,  0.02193744, -0.00496411,  0.06815815, -0.11989816, -0.08177998,  0.19509470,  0.04560240,  0.06660297, -0.19975172, -0.15196066,  0.03493190,  0.00649998,  0.18010958, -0.08263534,  0.19014090,  0.12293597, -0.29853938,  0.17023224, -0.05038969, -0.13747591, -0.00315826, -0.23282038,  0.24142804, -0.05347000, -0.03363686,  0.36269565, -0.12247503,  0.02765920, -0.01141479, -0.20593069, -0.14266126, -0.14591390,  0.25416831,  0.12873846,  0.09263350,  0.13210557, -0.16568940, -0.16590837,  0.08591038
  0.05885166, -0.14495123,  0.10953073, -0.03631129, -0.06485129,  0.06601538,  0.19151959, -0.14616469, -0.13881879,  0.00970035,  0.21543982, -0.01405119, -0.28259737,  0.08658391,  0.17406175,  0.04912455, -0.26780810, -0.09731544,  0.34523895,  0.07414452, -0.22658820, -0.01067461,  0.13222269, -0.05313421, -0.10987559, -0.00019394,  0.08724005, -0.08032572, -0.03819660,  0.05974564,  0.12414979,  0.01596103, -0.15003053,  0.20430775,  0.05594504, -0.21385575, -0.02384266,  0.01160356,  0.09288337, -0.11004690, -0.03233089,  0.15264774,  0.07368837, -0.15972010, -0.21445687,  0.17548336,  0.10638580, -0.04962567, -0.23211698,  0.22538000
 -0.07424007,  0.12002473, -0.00295547, -0.12906367,  0.07741872,  0.16077367, -0.09390741, -0.17337071, -0.02512302,  0.22035744,  0.02606578, -0.23895706, -0.01358358,  0.18646356,  0.09100829, -0.23650626, -0.10696737,  0.31592801,  0.12403815, -0.24501985, -0.07147468,  0.07048714,  0.01887149, -0.13256361, -0.02276117,  0.10697240, -0.01920830,  0.05493652,  0.08319676,  0.08902125, -0.04739233, -0.09193451,  0.20027631, -0.07993957, -0.20568192, -0.02050634,  0.09300907,  0.10551910, -0.11164553, -0.08664051,  0.13474511,  0.07834416, -0.21063763, -0.24763203,  0.16609676,  0.24076105, -0.13642036, -0.15204807,  0.21151268,  0.00027349
  0.08789450, -0.11605904, -0.04960785, -0.02545345,  0.22752934, -0.15349276,  0.10143023, -0.13853396,  0.11599870,  0.02279799, -0.09963087, -0.01260293, -0.05637186,  0.23233907, -0.11726932, -0.08263246, -0.00712678,  0.14052225, -0.08370449, -0.06589686,  0.12713095,  0.01130379,  0.10941273, -0.31237280,  0.18496556, -0.00762000, -0.05698814, -0.03514339, -0.11263777,  0.16350244, -0.07951563,  0.19115781, -0.09018728, -0.07127812,  0.24766526, -0.13684910,  0.00634323, -0.19285903,  0.10027151, -0.01448107,  0.12474350,  0.00804001, -0.09361616,  0.09513630, -0.03391715,  0.04712274, -0.36570816,  0.36300899, -0.19547690,  0.09871944
  0.06558690,  0.11872719, -0.18563437, -0.19919872,  0.09522972,  0.10652873,  0.01361594, -0.01373832,  0.03922659,  0.06637971, -0.00638308, -0.00085130, -0.11269726, -0.04372116,  0.12793074,  0.08976964, -0.13074505, -0.09999962,  0.00669221,  0.04292693, -0.05347140, -0.02841345,  0.28030837,  0.15007515, -0.17615758, -0.09622416,  0.17886677,  0.00142108, -0.38355960, -0.21861605, -0.02860269,  0.17023043,  0.08616660, -0.11036880,  0.08948593,  0.33705357,  0.15740218, -0.24069139, -0.24696453,  0.00641783,  0.09693678,  0.05947911,  0.04555298,  0.16135711,  0.12071286,  0.07117874, -0.18250863, -0.16303213, -0.07275418,  0.00923586
 -0.10336888,  0.11046582,  0.15754262, -0.17152286, -0.04282018, -0.00214161,  0.14255685, -0.16417455,  0.05526599, -0.01867807,  0.04556205, -0.01831347,  0.07503424, -0.09496294, -0.10416657,  0.15200238,  0.04833249, -0.02762888, -0.08337747,  0.07433435,  0.07918516, -0.23430130, -0.04463680,  0.09757689,  0.28249573, -0.39179101,  0.04580592,  0.27159825,  0.06981261, -0.10047530, -0.16051772,  0.05137063,  0.07690206,  0.02586294, -0.17175108, -0.18664918,  0.37258440,  0.02701806, -0.03136921, -0.23457857,  0.15541543, -0.08029346, -0.01464815, -0.09656148,  0.05049083,  0.08006108,  0.09422861,  0.02916847, -0.20252022,  0.11053697
 -0.02997121,  0.00771792,  0.09231538, -0.04539586, -0.07489303,  0.06756429, -0.05599119,  0.10051386, -0.16155942,  0.17657777, -0.15671983,  0.15765359, -0.11235970,  0.09202092, -0.16126662,  0.15512713, -0.05040665,  0.00938970, -0.01101189, -0.01100504,  0.04999565, -0.04257753, -0.10757370,  0.16687887, -0.07433800,  0.10917099, -0.26961772,  0.33487689, -0.17927007,  0.12399958, -0.14895805,  0.04856562, -0.02405547,  0.07428806, -0.09903061, -0.01175087,  0.00588377,  0.19865506, -0.21388630,  0.16791130, -0.23460663,  0.24415964, -0.24920747,  0.21887600, -0.21624971,  0.20426228, -0.07266936,  0.08353483, -0.10294425,  0.02737409
 -0.09668287,  0.14481225, -0.08923201,  0.08112305,  0.00165884,  0.01577435, -0.07890294, -0.01188446,  0.04037266, -0.06381265, -0.01386538,  0.06635325, -0.00984984, -0.05326071,  0.05022058,  0.04076194, -0.14615875,  0.27297687, -0.26296422,  0.29141156, -0.25105482,  0.03581958, -0.03960128,  0.00067917, -0.01132464, -0.13421885,  0.26850051, -0.08528229,  0.03356356,  0.23244097, -0.16561378,  0.19346522, -0.21984982,  0.19674756, -0.37990937,  0.25377863, -0.18106094,  0.01767251,  0.08936179,  0.00920953, -0.00721029, -0.08244785, -0.02241767, -0.05987501, -0.07529024,  0.11915576, -0.10309579,  0.13112070,  0.01282511,  0.04495989
 -0.05915842, -0.02332715,  0.13887746, -0.00600469,  0.00794883, -0.00068946, -0.11981926, -0.00883590,  0.13386140, -0.14339743, -0.03885181,  0.15739948, -0.00458372, -0.11762302,  0.05353758,  0.09296925, -0.14656913,  0.11454292,  0.05299319, -0.12928775,  0.15737295, -0.30184222,  0.16778837, -0.02835734, -0.06806130, -0.02403214,  0.17248453,  0.06658847, -0.21154612,  0.33333781,  0.05051071, -0.22698312,  0.08450903, -0.07036306, -0.06402615, -0.10891529,  0.20265573, -0.32004377,  0.28936138,  0.13164249, -0.24543352, -0.01386544, -0.02120272, -0.00824366, -0.09354458,  0.06467902,  0.04461443, -0.03775018,  0.24401584, -0.11941242
  0.06488080, -0.11578563, -0.03925747,  0.13489802, -0.03896253, -0.00845205,  0.15001692, -0.26081460,  0.10981573,  0.13958621, -0.31193028,  0.15678450,  0.06259685, -0.13671823,  0.13263484, -0.06244800,  0.00746471, -0.00165083,  0.06182591, -0.04621959, -0.02246301,  0.12853273, -0.20786899,  0.05343008,  0.04492795, -0.12973273,  0.06546450,  0.11118760, -0.05403104, -0.11778353,  0.34624672, -0.13953277, -0.03356434,  0.10973057, -0.07968253, -0.06645232,  0.05556657, -0.02370711, -0.24606692,  0.33374799, -0.02528802, -0.19760916,  0.21132841, -0.17348759, -0.05265572,  0.14482340, -0.24163510,  0.10299355,  0.05272122,  0.05253456
  0.02046197,  0.00228244, -0.10165635,  0.10925952,  0.01024296, -0.08326982,  0.03602325,  0.08729991, -0.19193034,  0.18277888, -0.02048186, -0.20681193,  0.28382850, -0.14789288, -0.04768041,  0.18838965, -0.19058673,  0.07624863,  0.01317183, -0.02164649, -0.03286894,  0.01415387,  0.13339069, -0.22058100,  0.14204767, -0.00388927, -0.06194369,  0.07351385, -0.03924944, -0.06131742,  0.04428795,  0.13969134, -0.24608931,  0.11566986,  0.08731870, -0.13527636,  0.07154884, -0.00924841, -0.03806583, -0.03099368,  0.20008659, -0.20070111, -0.00327586,  0.25082812, -0.30177471,  0.14303531,  0.06349205, -0.26995776,  0.29640580, -0.11826326
  0.06438234, -0.12789704,  0.21161865, -0.19840429, -0.00024750, -0.04536445,  0.07023460,  0.05850617, -0.01703612,  0.02623999,  0.05000512, -0.05689134,  0.11965233, -0.20839811,  0.20961184, -0.15761677,  0.00147652,  0.02750274, -0.10823421,  0.03927652, -0.03484536,  0.26798327, -0.18333499,  0.20803686, -0.11254594,  0.20874091, -0.28780185,  0.06780179, -0.23338009,  0.09615137, -0.19048831, -0.05180084, -0.02116160,  0.16389379,  0.00668639,  0.03289571,  0.13584916, -0.12022135,  0.23282996, -0.25184345,  0.11221882, -0.05843900,  0.25643581, -0.02613444,  0.00808742,  0.12202277, -0.12744814,  0.06655910, -0.03779827, -0.20718341
  0.00345537,  0.00054897,  0.07925868, -0.05052234, -0.15537807,  0.12712646, -0.13779937,  0.26761466, -0.23898553,  0.23268468, -0.13910011,  0.13422668, -0.05299626, -0.09398146,  0.15895791, -0.17930869,  0.10877873, -0.12738635,  0.10311880, -0.19225037,  0.23605318, -0.11208269,  0.20883870, -0.17908195,  0.27175446, -0.18778957,  0.10061941, -0.25350052,  0.07345603, -0.08595291, -0.08230146, -0.09429014, -0.01370937,  0.17972600, -0.10256217,  0.16356142, -0.04437039,  0.08597280,  0.05410716, -0.09837010, -0.04511808,  0.05898420,  0.12950715,  0.03691793, -0.03563074,  0.15928304, -0.13306481,  0.12537588, -0.11427813, -0.14996536
  0.01341056, -0.03894509,  0.07821142, -0.06928132, -0.01134967,  0.05323649, -0.10791092,  0.17919678, -0.18885785,  0.19662597, -0.18127904,  0.19013066, -0.18583782,  0.18037623, -0.19767080,  0.21359112, -0.24333398,  0.23872281, -0.24058966,  0.19625689, -0.14884394,  0.15488453, -0.10258376,  0.07493745,  0.00083252, -0.03868760,  0.07224495, -0.16560555,  0.15787631, -0.20327600,  0.18562285, -0.24113778,  0.20529026, -0.14360278,  0.14502936, -0.10869951,  0.12999527, -0.11497021,  0.14192025, -0.13164103,  0.07211997, -0.02921822,  0.04306074,  0.02286144, -0.02134837,  0.04020638, -0.02814302,  0.01965437, -0.01185948, -0.05157858
 -0.04521362,  0.18727833, -0.28960087,  0.32439806, -0.32926940,  0.15897163, -0.00666451, -0.00042495, -0.02070419,  0.09567413, -0.13153629,  0.19453564, -0.22283493,  0.16559498, -0.09232783,  0.04658657, -0.03887750, -0.00879994,  0.03175317, -0.05972667,  0.01237288,  0.05482295,  0.04724853, -0.06573447,  0.04773068,  0.06697986, -0.14973066,  0.10761118, -0.17030251,  0.15920574, -0.23511029,  0.13455935, -0.09007569,  0.03740939,  0.09395344, -0.10537488,  0.13282543, -0.04253505,  0.03286686, -0.06523903,  0.04851688, -0.11653740,  0.28299837, -0.24903050,  0.23006223, -0.12674537,  0.09988805, -0.08371197,  0.01966682, -0.06734480
  0.16187754, -0.20800196, -0.01012206,  0.13244930, -0.33902624,  0.39980841, -0.13252854, -0.03525270,  0.18185081, -0.19702150,  0.19062065, -0.20409938,  0.09610855,  0.03168864, -0.03029074,  0.00560517, -0.08852594,  0.08167322, -0.10837763, -0.00827616,  0.08574985,  0.20525119, -0.15788455, -0.01801975,  0.16548216, -0.15785567,  0.00728593, -0.09851220, -0.00684550, -0.13806394,  0.00035438,  0.06485384, -0.05805231,  0.16082636,  0.03391463, -0.04606091,  0.17089018, -0.16740544, -0.01839296,  0.08367580, -0.11489055,  0.34376194, -0.13048239,  0.07699125,  0.01160770, -0.03342492, -0.11125113, -0.04253316,  0.03179018, -0.06280601
  0.17320126, -0.37795365,  0.22580346, -0.14027511,  0.14862248,  0.17003883, -0.24039429,  0.11978008, -0.11490727,  0.07822694, -0.15090225,  0.03260791, -0.03839577,  0.15755514, -0.12825306,  0.05569474,  0.05520729, -0.06187776,  0.09013940, -0.07193636,  0.10492359, -0.09003109, -0.10484198,  0.02509463, -0.07746828, -0.02814264,  0.05002289,  0.15139039, -0.05121906,  0.02912953,  0.10849850,  0.22952329, -0.18542848,  0.15198715, -0.20220113,  0.09974437, -0.08103344, -0.17746743,  0.04302305, -0.02722058,  0.24379581, -0.13069621, -0.04808481, -0.14592010,  0.12835189, -0.25498737,  0.04926490, -0.10087081,  0.11942292,  0.18931556
 -0.07031259,  0.11830776, -0.18831813,  0.23216151, -0.11508736,  0.22550623, -0.29979773,  0.16201478, -0.13910599,  0.02911448, -0.00256842, -0.08629308,  0.13780604, -0.14738237,  0.15830694, -0.15294529,  0.21877156, -0.12127576,  0.09157271,  0.06185720, -0.12635199, -0.07641997, -0.08015549,  0.10377222, -0.18029868,  0.05440380,  0.06185603,  0.13305074,  0.06525547,  0.04924239,  0.10925222,  0.05629266,  0.05178815, -0.20458125,  0.06178115, -0.17730294,  0.09718821, -0.19262382,  0.13240715, -0.09387466,  0.13277874, -0.12459212, -0.17577538,  0.05619432, -0.14825329,  0.11332484, -0.12902580,  0.18727891, -0.14325023,  0.27411233
