 -0.14147074, -0.14146940, -0.14147081, -0.14147504, -0.14148303, -0.14149401, -0.14150612, -0.14151587, -0.14152412, -0.14153061, -0.14153421, -0.14153536, -0.14153439, -0.14153053, -0.14152562, -0.14152018, -0.14151355, -0.14150605, -0.14149763, -0.14148978, -0.14148242, -0.14147457, -0.14146659, -0.14145843, -0.14144997, -0.14144077, -0.14143143, -0.14142200, -0.14141249, -0.14140285, -0.14139329, -0.14138444, -0.14137593, -0.14136764, -0.14136028, -0.14135335, -0.14134678, -0.14134064, -0.14133468, -0.14132937, -0.14132464, -0.14131964, -0.14131293, -0.14130473, -0.14129679, -0.14128794, -0.14127934, -0.14127074, -0.14126175, -0.14125294
  0.32427833,  0.36435721,  0.38194235,  0.37399236,  0.34062398,  0.28560362,  0.21881102,  0.15587219,  0.09809370,  0.04634382,  0.00307404, -0.03212113, -0.05800617, -0.07413655, -0.08203295, -0.08320032, -0.08082606, -0.07784523, -0.07580620, -0.07553769, -0.07644469, -0.07851284, -0.07951172, -0.08019322, -0.07964327, -0.07599529, -0.07025012, -0.06264827, -0.05433234, -0.04661655, -0.03966686, -0.03440808, -0.03086143, -0.02750331, -0.02683362, -0.02730434, -0.02948893, -0.03359407, -0.04130250, -0.05207131, -0.06392373, -0.07620230, -0.08386443, -0.08769163, -0.09190120, -0.09516648, -0.09919589, -0.10181706, -0.10340777, -0.10473476
 -0.52370844, -0.35088487, -0.15184743,  0.04140993,  0.19124150,  0.27174040,  0.28906069,  0.29179779,  0.27600730,  0.24034251,  0.19509438,  0.13998229,  0.08244930,  0.03524776, -0.00139256, -0.02382763, -0.03111417, -0.02940166, -0.02197351, -0.01810947, -0.01998347, -0.02776247, -0.03795249, -0.05498422, -0.07612946, -0.09164733, -0.10256076, -0.10687037, -0.10551646, -0.10083059, -0.09209511, -0.08244051, -0.07152260, -0.05312366, -0.03801604, -0.01927296,  0.00414373,  0.03036952,  0.04860818,  0.05140051,  0.03886121,  0.01322370, -0.00052377,  0.00096424, -0.00031885,  0.00320424,  0.00111230, -0.00027659, -0.00231466, -0.01072248
 -0.07305386, -0.07930284, -0.04779191,  0.00725903,  0.05882777,  0.09336101,  0.10625945,  0.10177261,  0.07219985,  0.02252869, -0.03548243, -0.09573049, -0.15333361, -0.19481185, -0.22511223, -0.24140770, -0.23213565, -0.19747676, -0.13932836, -0.07340166, -0.00590253,  0.06506651,  0.12815717,  0.17965576,  0.21649133,  0.23738969,  0.23977673,  0.22485233,  0.19607621,  0.15816185,  0.11254787,  0.06047229,  0.00825805, -0.04205196, -0.08939540, -0.12899479, -0.15649496, -0.17170601, -0.17183902, -0.16292453, -0.14775172, -0.12033980, -0.07732131, -0.02244242,  0.03253839,  0.08933912,  0.13661528,  0.16903290,  0.18625409,  0.18347873
 -0.05155517,  0.03072487,  0.09057391,  0.11343850,  0.10057882,  0.06366759,  0.01728698, -0.03610620, -0.08641223, -0.12424501, -0.14559318, -0.14577984, -0.12303699, -0.08256827, -0.02640380,  0.04062372,  0.10921185,  0.17044005,  0.21567068,  0.24281939,  0.25058325,  0.23744274,  0.20452822,  0.15621850,  0.09782422,  0.03295918, -0.03279789, -0.09554408, -0.15178634, -0.19868036, -0.23344059, -0.25255135, -0.25585905, -0.24552021, -0.22041078, -0.18331635, -0.13778366, -0.08887276, -0.04140572,  0.00410958,  0.04833007,  0.09130904,  0.12535413,  0.14319140,  0.14560753,  0.12896495,  0.09723891,  0.05326942,  0.00056141, -0.05317408
  0.13752762, -0.00118037, -0.08035861, -0.09685084, -0.06645469, -0.02380914,  0.00844027,  0.05647749,  0.11212815,  0.16093427,  0.19886465,  0.21572136,  0.21381901,  0.19935481,  0.17946681,  0.16136173,  0.14437650,  0.13092615,  0.12281247,  0.12090392,  0.12435992,  0.12508791,  0.12998970,  0.13018586,  0.12205449,  0.11210075,  0.09803840,  0.08257015,  0.06455812,  0.04068820,  0.01286412, -0.02159261, -0.06052624, -0.09204272, -0.12352969, -0.14853387, -0.16695709, -0.17334011, -0.17388976, -0.17399882, -0.17802834, -0.19810924, -0.21385097, -0.21507535, -0.21172403, -0.19915728, -0.18481769, -0.16236378, -0.13451959, -0.10871520
  0.30194622,  0.10402208, -0.05482769, -0.10731971, -0.06925663, -0.03864881, -0.07511180, -0.04346450,  0.04734173,  0.14691262,  0.23044691,  0.24434982,  0.19709395,  0.11672187,  0.03411040, -0.02351275, -0.07364275, -0.11857394, -0.16025680, -0.18959897, -0.18999663, -0.17990823, -0.11902999, -0.05038276, -0.00656108,  0.01908938,  0.01411859,  0.00196881, -0.01242322, -0.03750405, -0.07129049, -0.12791715, -0.19445792, -0.22235064, -0.24335360, -0.23528077, -0.20402619, -0.11907990,  0.00436997,  0.13358039,  0.22995627,  0.21581923,  0.16336017,  0.12825808,  0.09348356,  0.08681535,  0.07932689,  0.09695046,  0.12970112,  0.14849666
  0.19263870, -0.02400941, -0.14377447, -0.14167188, -0.07076654, -0.00615027,  0.00772427,  0.05041298,  0.08290948,  0.07827200,  0.05427036, -0.00642435, -0.07851213, -0.12923047, -0.17121485, -0.19791235, -0.20728959, -0.17643877, -0.09845079, -0.00218532,  0.09645559,  0.16459032,  0.20630833,  0.20478186,  0.16348576,  0.12318606,  0.07523406,  0.03758807,  0.00716805, -0.02821995, -0.06513162, -0.11395789, -0.13162858, -0.08108532,  0.00201955,  0.10881068,  0.19490993,  0.25720988,  0.28819867,  0.27108113,  0.20590487,  0.08794059, -0.00422215, -0.05283812, -0.10474376, -0.13781706, -0.18299747, -0.20956680, -0.20513894, -0.18979005
 -0.04601553,  0.07382334,  0.11377184,  0.03013994, -0.10181113, -0.17411815, -0.12332124, -0.00740836,  0.13670073,  0.23227449,  0.19871471,  0.04968019, -0.14282795, -0.28708141, -0.27390844, -0.09842464,  0.13357884,  0.27685931,  0.24270328,  0.07858638, -0.10745429, -0.20562174, -0.16332767, -0.01070254,  0.15342301,  0.21354511,  0.14358215, -0.02020166, -0.18312568, -0.25283849, -0.19660329, -0.04483087,  0.09514823,  0.14197742,  0.10556877,  0.02762628, -0.02348486, -0.02352006,  0.00784990,  0.04557574,  0.05939397,  0.03242859, -0.05262771, -0.14607922, -0.16167566, -0.10539639,  0.00929591,  0.10994017,  0.13866271,  0.10164605
  0.09937533,  0.05081209, -0.05115704, -0.13302633, -0.11955444, -0.02155892,  0.08812914,  0.17626742,  0.18178236,  0.07569936, -0.08604001, -0.21524453, -0.22014507, -0.08798564,  0.11618040,  0.26756173,  0.24972776,  0.07415838, -0.14747646, -0.26783103, -0.21409457, -0.04244598,  0.15499110,  0.24576671,  0.17025955, -0.01249438, -0.19567085, -0.26504173, -0.18427887, -0.01240570,  0.14834458,  0.19342457,  0.10519216, -0.03202727, -0.13323328, -0.13241551, -0.05072775,  0.05591732,  0.11160473,  0.08976826,  0.01162938, -0.09375862, -0.13821463, -0.08315053,  0.02575970,  0.12103208,  0.13742478,  0.07923541, -0.01220985, -0.07782680
 -0.36109895,  0.02516045,  0.35387027,  0.32400262,  0.00175355, -0.27761736, -0.25882134, -0.15244091, -0.02011599,  0.09652284,  0.12291920,  0.11731238,  0.08440628,  0.01129456, -0.05030145, -0.07819511, -0.04862915, -0.01541299, -0.01727110, -0.02507752, -0.02408779,  0.02311192,  0.03575604,  0.03430154,  0.03528555,  0.00533083,  0.00112923,  0.01570246,  0.05775066,  0.12406621,  0.16386355,  0.16320275,  0.06045544, -0.15502937, -0.28277305, -0.24102008, -0.01396496,  0.20532054,  0.24770015,  0.10626570, -0.08654458, -0.10830308, -0.04321809,  0.00749578,  0.06240909,  0.04162037,  0.01069342, -0.05158812, -0.11660507, -0.11074827
  0.00204854, -0.21860990, -0.12835785,  0.14192927,  0.28410884,  0.18101386, -0.04689765, -0.18125376, -0.21143719, -0.15903286, -0.05499252,  0.01868960,  0.05357825,  0.08142954,  0.05685672,  0.00009596, -0.04108016, -0.03427750, -0.00044595, -0.01456997, -0.05555310, -0.06368077, -0.01643657,  0.06923243,  0.14505233,  0.17969035,  0.11264382, -0.00993163, -0.10707174, -0.10601407,  0.01317758,  0.16616032,  0.28460952,  0.25991063,  0.05511067, -0.19025473, -0.31539325, -0.21596752,  0.04276734,  0.24629183,  0.25256114,  0.10596801, -0.02043196, -0.06478768, -0.06649294, -0.01862018, -0.00990486, -0.05171220, -0.12858229, -0.22127879
 -0.09130983, -0.02655118, -0.01828748, -0.03378469, -0.01734374,  0.04288213,  0.10633173,  0.13098375,  0.08707564, -0.02090933, -0.14227035, -0.21635192, -0.20411829, -0.09911100,  0.04993802,  0.17587333,  0.22742238,  0.18562431,  0.08551086, -0.03446425, -0.14169098, -0.21120628, -0.23274389, -0.18158459, -0.05819711,  0.11535511,  0.27245866,  0.34394621,  0.30677006,  0.18560041,  0.04749886, -0.05842494, -0.11618925, -0.12984402, -0.11634321, -0.08772799, -0.04248044,  0.00844180,  0.05121431,  0.08322532,  0.10264030,  0.11121052,  0.10791165,  0.08672369,  0.03307911, -0.03906292, -0.11524160, -0.16999290, -0.18375129, -0.15904102
  0.17394216,  0.01842639, -0.13948278, -0.15575152, -0.07459033,  0.01139071,  0.01502631,  0.07629361,  0.13233836,  0.13109170,  0.10771398,  0.01256898, -0.11055973, -0.17008937, -0.20809335, -0.19712687, -0.11464019,  0.05636904,  0.25294637,  0.30769479,  0.21068202,  0.02943344, -0.10409214, -0.14732295, -0.15767654, -0.14969603, -0.18215249, -0.16400885, -0.03157191,  0.16597074,  0.32159197,  0.29048792,  0.14231938,  0.00588731, -0.09804565, -0.12688638, -0.14407664, -0.13244749, -0.06172866,  0.01615262,  0.06989625,  0.05358865,  0.06804949,  0.12537037,  0.11249462,  0.08328696, -0.01437138, -0.09900343, -0.11014262, -0.09745584
 -0.00971366,  0.02159172, -0.03028999, -0.06545339, -0.02295516,  0.08392874,  0.14513687,  0.09892379, -0.05748625, -0.20364536, -0.18772882, -0.01427281,  0.14441275,  0.18856327,  0.06401762, -0.11096071, -0.13493339, -0.00048449,  0.16212906,  0.13314494, -0.08643166, -0.25063607, -0.20159195,  0.04958851,  0.28180190,  0.28723680,  0.06624724, -0.18923023, -0.24882252, -0.07720265,  0.13621426,  0.17795322,  0.01500365, -0.16668535, -0.18663637, -0.02302796,  0.16681230,  0.18559886,  0.04554514, -0.11629240, -0.14788383, -0.02317387,  0.12435763,  0.15932377,  0.01320031, -0.15446945, -0.19775071, -0.08682863,  0.08997364,  0.15388825
  0.04205428,  0.07938329,  0.04365796, -0.07128303, -0.13698475, -0.10296461,  0.00744894,  0.13443279,  0.18537387,  0.09462895, -0.07184440, -0.14221846, -0.04874875,  0.09761030,  0.18333403,  0.09669493, -0.11222550, -0.24137019, -0.15250960,  0.10583669,  0.25383653,  0.12199818, -0.12542926, -0.25493079, -0.12888317,  0.11569495,  0.24669037,  0.12442831, -0.15149074, -0.31854566, -0.22529090,  0.04177329,  0.20775105,  0.15002075, -0.04077262, -0.16211290, -0.09753372,  0.06611712,  0.13336889,  0.05688841, -0.08021281, -0.16746169, -0.11331416,  0.05526192,  0.19463260,  0.15328713, -0.00000509, -0.10144771, -0.05346380,  0.10885349
 -0.15485203,  0.19413433,  0.08517182, -0.18654187, -0.12363254,  0.15576676,  0.15764589, -0.02189492, -0.17520858, -0.13596036,  0.10414470,  0.21278969,  0.04023261, -0.12799168, -0.11124456,  0.05983306,  0.13286258, -0.03735640, -0.16681423, -0.10136825,  0.09929814,  0.17749295,  0.01480636, -0.15688255, -0.13182692,  0.11659898,  0.23476532,  0.05122529, -0.17339422, -0.16754061,  0.09582161,  0.24354627,  0.06564378, -0.14217870, -0.15564748,  0.03901178,  0.17470879,  0.05242195, -0.16581561, -0.15745646,  0.09372859,  0.20432766,  0.06486973, -0.11155712, -0.17614301,  0.03223601,  0.19438101,  0.11983476, -0.09833056, -0.23779960
  0.00344679, -0.00897401,  0.08237172, -0.00342576, -0.18222092, -0.09590427,  0.11703592,  0.23400296,  0.09946054, -0.15702535, -0.17707137,  0.00929723,  0.13019261,  0.06512837, -0.12077119, -0.14589309,  0.00850006,  0.12155462,  0.05052277, -0.12611471, -0.09919424,  0.11912280,  0.25282821,  0.10999411, -0.19496642, -0.24660011, -0.03537196,  0.15994073,  0.09993507, -0.12231948, -0.13739632,  0.06972960,  0.24865339,  0.17214462, -0.10547827, -0.23564505, -0.13608083,  0.04006946,  0.07835319, -0.03555908, -0.01591994,  0.13660617,  0.23728643,  0.12885997, -0.18037435, -0.29749577, -0.15263362,  0.07552586,  0.15473159,  0.00714606
  0.15171210, -0.12228506, -0.11034684,  0.01512932,  0.09511093,  0.06773487,  0.08133424, -0.00837540, -0.12570942, -0.11061023, -0.09231034, -0.06696559,  0.01489074, -0.00292797,  0.00214439,  0.01347971,  0.01061917,  0.07444291,  0.07622786,  0.13482386,  0.15238156,  0.03990132, -0.09429121, -0.21078382, -0.15260394, -0.07451069, -0.01132211,  0.04758175,  0.04691476,  0.08333226,  0.06360224,  0.01010138, -0.04136420, -0.16970331, -0.19358792, -0.12087420,  0.01133427,  0.17556894,  0.25709220,  0.24137390,  0.08242879, -0.09748083, -0.25076607, -0.38394679, -0.26098919, -0.09319450,  0.10841788,  0.25841730,  0.26042399,  0.21882979
 -0.15099867,  0.06646095,  0.09599358, -0.04710042,  0.17570870, -0.13672430, -0.07198768,  0.01499271, -0.05491273,  0.21433231, -0.04417449, -0.13024036, -0.11294975, -0.13919117,  0.22520417,  0.07688160,  0.04347602, -0.08824535, -0.26956096,  0.12021191,  0.06733075,  0.15733315,  0.07611799, -0.15526123,  0.16177951, -0.04862531, -0.03370077, -0.05538438, -0.15283536,  0.18898192,  0.02625085,  0.10057745,  0.04990260, -0.11014823,  0.10313267, -0.09967173, -0.00864453, -0.05848467, -0.22919310,  0.11086480,  0.08404947,  0.25267235,  0.21598043, -0.11939852, -0.05619996, -0.32158218, -0.23200424, -0.04716789,  0.04409732,  0.30209582
  0.07498421, -0.14268600,  0.18496553, -0.20495580,  0.05339469,  0.10092029, -0.16979751,  0.20624829, -0.11115895, -0.02648800,  0.07514345, -0.10035062,  0.23127156, -0.13502637, -0.01606478,  0.05272166, -0.17992613,  0.22414120, -0.10463221,  0.05242422,  0.03153737, -0.25563493,  0.23575562, -0.11711084,  0.01677973,  0.07254006, -0.15818276,  0.24617625, -0.14541073, -0.00403693,  0.05452120, -0.16153367,  0.19093107, -0.14225979,  0.06208974,  0.06812150, -0.13588199,  0.21654328, -0.14689862,  0.02644124,  0.04552705, -0.24623203,  0.16195357, -0.06927045,  0.09040617,  0.10529299, -0.06775060,  0.18728722, -0.16494840, -0.06191491
  0.00821862,  0.17206874, -0.14930986, -0.17682269,  0.18013530, -0.14460758,  0.15991853,  0.09157209, -0.14742137,  0.02698653, -0.14243590,  0.20050089,  0.11206926, -0.07597766,  0.06264243, -0.26761155,  0.06180685,  0.09803544,  0.05156005,  0.14682682, -0.32813146,  0.03891708,  0.06648394, -0.07104301,  0.10914011, -0.21164033,  0.15149398,  0.07119842, -0.08587458,  0.10089073, -0.21251079,  0.06167876, -0.02513881, -0.02510293,  0.15116799, -0.17782636,  0.11023619,  0.00490136, -0.00872548,  0.22077698, -0.24930303, -0.07565916, -0.05632032, -0.06043547,  0.19547681,  0.02134743,  0.25377655,  0.01290478, -0.22276834, -0.02809750
  0.21777998, -0.23609474, -0.20079099,  0.12459837,  0.15536711,  0.07231928,  0.02019466, -0.11840089, -0.19724367,  0.00711826,  0.21379800,  0.10253123, -0.10692137, -0.18971074, -0.11878349,  0.04661250,  0.17459838,  0.21155757, -0.04533002, -0.26026077, -0.06198552,  0.18842906,  0.12689783, -0.14271440, -0.11790993,  0.07292561,  0.07971244, -0.01109134, -0.10407605, -0.03297345,  0.01838285,  0.00238444,  0.09116172,  0.02106106, -0.09147306, -0.05290846,  0.03252754,  0.13938782,  0.12128241, -0.13340934, -0.23703606, -0.04788528,  0.11935038,  0.09289281,  0.11934613,  0.07719240, -0.15159873, -0.28187506, -0.02789679,  0.31908736
 -0.07782500,  0.04941325,  0.12137543, -0.01379863, -0.14150514, -0.01758239,  0.04137576,  0.11565487, -0.00149225, -0.11368963,  0.02313281,  0.02899398, -0.07689879,  0.01889312,  0.15679104,  0.01753555, -0.21347832, -0.05540059,  0.20165098,  0.04025932, -0.17513723, -0.00959863,  0.19942189, -0.04061403, -0.17424676,  0.11374111,  0.13802618, -0.12605278, -0.18344571,  0.15812250,  0.22531941, -0.20987463, -0.20697805,  0.17903343,  0.21281640, -0.14580739, -0.23543461,  0.12480159,  0.13656275, -0.15001194, -0.01160769,  0.22034427,  0.07047894, -0.24010804, -0.17690901,  0.19798427,  0.11435650, -0.15958016, -0.08770797,  0.13869281
 -0.06861923,  0.08826428,  0.07078779, -0.12956282, -0.04915050,  0.09119270,  0.04550694, -0.01509827, -0.07105288,  0.00959810,  0.03355223, -0.04722258, -0.02081435,  0.12385556,  0.04231497, -0.18819214, -0.05419811,  0.16349281,  0.06272632, -0.13360068, -0.06137056,  0.16725111, -0.00754308, -0.17624187,  0.08100103,  0.18269717, -0.11888566, -0.19542389,  0.15400483,  0.23864826, -0.18759159, -0.23322763,  0.20787171,  0.21619616, -0.17931637, -0.21576840,  0.19630089,  0.16491188, -0.23453208, -0.07585238,  0.25433557,  0.06134098, -0.25145123, -0.08533886,  0.18861526,  0.09521980, -0.13878916, -0.03620766,  0.10257653, -0.06722630
  0.05542276, -0.04654946, -0.08302776,  0.03896412,  0.10145519, -0.05316147,  0.02869412, -0.06967179, -0.05879467,  0.09875952,  0.01027619, -0.03967471,  0.06007592, -0.04139656, -0.12220401,  0.08234717,  0.13765141, -0.09719492, -0.10748370,  0.15134477,  0.05719334, -0.20897027,  0.00789873,  0.24373051, -0.15052855, -0.21341094,  0.25300375,  0.08195135, -0.21115831, -0.00306693,  0.18229663, -0.04981268, -0.18133264,  0.19323065,  0.06850257, -0.27785748,  0.08071364,  0.28005143, -0.12026016, -0.18524247,  0.09688646,  0.07111281, -0.17550708, -0.01112753,  0.27620213, -0.06602602, -0.22380493,  0.13435715,  0.17156728, -0.16641537
  0.08090266, -0.09666913, -0.07776156,  0.19371361, -0.03187862, -0.14021877,  0.05506476, -0.03257036,  0.06909659,  0.07444806, -0.06149901, -0.00620780,  0.05176367, -0.11746463,  0.03013672,  0.20282661, -0.11962907, -0.12783708,  0.10749264,  0.05068677, -0.12073164, -0.04650950,  0.23169378, -0.08782491, -0.28204765,  0.21486806,  0.20041868, -0.23562780, -0.09577494,  0.17843104,  0.01683699, -0.17697443,  0.08395928,  0.09775537, -0.22020375,  0.06108297,  0.23754313, -0.15050254, -0.15440393,  0.15169848,  0.02651115, -0.17566355,  0.05446038,  0.20885996, -0.03634068, -0.25971987,  0.12299150,  0.22328971, -0.13436035, -0.03813210
  0.20943161, -0.30114680, -0.03527518,  0.34670666, -0.15468506, -0.31622082,  0.17530218,  0.16737100, -0.03862960,  0.06136373,  0.00794036, -0.04340795, -0.05294243,  0.09008067,  0.20025395, -0.23049959, -0.10346470,  0.25475549, -0.17529520, -0.11997988,  0.15598809,  0.06121444, -0.12741594, -0.14552214,  0.11770733,  0.10077102, -0.04158197,  0.01247244, -0.07581874, -0.03317515,  0.08270349,  0.01587743, -0.12697822, -0.00131923,  0.08690722,  0.00834050,  0.05167558, -0.03269877, -0.05321360, -0.06628103, -0.11690561,  0.18808115,  0.08100254, -0.10773426,  0.07165309, -0.01027144,  0.08544672,  0.16297771,  0.00223646, -0.28791229
 -0.09816416,  0.30081803, -0.32837891,  0.02538697,  0.32729395, -0.26734396, -0.09033918,  0.15386549,  0.01444227, -0.07765950,  0.07894247, -0.03952915,  0.00358149, -0.05074127,  0.05587052,  0.15057789, -0.26334069,  0.06032757,  0.21865957, -0.26855569,  0.06000352,  0.09809508, -0.08142356,  0.08488423, -0.14818870,  0.09566014,  0.02484981, -0.08281044,  0.15381954, -0.15987113,  0.00347404,  0.13225640, -0.06645506, -0.08490974,  0.11881401, -0.08541292,  0.01413443,  0.12419156, -0.16868771,  0.07745777,  0.01588284, -0.11644982,  0.16832216, -0.08689844, -0.05183592,  0.13981352, -0.17356809,  0.09242006,  0.09719263, -0.10048766
 -0.06668028,  0.10795969, -0.04316869, -0.01185827, -0.05154959,  0.15711429, -0.04424870, -0.13122775,  0.12253419, -0.07876519, -0.07125997,  0.18610724, -0.10362186, -0.09981000,  0.14663515, -0.07688421, -0.00137014,  0.07770238, -0.09507492,  0.07869874,  0.05217602, -0.21975528,  0.24308335, -0.05656806, -0.11256496,  0.21998563, -0.25540503,  0.06186618,  0.22699963, -0.28655514,  0.11543781,  0.10762622, -0.21679453,  0.21693293, -0.07333372, -0.13215232,  0.18822386, -0.14653938,  0.05655883,  0.10715388, -0.15339059,  0.11135584, -0.00284288, -0.18125364,  0.20242667, -0.04366402, -0.18005209,  0.17285415, -0.15355464,  0.13054613
 -0.11822248,  0.24447963, -0.19292581,  0.06499319,  0.09036661, -0.14365349, -0.03010363,  0.19313981, -0.09054961, -0.14997576,  0.25103779, -0.16713949, -0.11029306,  0.27970201, -0.10007790, -0.12507934,  0.11868937, -0.01447832,  0.00865370, -0.04094235, -0.00856760,  0.06631410, -0.01603037, -0.03626025,  0.10034551, -0.06383929, -0.11212551,  0.26477945, -0.18517681, -0.12231958,  0.34554637, -0.26610637,  0.02721164,  0.13503731, -0.15503444,  0.06981569,  0.04179651, -0.10331090, -0.00681668,  0.02977041,  0.10752557, -0.01166425, -0.12844458,  0.10074322, -0.00204811, -0.14489583,  0.08418440,  0.06067352, -0.23102498,  0.19231500
 -0.08074656,  0.12277500, -0.07243873,  0.15326223, -0.27092934,  0.06658012,  0.20392751, -0.02648596, -0.22746351,  0.18170312, -0.02814886, -0.17994253,  0.18043972,  0.06949593, -0.10788118, -0.13364814,  0.13530807,  0.06834866, -0.11939874, -0.06863350,  0.27139266, -0.20410928, -0.06806446,  0.25936449, -0.14167600,  0.03426772,  0.01100592, -0.06962037, -0.00029778,  0.10914775, -0.06049217, -0.03503415,  0.04082044,  0.00089282,  0.11262676, -0.19177972,  0.12288201, -0.08088476, -0.11122162,  0.21946415, -0.01185869, -0.10689865,  0.14383505, -0.03355494, -0.22596199,  0.25810663, -0.05750111, -0.07461175, -0.18696231,  0.21060685
  0.02655031,  0.00257980, -0.15886496,  0.15894546,  0.08356597, -0.09332444, -0.12838923, -0.02412878,  0.24219075,  0.10446402, -0.26206576, -0.19344866,  0.33231330,  0.07288838, -0.18838454, -0.01285457,  0.05419558, -0.03073361,  0.03494264,  0.07318115, -0.16648552,  0.00096901,  0.14905434, -0.04842994, -0.06537751,  0.02034874,  0.00671881,  0.10079131, -0.07724324, -0.07210452,  0.04734809, -0.01541529,  0.16829366, -0.13719748, -0.17771750,  0.20323835,  0.12205920, -0.11648612, -0.08344825, -0.04370058, -0.03782745,  0.32289325, -0.04034714, -0.33186021,  0.06555605,  0.27562437, -0.03073658, -0.19574323,  0.05737036,  0.00621578
  0.04642567, -0.04192696,  0.04771437, -0.21809683,  0.24871141, -0.06344305,  0.08436637, -0.23948368,  0.04199751,  0.16858752,  0.11396723, -0.19754117, -0.16609649,  0.28217072, -0.04777531, -0.01317785, -0.08197756,  0.09470999, -0.13150427,  0.15159638, -0.00348367, -0.12888389,  0.02624440,  0.04871317,  0.00442024, -0.06139689,  0.04095286, -0.06688804,  0.16644265, -0.11966054, -0.01140646, -0.01001565, -0.02723832,  0.24062882, -0.26191456,  0.00756081,  0.03121380,  0.18704274, -0.09322152, -0.03958588, -0.12837587, -0.05299155,  0.37214024, -0.14966719, -0.13681205, -0.04301081,  0.31460749, -0.13112637,  0.01971817, -0.07324787
  0.04751903,  0.05636746, -0.21589352,  0.07960429, -0.01652551,  0.25884781, -0.21156863, -0.10869874, -0.04612811,  0.25381025,  0.09887565, -0.17559235, -0.08171529, -0.07203753,  0.27988959, -0.03234263, -0.08372614, -0.15536860,  0.20670086,  0.00242719, -0.04560867, -0.03387118, -0.04656772,  0.04729915,  0.04069232, -0.05976748, -0.11279746,  0.19498721, -0.04050913,  0.03505017, -0.14064912, -0.04026132,  0.21455448, -0.08492549, -0.00544488, -0.19069334,  0.16340360,  0.10949884,  0.12732943, -0.26540277, -0.19778788,  0.23101756,  0.02406928,  0.10652412, -0.21271603,  0.00831508,  0.06520986,  0.25005188, -0.13132585, -0.09413276
  0.03672524, -0.09891077,  0.05273605, -0.00380275,  0.07681445,  0.02728883, -0.22744766,  0.15511443, -0.07644195,  0.22737226, -0.28130858,  0.14771926, -0.20789295,  0.24696299, -0.04279830, -0.05650970, -0.07068414,  0.08295694,  0.12704389, -0.17882200,  0.07208202, -0.07175730,  0.09907212,  0.00408373, -0.03930019, -0.09372727,  0.10898910,  0.05512770, -0.10368683,  0.02269170, -0.10175237,  0.22778339, -0.12190686, -0.02945426, -0.01483612, -0.02631277,  0.20436146, -0.16527726,  0.09944864, -0.30055789,  0.40032764, -0.19617547,  0.08221322, -0.12365778,  0.04666898, -0.01026487,  0.05110280,  0.00577348, -0.15883747,  0.14169165
  0.02099821, -0.10315619,  0.09070394,  0.00310026,  0.00200246,  0.07950384, -0.07026590, -0.18880896,  0.24204314, -0.11497088,  0.12226911, -0.17353281, -0.03678235,  0.00765599,  0.32193671, -0.30696497, -0.08175205,  0.22561000,  0.05222400, -0.11106978, -0.02878649, -0.04046639,  0.11560996,  0.11571884, -0.17983968, -0.14015445,  0.22438735,  0.02620181, -0.06599790, -0.11282952,  0.01383459,  0.20863255, -0.06693381, -0.15298246,  0.00049497,  0.11040225, -0.01231829,  0.12885217, -0.31124948,  0.15004151,  0.10179677,  0.05703539, -0.28652435,  0.18101521, -0.07801736, -0.00662129,  0.05075906, -0.07919322, -0.06925146,  0.16569783
  0.04781009, -0.09633830,  0.14626499, -0.22066064,  0.18493523,  0.06194022, -0.24687749,  0.05465936,  0.08801645,  0.05367627,  0.00716041, -0.19817380,  0.06624133,  0.20887730, -0.07879147, -0.28372010,  0.34058436, -0.06988121, -0.04730026, -0.01039509, -0.09328919,  0.16552292,  0.04618148, -0.15882972, -0.14503227,  0.21420368,  0.09671010, -0.17861280,  0.01296635, -0.04216655,  0.16278501, -0.04160526, -0.11391969, -0.07211344,  0.24153012, -0.15063223,  0.09796887, -0.13548857,  0.12664951,  0.05035373, -0.12546520, -0.08715044,  0.05753030,  0.15310600, -0.15543897,  0.08525049, -0.12840817,  0.17511647,  0.08979177, -0.15554610
  0.03086903, -0.05263197,  0.03445246, -0.07315050,  0.16906792, -0.21629945,  0.13140268, -0.03444434,  0.06920158, -0.03758043, -0.08168850,  0.03963647,  0.15831115, -0.21326615,  0.13028821, -0.15795140,  0.25395837, -0.25814962,  0.19367824, -0.22958251,  0.30146126, -0.23582385,  0.13896444, -0.21369937,  0.28565199, -0.17259187,  0.09437680, -0.14656693,  0.12909505, -0.03016904,  0.02011469, -0.06818702, -0.00336427,  0.14211737, -0.14326940,  0.08724668, -0.09325793,  0.08545579,  0.02001316, -0.12297334,  0.04930241,  0.02855443,  0.01037076,  0.03717290, -0.13822010,  0.15454982, -0.07536897,  0.10461477, -0.15663722,  0.05493675
  0.01732493, -0.03912029,  0.05274013, -0.10394272,  0.16392147, -0.12824253,  0.02523593, -0.00945746,  0.05865383, -0.01519626, -0.04218206, -0.03443027,  0.11691595, -0.06280924, -0.00041732, -0.05265446,  0.09746878, -0.04358989, -0.00244157, -0.01320127, -0.01642976,  0.12481696, -0.17864378,  0.14606353, -0.18342783,  0.28080901, -0.28826841,  0.24861219, -0.27368653,  0.29753975, -0.25550481,  0.23752319, -0.28390334,  0.28619895, -0.20353976,  0.13839742, -0.11681965,  0.08441903, -0.01181483, -0.02593592, -0.01650984,  0.03032245, -0.02080276,  0.06682863, -0.10538924,  0.07845545, -0.04591542,  0.09051258, -0.10360385,  0.03512237
  0.01749855,  0.03822988, -0.14810607,  0.11001502, -0.04951410,  0.19025569, -0.27542901, -0.04090805,  0.38673293, -0.21528863, -0.09888886,  0.03845974,  0.07900654,  0.12408357, -0.27957379,  0.07363052,  0.07903933,  0.03903069, -0.05053368, -0.17106083,  0.22173857,  0.01423108, -0.09749780, -0.09801354,  0.12124470,  0.01728841,  0.04103142, -0.12326606, -0.04571295,  0.19455738, -0.08942484, -0.01008988, -0.05165619,  0.02353020,  0.15376313, -0.14529375, -0.09552063,  0.25106542, -0.13096144,  0.03043575, -0.12442782,  0.06713385,  0.08723967, -0.08129506,  0.10207283, -0.23107337,  0.22894940,  0.07170044, -0.22054246,  0.07211366
  0.03879616, -0.10108159,  0.08188064, -0.05537655,  0.10706640, -0.01801271, -0.27335868,  0.39264863, -0.14525897, -0.11000334,  0.11733477, -0.13801028,  0.25551802, -0.22323971, -0.01389849,  0.15176422, -0.09765433,  0.07237904, -0.09988416,  0.02605704,  0.11982615, -0.11025020, -0.02260453,  0.03026974,  0.04750137, -0.01947659, -0.00765240, -0.09371544,  0.14467922, -0.04502515, -0.05615992,  0.08604390, -0.13571762,  0.17545841, -0.05366684, -0.17543690,  0.26521755, -0.13989786,  0.02999234, -0.03372988, -0.04662954,  0.18967280, -0.19719560,  0.14295328, -0.10827596, -0.04827870,  0.26889391, -0.26837166,  0.04950274,  0.04441932
 -0.01450088, -0.00002999,  0.03824298,  0.04971933, -0.18943213,  0.12920454,  0.00117325,  0.09027367, -0.23050082,  0.04743605,  0.27284052, -0.24542707, -0.04536487,  0.18633675, -0.10838764,  0.04481022,  0.04116960, -0.23757010,  0.31434103, -0.15489360,  0.01199731, -0.12350392,  0.27707606, -0.20772056,  0.06950366, -0.04683929,  0.02511608,  0.05697336, -0.06700211,  0.06484454, -0.17691092,  0.28322267, -0.20118305,  0.04532663, -0.03280711,  0.09773378, -0.05243411, -0.02085032, -0.08717490,  0.23284471, -0.16558545,  0.03216394,  0.02246641, -0.11526760,  0.18985817, -0.08189338, -0.05070731, -0.02823460,  0.16918965, -0.10965652
 -0.10125792,  0.17732327, -0.03159276, -0.09717080, -0.03695601,  0.16543070,  0.01733337, -0.16227082, -0.11952663,  0.42132705, -0.29895902, -0.10506229,  0.24163275, -0.04781923, -0.06494611,  0.07836695, -0.23801884,  0.28444957,  0.00691785, -0.22190518,  0.03938361,  0.15566097, -0.00207659, -0.15386731,  0.10190630, -0.04861520,  0.07500002, -0.00682399, -0.04820029, -0.08524837,  0.22288181, -0.03310652, -0.20664129,  0.17658898, -0.03984944,  0.10740277, -0.18614770,  0.00402203,  0.10517918,  0.05772556, -0.09241385,  0.02624654, -0.13198751,  0.18948155, -0.02686814, -0.10528769, -0.00210345,  0.04545148,  0.02611077, -0.03110256
 -0.04429656,  0.06951308,  0.00126551, -0.04048308, -0.02995371,  0.02655300,  0.13635473, -0.23103243,  0.14964136, -0.07967891,  0.13093388, -0.25030757,  0.30131555, -0.24278451,  0.18446431, -0.13862580,  0.04665916, -0.02615547,  0.11532466, -0.15399618,  0.04656026,  0.05927761, -0.04703514,  0.02444286, -0.03379667,  0.05598665, -0.07965385,  0.11610995, -0.10128593,  0.01089553,  0.06907286, -0.02781678, -0.02262941, -0.01733506,  0.10637655, -0.11868590,  0.10493797, -0.17304984,  0.19405940, -0.15070671,  0.19771062, -0.24738733,  0.20891064, -0.18453091,  0.23189084, -0.25069115,  0.20168085, -0.18263045,  0.13802542, -0.05342217
 -0.07830012,  0.22723651, -0.26693725,  0.15162038, -0.03902312,  0.13523489, -0.28488041,  0.19072896, -0.05598333,  0.04395209, -0.12321202,  0.18335190, -0.09642063, -0.09419353,  0.24262211, -0.27685332,  0.20184038,  0.02343420, -0.17055008,  0.06691512,  0.10427032, -0.15214999,  0.11702253, -0.03184072, -0.09041107,  0.07082135,  0.02970943, -0.01274700, -0.07779332,  0.10822246, -0.00073684, -0.07611104,  0.00837143,  0.08124592, -0.14637580,  0.17295297, -0.15860925,  0.10640074, -0.01377582,  0.02590557,  0.00876248, -0.14990143,  0.08781920,  0.04763567, -0.06398816, -0.02921475,  0.11037876, -0.21162540,  0.34205604, -0.18687688
  0.01704253,  0.02411744, -0.16264622,  0.20823471, -0.07501853, -0.07788720,  0.10407552,  0.00167802, -0.11295821,  0.12907406, -0.01661649, -0.13240373,  0.13237837,  0.00356944, -0.08133722, -0.01772984,  0.13146727, -0.09920594, -0.06297401,  0.22725615, -0.21626634,  0.02907185,  0.15719102, -0.17799090,  0.00162796,  0.20455742, -0.19031907, -0.06553252,  0.26906460, -0.20442928, -0.05201977,  0.21139110, -0.11715980, -0.08741532,  0.17589142, -0.05008598, -0.18586964,  0.28677132, -0.08426789, -0.22985600,  0.28310401, -0.08147988, -0.09614333,  0.13643362, -0.04903533, -0.09339055,  0.15492638, -0.03403540, -0.12069981,  0.08585944
  0.09410322, -0.20424691,  0.10925169,  0.08733735, -0.14202737,  0.11957760, -0.11129104,  0.04263900,  0.01591830,  0.06829982, -0.17723048,  0.15080964, -0.00314304, -0.11685138,  0.05627149,  0.03121159,  0.07690265, -0.21803061,  0.20505927, -0.03132908, -0.15094485,  0.23510371, -0.18287947, -0.01091644,  0.15127216, -0.08568133, -0.12993224,  0.19787619, -0.01765733, -0.21175699,  0.22828990, -0.06719099, -0.11798767,  0.15546924, -0.03955669, -0.15631941,  0.16827896,  0.14411319, -0.37026719,  0.22803857,  0.03223955, -0.17397633,  0.15874383, -0.03141711, -0.11901955,  0.10684638,  0.05827075, -0.12635759,  0.05577804,  0.01832801
  0.02740793, -0.08211332,  0.11350877, -0.08803644,  0.00632679,  0.05349969, -0.10450670,  0.21010142, -0.23912711,  0.15994174, -0.04750623, -0.03500774,  0.05541007, -0.05591427,  0.09413533, -0.14063262,  0.13199124, -0.13143455,  0.13023345, -0.08444572,  0.00632204,  0.09918064, -0.23274880,  0.30959497, -0.23797018,  0.08932049,  0.07319137, -0.19623245,  0.20199513, -0.13044251,  0.06640465, -0.08009883,  0.11380850, -0.04393833, -0.09434841,  0.20190490, -0.19961807,  0.09524355, -0.02204559,  0.01437050, -0.08690178,  0.13813224,  0.01259277, -0.21928095,  0.30628288, -0.23411392,  0.08147861,  0.08032930, -0.18899401,  0.10274883
  0.00789097, -0.03687641,  0.08989003, -0.14405299,  0.16757489, -0.16549017,  0.14683978, -0.08077216, -0.03319505,  0.13765117, -0.18400010,  0.17563134, -0.13947699,  0.10787809, -0.07869911,  0.03165113,  0.02939909, -0.09381493,  0.15757551, -0.20932980,  0.22903488, -0.20460450,  0.12138625,  0.01586431, -0.15760188,  0.24630018, -0.25483948,  0.18264278, -0.06831536, -0.02675113,  0.07507855, -0.10402435,  0.15018237, -0.19728439,  0.19561534, -0.12476413,  0.01810802,  0.06057713, -0.08634978,  0.08355180, -0.09817417,  0.15539265, -0.19648704,  0.14289012, -0.00205135, -0.14352783,  0.22825644, -0.22312884,  0.13827426, -0.04152720
