 -0.19642799, -0.34358079,  0.36349922, -0.12256155,  0.08275978,  0.29461273, -0.05614202, -0.18587228,  0.01772522, -0.24368056,  0.03328067, -0.09285848,  0.05650095, -0.24905926,  0.00576697, -0.02101547,  0.15693041,  0.02813563,  0.01899285, -0.20803203,  0.10395760,  0.04572326,  0.05909410, -0.22277946,  0.15911682,  0.17069069, -0.11880747, -0.05355526, -0.04634867, -0.01917041, -0.21698313,  0.14889243,  0.15017563,  0.07529309,  0.03904844,  0.04659572, -0.00627659, -0.04515706, -0.07696306, -0.06377515, -0.00843096, -0.07130972, -0.02516315, -0.05209638, -0.02614431,  0.25445479,  0.15305416,  0.10059494
 -0.20990422, -0.31304949,  0.24996448, -0.10044452,  0.06794268,  0.17532392,  0.10389370, -0.04867720,  0.22874010, -0.01566863, -0.06624063,  0.07414295,  0.04863275,  0.06644710,  0.02807930,  0.29144491, -0.00877509,  0.03504349,  0.15321585, -0.05990748, -0.04632746, -0.16442629, -0.01024533,  0.07084972, -0.28982355, -0.13498160,  0.28106517,  0.10048286, -0.10482211,  0.04761387,  0.38509899, -0.03882262,  0.06950341, -0.03143318, -0.03096024, -0.01373115, -0.01479921,  0.10628127,  0.15793578,  0.01475817,  0.04412742,  0.07857792,  0.00139525,  0.10060718, -0.03530088, -0.02141662, -0.22452531, -0.22546415
 -0.22213401, -0.27718368,  0.14773872, -0.06194844,  0.03169288, -0.02223999,  0.20213631,  0.17108719,  0.26708415,  0.16358724, -0.02594882,  0.07280227, -0.02243052,  0.28761229, -0.20480495,  0.03359520, -0.01707741, -0.11374953,  0.02975509,  0.05763749, -0.03869265,  0.06139652, -0.14346295,  0.34157273,  0.05787939, -0.07822734, -0.04540729, -0.03605923,  0.22729945, -0.06504359, -0.31580103, -0.17529368, -0.05812201,  0.07656016,  0.02470486,  0.05091507,  0.06751680, -0.18302671, -0.10468628,  0.08660339, -0.02457564, -0.03849441,  0.00676832, -0.04100360,  0.09056854, -0.05438162, -0.00344785,  0.32105915
 -0.23276278, -0.23698676,  0.06220579, -0.01871071, -0.02314550, -0.21444300,  0.20361553,  0.31028336,  0.08360608,  0.09894448,  0.05883013, -0.02202737, -0.03684618, -0.06893983, -0.27169279, -0.25333305,  0.02554774, -0.01094680, -0.15617792,  0.08021447, -0.06507180,  0.13960227,  0.14423769, -0.14221340,  0.20311624, -0.04935859, -0.29588927, -0.07602143, -0.21261815,  0.05283865,  0.16960103,  0.01946254,  0.04387461, -0.15406348, -0.03237832, -0.10087419, -0.14449825,  0.17784513,  0.04212159, -0.03471547, -0.01762352,  0.05177667,  0.00449399,  0.01967271, -0.04772198, -0.19110041,  0.12359191, -0.27567002
 -0.24191719, -0.19096220,  0.00992351,  0.00884946, -0.09057774, -0.30469171,  0.13195785,  0.23745375, -0.19528222, -0.06075008,  0.07970813, -0.06978947,  0.00611634, -0.35356183,  0.12179544, -0.05909898, -0.16791991,  0.13121037, -0.05963153,  0.15446615, -0.04039138, -0.16821217,  0.06928798, -0.18616036, -0.21383861,  0.21615557,  0.18053772,  0.21466961,  0.19940947, -0.01987783,  0.00124871, -0.07138234, -0.18578100, -0.07673231,  0.00366248,  0.03840481,  0.28927264, -0.08837296, -0.08562965,  0.00731979,  0.00712928, -0.02475130,  0.03441654, -0.05841394,  0.04159371,  0.07062597, -0.09468321,  0.11519705
 -0.24891095, -0.14323761, -0.01775117,  0.03272386, -0.15610394, -0.27534571,  0.02889026, -0.00318893, -0.32046139, -0.15005037,  0.00374367,  0.00872207,  0.03147061, -0.00044493,  0.31743967,  0.28048884, -0.13677433, -0.09678664,  0.07204616,  0.08328224,  0.14003963,  0.02430321, -0.28180671,  0.15413664,  0.12907795, -0.09071015,  0.11228807, -0.32457741, -0.05313016, -0.00545103, -0.09124213,  0.12421908, -0.02439322, -0.01517176, -0.04341747, -0.11859791, -0.36468573,  0.06737899,  0.00924835, -0.04854959, -0.00547874, -0.03225993, -0.06118099,  0.02975178, -0.07520674, -0.00988605,  0.09017278, -0.00279968
 -0.25301508, -0.09747049, -0.03574402,  0.06246759, -0.19488106, -0.17459898, -0.08003209, -0.23825176, -0.22999330, -0.09237613, -0.09401510,  0.10315298, -0.03715254,  0.36584740,  0.06339422,  0.08887688,  0.11552698, -0.13064323, -0.19133546, -0.12655433,  0.16509290,  0.23851734,  0.10257711, -0.06091909, -0.02836994, -0.14350301, -0.21274847,  0.31682156, -0.11860352, -0.01567221,  0.00242213,  0.06372583, -0.13826800,  0.10128350,  0.07778313,  0.17465225,  0.31247837,  0.03652149,  0.09175245,  0.04644106,  0.02657123,  0.08326193,  0.05774803,  0.01018597,  0.03818294,  0.01857920, -0.04613109, -0.06553114
 -0.25359959, -0.05756565, -0.06560778,  0.10840361, -0.18961433, -0.07795320, -0.18861129, -0.30579360, -0.03468525,  0.01884228, -0.15189616,  0.09606024, -0.15645996,  0.17390104, -0.14590975, -0.19064027,  0.01974862,  0.16654307, -0.19822929, -0.15303358, -0.16684046, -0.20676375,  0.22842921,  0.04493345, -0.07932615,  0.22413590,  0.03747658, -0.18252947,  0.27078423,  0.10619493,  0.19103286,  0.00273315,  0.08047072,  0.09685869, -0.11759868, -0.16087640, -0.25852796, -0.15861818, -0.05800751, -0.00244060, -0.03854964, -0.09802654, -0.03610497,  0.00657797,  0.02380097, -0.03582904, -0.04071402,  0.06423023
 -0.25173937, -0.02040258, -0.09238181,  0.15234282, -0.14970026,  0.02183075, -0.25941933, -0.19737308,  0.13585337,  0.13731924, -0.12209964, -0.07558001, -0.17021914, -0.11834078, -0.02413839, -0.18193747, -0.18575012,  0.09062779,  0.18186691,  0.05422256, -0.33580424, -0.09311463, -0.21338275, -0.06516979,  0.18091082, -0.04580480,  0.19021637, -0.02185532, -0.25237691, -0.20406577, -0.20014760, -0.09020735,  0.04275453,  0.06107564,  0.19503472,  0.19562047,  0.12206311,  0.18777476,  0.07464437,  0.00380839,  0.03389743,  0.12056619,  0.02206218, -0.01098153, -0.00365906, -0.09328996,  0.03768797, -0.04154221
 -0.24786325,  0.01492060, -0.11029009,  0.18248885, -0.08342002,  0.11522951, -0.26664701,  0.00778520,  0.17326476,  0.16824908, -0.03186474, -0.23914818,  0.00425088, -0.10295637,  0.14778627, -0.02554256,  0.01548869, -0.20546341,  0.23163627,  0.29129511,  0.02946899,  0.27896915, -0.02518783, -0.06141307, -0.17629663, -0.15161535, -0.12985422,  0.13509111,  0.07672842,  0.26944851,  0.04973394,  0.06894238,  0.20007105, -0.09203086, -0.20930963, -0.14517523,  0.03346310, -0.22988512,  0.01860593, -0.06975640, -0.05628732, -0.17134454,  0.01932877,  0.00824691,  0.04498148,  0.05580547,  0.04517906,  0.01272258
 -0.24225545,  0.04873643, -0.11462182,  0.18894869, -0.00084480,  0.19663417, -0.20166896,  0.17679768,  0.06947325,  0.09608219,  0.04724056, -0.18791606,  0.24075579,  0.05398042,  0.11018912, -0.02816820,  0.23836595,  0.00319953, -0.11629390,  0.15343282,  0.33405150, -0.09438578,  0.20826714,  0.22893762, -0.01987389,  0.16754803,  0.01684264, -0.13362213,  0.02399754, -0.28270463,  0.09940766, -0.04556904, -0.01428104, -0.09472154,  0.22532977,  0.04962203, -0.02883866,  0.13591191, -0.14222964,  0.12359893,  0.11564406,  0.20540883, -0.08241515, -0.09589176, -0.10574829,  0.05114182, -0.04567728, -0.01362716
 -0.23482587,  0.07985948, -0.10981372,  0.17090394,  0.08916798,  0.24217851, -0.08300293,  0.21850609, -0.09525433,  0.00462005,  0.06317137,  0.08176551,  0.30235106,  0.04897291,  0.01069814, -0.10802524,  0.00255344,  0.29181092, -0.10106279, -0.26326103,  0.10643999, -0.21103803, -0.16646265, -0.00612762,  0.18340769, -0.20296874,  0.03885831,  0.10153829, -0.11407897,  0.24074075, -0.07959166, -0.15018115, -0.17261729,  0.01909898, -0.27222322,  0.01955740,  0.02481275,  0.05286327, -0.01167622, -0.02858730, -0.15800029, -0.18355797,  0.14319608,  0.16190669,  0.00324398, -0.01570775, -0.00994078,  0.03245038
 -0.22576715,  0.10807611, -0.09662687,  0.13072296,  0.17285748,  0.23688508,  0.05565817,  0.12566897, -0.20276813,  0.00709693,  0.04200412,  0.31347061,  0.10192676, -0.05933617, -0.00545796, -0.04349146, -0.16185085, -0.04873751,  0.21232674, -0.29784030, -0.19184945,  0.19863270, -0.08220316, -0.07218590, -0.19782516,  0.01314235, -0.20896990,  0.00657758,  0.24475628, -0.17796644,  0.01303430,  0.06364960, -0.05591042, -0.05901836,  0.23287401, -0.16637795, -0.07038097, -0.01418893,  0.09605167, -0.14297010,  0.10896505,  0.15153216, -0.17776120, -0.05331261,  0.14683388, -0.06073461,  0.00647811, -0.04116402
 -0.21520418,  0.13295745, -0.07819298,  0.07625878,  0.23780963,  0.16869559,  0.16732269, -0.02601515, -0.19735057,  0.09769898,  0.05013684,  0.26203237, -0.18253006, -0.07445853, -0.03406375,  0.11078495,  0.14804780, -0.31854791,  0.13475944,  0.11932122, -0.12861749,  0.01550366,  0.24099578,  0.04414494,  0.11469202,  0.27181997,  0.14691817, -0.14232122, -0.18284916,  0.11650413, -0.01306900,  0.05288342, -0.12006293, -0.01928476, -0.18970872,  0.22111633,  0.04790004, -0.05185702,  0.09369530,  0.17255527,  0.01363551, -0.13690881,  0.17724941, -0.12543312, -0.11767956, -0.05484796, -0.02670416,  0.01101086
 -0.20318172,  0.15375274, -0.05986377,  0.01655937,  0.27531399,  0.04343962,  0.20539109, -0.14767434, -0.11200273,  0.14781689,  0.10930545, -0.03202289, -0.28141394, -0.00194508, -0.13323196,  0.13582360,  0.24749436,  0.10344118, -0.12630369,  0.26111394,  0.08930161, -0.20495006, -0.10014301, -0.18830730,  0.08343385, -0.22389410,  0.10537687,  0.19915179,  0.07261944, -0.08058501, -0.05849940,  0.16181593,  0.08465761,  0.13740390,  0.13233196, -0.26002543, -0.01488733, -0.06583315, -0.11277804, -0.04751863, -0.11895678,  0.14295727, -0.14488295,  0.18535454, -0.03425225,  0.00010614,  0.06258469,  0.01626013
 -0.18996706,  0.17053554, -0.04163152, -0.04515411,  0.27948669, -0.09482748,  0.15061505, -0.20111814, -0.00826967,  0.05478390,  0.16796940, -0.27983973, -0.10900280,  0.01228910, -0.15906830,  0.01619888, -0.19151224,  0.29179896, -0.05833612, -0.03716240,  0.17462636,  0.16027430, -0.20177131,  0.09047329, -0.26987264,  0.03632961, -0.13082456, -0.21438402, -0.00260165,  0.08590019,  0.10965027,  0.02863618,  0.07472319,  0.01545739, -0.01155020,  0.34733335, -0.01146415,  0.11165488, -0.04511571, -0.00843719,  0.15093810, -0.10212929,  0.15034825, -0.08609046,  0.17405147,  0.09062240,  0.01792208, -0.03358723
 -0.17606903,  0.18430450, -0.01704590, -0.10952716,  0.24739791, -0.18147775,  0.03181380, -0.19233869,  0.09455435, -0.12721320,  0.16097253, -0.24527669,  0.15420067, -0.04089787, -0.01716647, -0.06281495, -0.32549426, -0.19108344,  0.00694087, -0.18032750,  0.02216112,  0.10461759,  0.20759448,  0.21904079,  0.19335853,  0.06677584,  0.10228987,  0.19333621, -0.10223764, -0.10650143,  0.03360269, -0.19388869,  0.03531135,  0.16012173, -0.08102206, -0.27055146,  0.05264741, -0.02452595,  0.08073151, -0.04458012, -0.15774086, -0.01767769, -0.18884995, -0.07981594, -0.16083301, -0.00838706, -0.10124063,  0.00510076
 -0.16183235,  0.19572617,  0.01702868, -0.17162631,  0.18253062, -0.18747007, -0.08935993, -0.11858379,  0.19344205, -0.23127953,  0.08028105,  0.02751649,  0.24261453, -0.01681191,  0.14761423, -0.00144697,  0.08495594, -0.27467494, -0.15643448,  0.04614001, -0.23614535, -0.22961613,  0.05359045, -0.17361883,  0.03085375, -0.23029477, -0.08898526, -0.09627562,  0.21458717,  0.15298006, -0.03812311, -0.12494275,  0.03076566, -0.20001302,  0.16175743,  0.19004940, -0.09178534, -0.04528153,  0.03265596,  0.01693159,  0.17290321,  0.11586699,  0.19511043,  0.14871795, -0.01042690, -0.04614543,  0.05579948,  0.06179164
 -0.14713619,  0.20369292,  0.05262559, -0.21824576,  0.09766858, -0.13905781, -0.16441424,  0.02580375,  0.24327172, -0.18705689, -0.02115370,  0.26940448,  0.06227677,  0.08936195,  0.14636810,  0.07087823,  0.19823884,  0.22835425, -0.07203757,  0.18690413, -0.13981350,  0.08473050, -0.20654147, -0.03689748, -0.14289762,  0.26304384, -0.12828566, -0.04014246, -0.19910408, -0.21981572, -0.08734565,  0.02162663, -0.02623576, -0.06318798, -0.23563739, -0.17016830,  0.11657047,  0.02067371, -0.04223431,  0.15753200, -0.12687267, -0.10770429, -0.16543673, -0.03485821,  0.14720751, -0.03097419,  0.01387826, -0.09716032
 -0.13198395,  0.20765785,  0.08396441, -0.24248169,  0.00743477, -0.06943410, -0.17385424,  0.19213589,  0.18178493, -0.06526763, -0.08195471,  0.23750200, -0.21722084,  0.12162291,  0.04043913, -0.02902531, -0.11803634,  0.23551662,  0.17706076,  0.00200089,  0.23868545,  0.19950900,  0.14202149, -0.02162813,  0.20238637,  0.04847492,  0.23469044,  0.12346247,  0.04453448,  0.25652551,  0.01488188,  0.15334766, -0.04001321, -0.11293570,  0.25297011,  0.01960083, -0.09655353, -0.00169892, -0.11712277, -0.22247786, -0.01625975,  0.09142408,  0.15511327, -0.12583798, -0.08392488,  0.01526290, -0.04793679,  0.06338387
 -0.11658680,  0.20771417,  0.11017344, -0.24484293, -0.07595290,  0.00581256, -0.12328137,  0.28461521,  0.01079079,  0.00572779, -0.09640776, -0.03553411, -0.32485476,  0.01169430, -0.00703454, -0.15412920, -0.10594650, -0.21856082,  0.07554270, -0.18673685,  0.18987413, -0.24773919,  0.10011023, -0.06371648, -0.15689867, -0.24833574, -0.03185325, -0.12644363,  0.06300514, -0.26187811,  0.00371610,  0.13527698, -0.02082779,  0.11001156, -0.25224855,  0.08470199,  0.09878559,  0.09960722,  0.07179889,  0.05229669,  0.13322168, -0.15702760, -0.16057245,  0.11867053, -0.09425224,  0.08077022,  0.11961374,  0.02932308
 -0.10114904,  0.20372888,  0.13051269, -0.22810621, -0.14183634,  0.08034353, -0.03525138,  0.23080402, -0.17645059, -0.03183754, -0.11318959, -0.27300088, -0.15987542, -0.09693347, -0.01079638, -0.04263992,  0.22365318, -0.15279834, -0.09970501, -0.11863122, -0.20184110, -0.06364553, -0.25582673,  0.25386233, -0.08885639,  0.14244967, -0.09134931,  0.07427754, -0.16300432,  0.23476468,  0.07960392, -0.10768468, -0.09634878,  0.16880115,  0.22534188, -0.08384753, -0.09484395, -0.12630682,  0.07014452,  0.03438276, -0.13580478,  0.16964233,  0.10676361, -0.04322725,  0.09798265,  0.15971630, -0.03167967, -0.06897799
 -0.08598481,  0.19635926,  0.14587293, -0.19593772, -0.18503072,  0.14249422,  0.06829635,  0.05118796, -0.25235658, -0.07238516, -0.15988789, -0.25279910,  0.11663205, -0.02488822, -0.07238065,  0.14107475,  0.14113968,  0.21523608,  0.06403608,  0.10112952, -0.19373153,  0.27212661,  0.09011804, -0.02711121,  0.24817174, -0.06477384,  0.04520161,  0.05661768,  0.28879425, -0.16145529,  0.00165614, -0.06269202,  0.12628460,  0.00808313, -0.16407337,  0.15654671, -0.04373724,  0.05168811, -0.00231521,  0.03241385,  0.12550268, -0.08888973, -0.04378235,  0.09670336, -0.01045773, -0.25939176, -0.26977278, -0.03421173
 -0.07131528,  0.18626822,  0.15338947, -0.14606275, -0.20757180,  0.15642749,  0.16646217, -0.13253299, -0.15724138,  0.02187812, -0.19098737, -0.02306176,  0.26133018,  0.12189648, -0.14022028,  0.05129167, -0.22174656,  0.06764952,  0.15732746,  0.22474147,  0.12295879, -0.14252836,  0.20167016, -0.17934836, -0.16763458, -0.04841560, -0.08003080, -0.21260878, -0.22919095,  0.08948710, -0.00458730, -0.15693830, -0.03035111, -0.02410815,  0.11500725, -0.17457600,  0.12501945, -0.02468466,  0.02895696,  0.02280783, -0.13638991,  0.07723433,  0.03190131, -0.09843247,  0.08158847, -0.14014762,  0.24814167,  0.21071433
 -0.05715097,  0.17339338,  0.14762955, -0.07735392, -0.21145246,  0.09677383,  0.22031971, -0.20373322,  0.01845420,  0.19179070, -0.12946112,  0.15987219,  0.19698797, -0.01515337, -0.04870035, -0.20256958, -0.14991680, -0.21807589, -0.14697435,  0.06171300,  0.18482833, -0.12742920, -0.27821759,  0.08114142,  0.02068184,  0.22747976,  0.06075713,  0.29130258,  0.10082404, -0.04555936, -0.10103942,  0.10027233,  0.09072709, -0.21331904, -0.06962654,  0.09626786, -0.09116622, -0.04013395, -0.10159233, -0.08629240,  0.08881011, -0.07901580,  0.01049943, -0.00686966, -0.08872671,  0.03364364,  0.07341532, -0.32496035
 -0.04396436,  0.15952883,  0.13514295,  0.00172889, -0.20638383, -0.00768780,  0.21141517, -0.14381302,  0.14598508,  0.29937821,  0.03139228,  0.13586854,  0.06574788, -0.25265585,  0.17992892, -0.12072320,  0.11561701,  0.00646587, -0.26470678, -0.15380977, -0.05238088,  0.27574587, -0.01563383,  0.02402358,  0.05145407, -0.22406362,  0.17543480, -0.29755691, -0.00289801,  0.03153237,  0.11671037,  0.12402098, -0.07914201, -0.06463116,  0.01090026, -0.15015784,  0.20718644,  0.10856216,  0.02571255,  0.04869571, -0.04133818,  0.03677615, -0.02485960,  0.00221014,  0.01683047,  0.19895446, -0.17169946,  0.21916633
 -0.03221088,  0.14664053,  0.12579004,  0.08049445, -0.20218508, -0.10594074,  0.15461183, -0.01841781,  0.16319937,  0.26652709,  0.21564178,  0.00302350,  0.02692637, -0.08389491,  0.25405744,  0.19041785,  0.05737812,  0.21742560,  0.10953019, -0.11823439, -0.15907365, -0.07886318,  0.32703132,  0.09257451, -0.13347036, -0.04961600, -0.19825828,  0.22692967, -0.16585868, -0.08525628, -0.16219759,  0.03614064, -0.11753238,  0.15337711,  0.01057626,  0.17772902, -0.33305667, -0.10677838, -0.05482455, -0.08245472,  0.02080728, -0.06074467, -0.02032136,  0.02668924, -0.04254427, -0.00040413,  0.14401913, -0.00580908
 -0.02198415,  0.13547186,  0.12725305,  0.14665332, -0.19735008, -0.14748295,  0.07650180,  0.06988358,  0.09020093,  0.08311648,  0.33555813, -0.05462694,  0.07753999,  0.23765263,  0.01499679,  0.10591696,  0.05500430, -0.01282869,  0.32253361, -0.07411869, -0.00002740, -0.22692970, -0.11312126, -0.12932670,  0.25830267,  0.26603493, -0.13211039, -0.10063573,  0.21732487,  0.16925126,  0.07615188,  0.13079515,  0.17025849,  0.16638798,  0.00127975, -0.08080162,  0.27257365,  0.14788877,  0.15044343,  0.05261433,  0.02329625,  0.06348399,  0.01287848, -0.00133236,  0.04064460,  0.09194109, -0.05338012, -0.08608364
 -0.01285807,  0.12444468,  0.13554849,  0.19731190, -0.18008520, -0.11880454, -0.00236703,  0.07050874, -0.00739351, -0.17951688,  0.31338705,  0.05492957,  0.07571853,  0.11073395, -0.27512154, -0.14860188,  0.19523989, -0.13487246,  0.10628742, -0.04919835,  0.08730749,  0.15911174, -0.15721011, -0.27076918, -0.13424770, -0.04705730,  0.31374732, -0.01930246, -0.18843372, -0.21527456,  0.14716959, -0.17652255,  0.06594582,  0.02651057,  0.05502132,  0.13581571, -0.19973436, -0.27375461, -0.05709370, -0.03703100, -0.04662849, -0.09092412, -0.00872106, -0.00097737, -0.00113487,  0.02474267, -0.06067088,  0.10355628
 -0.00479109,  0.11362613,  0.15191268,  0.22806684, -0.14428270, -0.02678003, -0.04909537, -0.00161946, -0.03939065, -0.32789559,  0.16847176,  0.18560839, -0.07163345, -0.24319585, -0.24595236, -0.02683411,  0.06723175,  0.04776333, -0.03856002,  0.06785640,  0.05909680,  0.01511640,  0.13787665,  0.36624200, -0.23470787, -0.12001717,  0.06317930,  0.04525211,  0.03297903,  0.21066944, -0.34050679,  0.00183808,  0.25739820, -0.00200159, -0.04560715, -0.08919023,  0.08793859,  0.23358165,  0.07414730,  0.05444825,  0.07592217,  0.12086634, -0.00612950,  0.03413738,  0.00025490, -0.10445558,  0.02817709, -0.06002333
  0.00201046,  0.10422362,  0.18134634,  0.23769374, -0.09398085,  0.09373784, -0.02712687, -0.06975754,  0.04887620, -0.22933246,  0.03101608,  0.10714424, -0.24030032, -0.19379368, -0.03802470,  0.19594421, -0.16215620,  0.04851154, -0.01605542,  0.06062131,  0.02501727, -0.14658742, -0.06559765,  0.20998614,  0.29338226, -0.13494617, -0.31565596,  0.02143784,  0.01451095, -0.18251324,  0.37920264, -0.07859643, -0.07204602, -0.25591889,  0.05698983,  0.04134661,  0.13311961, -0.21726133, -0.11447006,  0.01313433, -0.09763637, -0.11039922,  0.04262001, -0.05643851,  0.03191336,  0.01586823,  0.01194226,  0.03191480
  0.00856725,  0.09227583,  0.19949403,  0.24428203, -0.02479472,  0.14375516,  0.03359462, -0.03979654,  0.15240424, -0.07599996, -0.02652318, -0.12487001, -0.24034005,  0.08234172,  0.04890802,  0.13741126, -0.12656255, -0.11211314, -0.10221599, -0.02725902,  0.00024568,  0.13278825, -0.08873251, -0.30319642, -0.06739720,  0.10395875, -0.03864564,  0.01293977,  0.09334013,  0.15867432, -0.09441826, -0.29204581, -0.34846088,  0.01081499, -0.18392634, -0.11417227, -0.14169336,  0.25870218, -0.27541855,  0.11014605,  0.11877592,  0.19144729, -0.07888217, -0.04911327, -0.17201477, -0.02740420, -0.03430924, -0.01424803
  0.01555373,  0.07477677,  0.18393078,  0.25702673,  0.06072467,  0.07144729,  0.06339957,  0.07009925,  0.12257210, -0.09753825, -0.07755228, -0.22280120, -0.08553491,  0.15173393,  0.05888119,  0.04116827, -0.04730045, -0.06476616, -0.20044073,  0.04301374, -0.00428176,  0.04329354,  0.11160160, -0.01597474, -0.05319857,  0.17673918,  0.13484161, -0.05845258,  0.06806746, -0.15350815, -0.14991656,  0.14907904, -0.16340972, -0.14048233,  0.16960042, -0.05409272, -0.01382239,  0.09413600,  0.38193393, -0.25818175, -0.22778167, -0.26244822,  0.17216780,  0.26555581,  0.20315570, -0.07681697,  0.02285796, -0.02993761
  0.02075530,  0.06050355,  0.17994612,  0.24347780,  0.12557514, -0.00113865,  0.07917198,  0.11739962,  0.03817957, -0.13108905, -0.14378348, -0.14687121,  0.08225690,  0.14393665,  0.06694424, -0.10194750, -0.08459481,  0.09029934, -0.15633480,  0.04283885, -0.10655046, -0.09225223, -0.00223710,  0.00009296,  0.08787388, -0.10717736,  0.11782106, -0.02568648, -0.15533778,  0.12609299, -0.03448887,  0.35874204, -0.03609142,  0.03411154, -0.14876003,  0.07834875,  0.04023815, -0.36088339,  0.11583916, -0.00556996,  0.29629657,  0.21902132, -0.26874703, -0.31701174,  0.09958298, -0.06848816, -0.02572808, -0.01635314
  0.02450523,  0.04886349,  0.18634719,  0.20881238,  0.16478582, -0.06202333,  0.07991365,  0.09286036, -0.03753089, -0.09421855, -0.21159043,  0.02836417,  0.12596486,  0.06978463,  0.11931704, -0.18631289, -0.11923488,  0.04583977,  0.03539739,  0.05957425, -0.14481326,  0.07644448, -0.05946174,  0.00540096, -0.11325821, -0.06069699, -0.06030791,  0.08588080,  0.05351008, -0.08125930,  0.11945193,  0.24213037,  0.16344918,  0.27038651,  0.16953769, -0.04043186, -0.04439470,  0.09719793, -0.16407927,  0.38650201, -0.15007555, -0.14119062,  0.30189921,  0.01109919, -0.35874662,  0.00991324,  0.04119123,  0.05996774
  0.02741458,  0.03796387,  0.19346694,  0.16485663,  0.18132384, -0.12144575,  0.05354486,  0.03677686, -0.08512464,  0.01745557, -0.24379015,  0.13962882,  0.03228365, -0.01154940,  0.17457170, -0.14738647,  0.02804714, -0.07131544,  0.10037105,  0.12146619,  0.00808855,  0.05986749,  0.09145060,  0.09583805,  0.05399553,  0.08000585,  0.00479096, -0.09625353, -0.01608934,  0.08375083,  0.14131390, -0.22193908,  0.12649344,  0.22372137, -0.08255341,  0.25830767,  0.08859336,  0.06052947, -0.24908060, -0.30656920, -0.12639924,  0.16482272, -0.22905990,  0.34975264,  0.21886241,  0.11520018,  0.07877143, -0.04530576
  0.02961768,  0.02741981,  0.19928856,  0.11854066,  0.17632061, -0.17018214, -0.00297400, -0.01610145, -0.10291089,  0.15096055, -0.20960773,  0.08445987, -0.07216192, -0.02500892,  0.13507114, -0.06449368,  0.18611218,  0.03423958,  0.04072024,  0.02293950,  0.13936303, -0.10704909,  0.00845121, -0.06814922,  0.07724026, -0.10947602, -0.04096990,  0.09647943, -0.00047845, -0.08246253, -0.05111743, -0.38217164,  0.15303027,  0.02613786,  0.03687617, -0.21847016, -0.11364403,  0.12851161,  0.21058126, -0.05638843,  0.27536486, -0.24461872,  0.14997998, -0.38824919,  0.17987495,  0.11153673, -0.09876328, -0.00331279
  0.03131902,  0.01652686,  0.20000959,  0.07523066,  0.15611889, -0.19894347, -0.08875022, -0.04695045, -0.11515854,  0.21209640, -0.12490192, -0.05786883, -0.06332843, -0.01959712,  0.01323582, -0.00201967,  0.12401949,  0.14079224,  0.09871431, -0.19472440,  0.11877079, -0.00922032, -0.09692391, -0.02045811, -0.11310019,  0.06927465, -0.11589222, -0.08491749,  0.03269802,  0.07804453, -0.13195505, -0.11944579,  0.07017834, -0.37381294,  0.02499171,  0.13434361,  0.06598008, -0.18644355,  0.24483415,  0.06873568, -0.24534537,  0.13023994, -0.20542120,  0.07274088, -0.43927881, -0.14216768, -0.08356603,  0.03761772
  0.03245614,  0.00545385,  0.19679407,  0.03608350,  0.12594582, -0.18788113, -0.18463137, -0.06112864, -0.11868524,  0.18102467, -0.03791951, -0.12418058,  0.05509969, -0.02312253, -0.12693908,  0.04983889,  0.03128886, -0.02891616,  0.18471442, -0.22388298,  0.00476799,  0.03734985,  0.05208584,  0.08809391,  0.04887676,  0.06451163,  0.12259793,  0.06108263, -0.11007281, -0.11215921, -0.00290571,  0.14272549, -0.10458907, -0.23633145, -0.13056996, -0.25969569,  0.04358034, -0.08676720, -0.25611586,  0.18697185,  0.24981351,  0.16157276,  0.29779678,  0.29192128,  0.26131963, -0.06724346,  0.13740719,  0.01770701
  0.03284646, -0.00493891,  0.19402454,  0.00024984,  0.09071834, -0.12621090, -0.25608930, -0.06025428, -0.09433556,  0.13409305,  0.02560590, -0.04796161,  0.16505921, -0.03157706, -0.22705711,  0.07355189,  0.06950606, -0.14904220,  0.07209010,  0.01562379, -0.10758958, -0.09785520,  0.03706648,  0.00989418, -0.02778845, -0.17609431,  0.05815604,  0.01375240,  0.10769381,  0.12486739, -0.00307252,  0.20756935, -0.26122830, -0.05424247,  0.12841604,  0.12290273, -0.03822509,  0.25764316, -0.23043106,  0.01279385, -0.30109860, -0.24874520, -0.27119222, -0.30483353,  0.16764343, -0.02683150, -0.06644504, -0.12636282
  0.03265816, -0.01490593,  0.18903752, -0.02919798,  0.05902653, -0.03794897, -0.28007562, -0.03072559, -0.05918219,  0.12995836,  0.07619639,  0.09079197,  0.15800082, -0.06741111, -0.21705029,  0.07003312,  0.00803330,  0.00631834, -0.09178558,  0.23158559, -0.06882529,  0.01033325, -0.12264436,  0.06814803, -0.06317253,  0.04226750, -0.12064560, -0.03600678,  0.02988895, -0.12660675,  0.10353398,  0.08979666, -0.22522240,  0.24843541, -0.18943972, -0.04169137,  0.04582096,  0.02797386,  0.14749488, -0.47285687,  0.13236409,  0.13956617,  0.22588528, -0.03638856, -0.32893222,  0.01016561, -0.01457115,  0.14718204
  0.03200706, -0.02445323,  0.17980603, -0.05103314,  0.03623475,  0.04601795, -0.25076961,  0.02127091, -0.05162444,  0.16755681,  0.13992391,  0.14935743,  0.04506162, -0.08597931, -0.05638113,  0.03996414, -0.21721699,  0.07773098, -0.15770596,  0.19263627,  0.09346783,  0.14678244,  0.00235190, -0.02939366,  0.11971248,  0.06252497,  0.05843055,  0.04014187,  0.05633421,  0.14839343,  0.07773411, -0.11837863, -0.12489585,  0.19337071,  0.20293845,  0.03855238, -0.09319582, -0.12574524,  0.30660458,  0.39417030,  0.19905413, -0.13807993, -0.24205928,  0.26384345,  0.06180538,  0.07627465,  0.15726642, -0.06462243
  0.03104217, -0.03408394,  0.16251948, -0.06298288,  0.02405526,  0.09875595, -0.18341684,  0.06535629, -0.09086771,  0.17610317,  0.21180803,  0.08915003, -0.06900683, -0.01361360,  0.15024154,  0.02504254, -0.26328688, -0.07907209, -0.20301880,  0.02213084,  0.10082671, -0.02609877,  0.07197175, -0.13194011, -0.00821807, -0.05852950, -0.04297770, -0.08944057,  0.03586658, -0.13743591, -0.13360775, -0.00501181,  0.23658313,  0.10700411, -0.14676203,  0.07355823, -0.10146304, -0.12171979, -0.02184079,  0.10105401, -0.34019033,  0.30402868,  0.25443065, -0.12661898,  0.23932180, -0.13262795, -0.28372388, -0.14984524
  0.02964341, -0.04322700,  0.13929332, -0.06748789,  0.01925219,  0.11695716, -0.10036539,  0.06151883, -0.15194965,  0.11754800,  0.25823833, -0.00960282, -0.10575056,  0.14742683,  0.22708781, -0.00447724, -0.05665275, -0.08674002, -0.21366571, -0.05820722, -0.11580343, -0.04193423, -0.06504569,  0.03489394, -0.06806120,  0.09787833, -0.00478195,  0.02068816, -0.21018962,  0.12267881,  0.06294931, -0.01281273,  0.25784946, -0.06065274,  0.18291009, -0.06916895,  0.17533261,  0.06455983, -0.25491287, -0.18180243,  0.22006089, -0.28316771, -0.12168596,  0.03904622, -0.07961831, -0.40752118, -0.03991633,  0.19618234
  0.02770651, -0.05113288,  0.11354237, -0.06806726,  0.01808594,  0.10762996, -0.02467947, -0.00147837, -0.18775056,  0.02031026,  0.24978886, -0.04877946, -0.08237635,  0.26929387,  0.15017709, -0.11248848,  0.02579399,  0.10005991, -0.04487613,  0.05055302, -0.24784901,  0.09866797,  0.03114840,  0.10913973,  0.01353126, -0.08579714,  0.20791714,  0.11850655,  0.16833653, -0.07579308,  0.12800306, -0.11550693,  0.06783992, -0.24566810, -0.17520050,  0.04089595,  0.02522166,  0.12937103,  0.09931422,  0.00746013, -0.13430033,  0.13694035,  0.01664180, -0.19694728, -0.03991221,  0.21330489,  0.52542616,  0.00829959
  0.02516158, -0.05723342,  0.08947202, -0.06768504,  0.01703085,  0.08619997,  0.02815530, -0.09730079, -0.15219231, -0.05756399,  0.19605381, -0.02605025, -0.05927321,  0.22050709,  0.06783555, -0.29490049, -0.04885665,  0.10512597,  0.17095755,  0.20203374, -0.11559266, -0.02151554,  0.12175410,  0.08155415, -0.03721592, -0.15013699, -0.08867366, -0.20132589, -0.06199005,  0.00033545, -0.20454898, -0.05693299, -0.20842594, -0.10545459,  0.09459591, -0.14789190,  0.07883116, -0.16390250, -0.13057050, -0.05089537,  0.10468297, -0.10905939,  0.03367880,  0.14277962, -0.14000953,  0.29826261, -0.32371920, -0.34694316
  0.02207264, -0.06141417,  0.06864555, -0.06622193,  0.01396523,  0.06060119,  0.05338371, -0.16773879, -0.04210770, -0.08195916,  0.13384087, -0.00752840, -0.05828042,  0.02077958,  0.11246693, -0.38914818,  0.03230516, -0.02250756,  0.19478358,  0.17827563,  0.09576819, -0.09196780, -0.07126623,  0.07533851,  0.02043719,  0.05570074, -0.16712631,  0.22598799, -0.06073163,  0.02056842,  0.10959224,  0.15060255, -0.15389027, -0.10896811, -0.10350123,  0.05796192, -0.26165390,  0.23071797,  0.17393572,  0.11339838, -0.02818466,  0.12393471, -0.08448510,  0.09950712,  0.17081018, -0.10540735, -0.24653714,  0.43328720
  0.01862013, -0.06385688,  0.04993139, -0.06218668,  0.00829986,  0.03029605,  0.05337773, -0.16317148,  0.08655930, -0.07118587,  0.09236577, -0.03175132, -0.04987204, -0.13441576,  0.22550123, -0.25286232,  0.21944350,  0.03483426,  0.14287571, -0.04216317,  0.20468615,  0.03979639, -0.07531888,  0.07061656, -0.01374000, -0.06010543,  0.08044101, -0.11132561,  0.20279633,  0.00389340,  0.08334092, -0.05488735, -0.28306573,  0.24853838,  0.03194448, -0.03061907,  0.12805906, -0.14589973,  0.01384839,  0.00023433, -0.03101500, -0.00985134,  0.10059136, -0.10697523,  0.02009393, -0.52721856,  0.22754691, -0.25951747
