 -0.14042729, -0.14044187, -0.14045932, -0.14048065, -0.14050373, -0.14053058, -0.14055931, -0.14060210, -0.14065210, -0.14070744, -0.14076615, -0.14082834, -0.14089290, -0.14095914, -0.14102776, -0.14109792, -0.14116696, -0.14123318, -0.14129871, -0.14136451, -0.14143004, -0.14149363, -0.14155381, -0.14161098, -0.14166566, -0.14171550, -0.14175748, -0.14179165, -0.14182182, -0.14184795, -0.14186878, -0.14188955, -0.14191438, -0.14193022, -0.14193831, -0.14194352, -0.14194629, -0.14194714, -0.14194642, -0.14194304, -0.14193895, -0.14193512, -0.14193125, -0.14192516, -0.14191688, -0.14190670, -0.14189470, -0.14188219, -0.14187003, -0.14185671
  0.07278111,  0.10206724,  0.12901170,  0.15309953,  0.17416608,  0.19118622,  0.20250438,  0.20934004,  0.21247657,  0.21241750,  0.20935995,  0.20322488,  0.19421609,  0.18249496,  0.16836230,  0.15224004,  0.13460647,  0.11579674,  0.09603477,  0.07559810,  0.05485015,  0.03389583,  0.01308348, -0.00706069, -0.02634408, -0.04432960, -0.06079764, -0.07563069, -0.08895084, -0.10087038, -0.11126482, -0.12096264, -0.13028777, -0.13769990, -0.14365909, -0.14840133, -0.15210468, -0.15504342, -0.15706370, -0.15807231, -0.15801354, -0.15689562, -0.15503072, -0.15262544, -0.14951572, -0.14557117, -0.14094896, -0.13575308, -0.13008747, -0.12415494
 -0.36232881, -0.33456585, -0.30062976, -0.26184976, -0.21727428, -0.17010661, -0.12306825, -0.08257083, -0.04485287, -0.00908904,  0.02517840,  0.05670580,  0.08538181,  0.11081521,  0.13199260,  0.14894626,  0.16300352,  0.17500919,  0.18344025,  0.18736985,  0.18683116,  0.18211134,  0.17401925,  0.16300782,  0.14889126,  0.13377931,  0.12019709,  0.10878785,  0.09740294,  0.08601902,  0.07593657,  0.06285023,  0.04336432,  0.02776515,  0.01541534,  0.00366252, -0.00777423, -0.01951184, -0.03136045, -0.04228033, -0.05299992, -0.06382875, -0.07494530, -0.08518810, -0.09389851, -0.10057748, -0.10502126, -0.10768282, -0.10876628, -0.10733028
  0.31639701,  0.22817337,  0.12259420,  0.02386471, -0.02999743, -0.05217841, -0.07441823, -0.12558449, -0.17532282, -0.20797636, -0.21019579, -0.18797804, -0.14544194, -0.09405054, -0.04598140,  0.00116134,  0.06179216,  0.13746918,  0.20626889,  0.25233640,  0.27422371,  0.27438619,  0.25666221,  0.21216744,  0.13143531,  0.03126332, -0.06493705, -0.13283052, -0.16903624, -0.17078107, -0.13703126, -0.11844385, -0.15104552, -0.15043332, -0.12165899, -0.08506181, -0.04799747, -0.01821574,  0.00822072,  0.03813420,  0.06436202,  0.07997201,  0.07611974,  0.05641429,  0.02911128,  0.00426336, -0.01540023, -0.03271250, -0.05263635, -0.06785566
 -0.09725647, -0.08209158, -0.04232249,  0.01899102,  0.09626019,  0.16719690,  0.20825209,  0.20319110,  0.16195630,  0.09339638,  0.00756190, -0.08611317, -0.17336984, -0.24052950, -0.27787158, -0.28000699, -0.24583922, -0.17978599, -0.09437772, -0.00354384,  0.07984126,  0.14399863,  0.18421386,  0.20392592,  0.20640910,  0.20156881,  0.19886424,  0.19569401,  0.17875409,  0.14273550,  0.09144897,  0.02121830, -0.06362043, -0.12729735, -0.16430958, -0.17697283, -0.16731060, -0.14231508, -0.10854328, -0.07134157, -0.03847588, -0.01468063, -0.00230518,  0.00176256,  0.00196763,  0.00183700,  0.00362752,  0.00863962,  0.01941994,  0.03780555
  0.32168878,  0.17832779, -0.03073631, -0.21741701, -0.28536637, -0.23960044, -0.13858571, -0.04879673,  0.04177260,  0.12788124,  0.20530791,  0.24792448,  0.23776464,  0.16052506,  0.02378475, -0.12425495, -0.21655076, -0.22372630, -0.17285802, -0.09619950, -0.00996289,  0.07436847,  0.14225962,  0.15707133,  0.09584305, -0.00908469, -0.10507244, -0.13724329, -0.09333640,  0.01305176,  0.14487085,  0.19976821,  0.12671362,  0.05493145, -0.00534997, -0.06527605, -0.11730134, -0.15220590, -0.14925488, -0.09732230, -0.01874704,  0.05671476,  0.09940025,  0.10461441,  0.08154556,  0.04687342,  0.00895407, -0.03026159, -0.07114748, -0.09576793
  0.09069730, -0.06950477, -0.16212991, -0.15983223, -0.10079536, -0.02109476,  0.06428012,  0.16000478,  0.22723227,  0.23690623,  0.17659904,  0.06151747, -0.07652405, -0.18987483, -0.22815802, -0.16845548, -0.03916857,  0.09404456,  0.17816683,  0.19036397,  0.13535265,  0.03806040, -0.07623917, -0.18299359, -0.23867717, -0.22572833, -0.16230785, -0.07456689,  0.01508008,  0.06763809,  0.04831718, -0.00564836, -0.02302112, -0.02925629, -0.02728130, -0.00607113,  0.03929751,  0.11144770,  0.19368975,  0.25125400,  0.26018199,  0.21360586,  0.12819287,  0.02806100, -0.06259278, -0.12637847, -0.15642813, -0.15447117, -0.13296159, -0.10981953
  0.04974034,  0.02586861,  0.05457268,  0.12465010,  0.19676274,  0.21290530,  0.11099524, -0.02045387, -0.12208432, -0.15193227, -0.10911795, -0.03354319,  0.02608148,  0.03219908, -0.01398544, -0.08276639, -0.14053515, -0.16580967, -0.14580271, -0.07811784,  0.02183979,  0.10875972,  0.14392918,  0.12042451,  0.05820209, -0.00425162, -0.04074111, -0.03461387,  0.00317529,  0.04075712,  0.07968218,  0.11601511,  0.15058174,  0.20189922,  0.23780056,  0.24385982,  0.21682153,  0.16090257,  0.09442750,  0.02814523, -0.02429003, -0.05350729, -0.06869107, -0.09043115, -0.12829041, -0.18259250, -0.24773741, -0.30179664, -0.32116370, -0.29680173
 -0.23665178, -0.09642690,  0.14083859,  0.29381598,  0.22804276, -0.00388577, -0.24874450, -0.31821767, -0.20414058,  0.01479552,  0.19768680,  0.24848905,  0.15895535,  0.00872695, -0.10861167, -0.15971685, -0.16018746, -0.10988389,  0.01102389,  0.16647109,  0.26246820,  0.21479696,  0.03312856, -0.15122027, -0.21298501, -0.13403692,  0.01264647,  0.10914023,  0.09170300, -0.01480340, -0.11602931, -0.10157840,  0.01259638,  0.06175665,  0.03247782, -0.02353980, -0.06660898, -0.08139827, -0.07939066, -0.06915442, -0.03160169,  0.03761825,  0.11144616,  0.13819827,  0.09738774,  0.01261220, -0.05832406, -0.06044959,  0.02039569,  0.12986013
 -0.03260403,  0.24364330,  0.31548119,  0.11989208, -0.12952944, -0.23767235, -0.19090328, -0.03291000,  0.12490096,  0.17011908,  0.07808015, -0.08061723, -0.18579360, -0.18628906, -0.12356552, -0.06281047, -0.00922616,  0.06950582,  0.14831256,  0.15513909,  0.05659761, -0.09913164, -0.17547416, -0.07992401,  0.09174711,  0.20357482,  0.18302034,  0.04939431, -0.10471421, -0.13263265,  0.04283256,  0.23912671,  0.24055088,  0.16651263,  0.09088851,  0.04952625,  0.03049967, -0.01156070, -0.07051173, -0.10358168, -0.09289019, -0.06505006, -0.08054473, -0.15251839, -0.22364685, -0.22607308, -0.14349334, -0.01780372,  0.08118268,  0.10219048
  0.19829593,  0.03209682, -0.12373960, -0.08621981,  0.06412959,  0.15542533,  0.08589407, -0.01827751, -0.11379689, -0.12826152, -0.06691811, -0.00889840, -0.03998415, -0.13452723, -0.16905793, -0.06367874,  0.11517406,  0.21485084,  0.18123577,  0.08293041,  0.02988673,  0.05812766,  0.07651617, -0.02125631, -0.17916296, -0.27115988, -0.23843188, -0.08850254,  0.12518087,  0.26634869,  0.22726505,  0.14327894,  0.18299913,  0.20417871,  0.14290707,  0.01812955, -0.11928105, -0.19316283, -0.18943655, -0.17233315, -0.17742630, -0.19387606, -0.17505663, -0.10824060, -0.01646002,  0.05865358,  0.09230852,  0.10504739,  0.11513832,  0.12164540
  0.10601177, -0.05848128, -0.08348833,  0.00508440,  0.06480917,  0.00043436, -0.10305985, -0.14617014, -0.00056612,  0.21575134,  0.26719881,  0.05317215, -0.23013022, -0.28964733, -0.06120883,  0.22149434,  0.27607903,  0.04813486, -0.24650498, -0.32045949, -0.10317623,  0.19072529,  0.29062970,  0.13738985, -0.06297038, -0.09713826,  0.01402919,  0.08978157, -0.01484184, -0.19750147, -0.20081629,  0.00161882,  0.14525440,  0.14263642,  0.00869864, -0.11763624, -0.09481785,  0.04976119,  0.16152233,  0.13517206,  0.00092798, -0.10589443, -0.10424003, -0.03206889,  0.01038316, -0.00614776, -0.02803838, -0.00650346,  0.03092961,  0.04387863
  0.00254654,  0.07837003,  0.01160537, -0.04799747, -0.01731932,  0.03913879,  0.01825557, -0.09465158, -0.18119124, -0.09128582,  0.14476878,  0.30964528,  0.21287846, -0.07938555, -0.29347431, -0.22812788,  0.04215397,  0.24727215,  0.18480110, -0.08707776, -0.30373327, -0.25514571,  0.00771235,  0.23922052,  0.25225543,  0.10808006,  0.00637419,  0.02828319,  0.07352548,  0.00321440, -0.16842591, -0.25134468, -0.13976358,  0.04827257,  0.15671330,  0.10679172, -0.02670379, -0.09068255, -0.01955260,  0.10783247,  0.15961284,  0.08559983, -0.03883331, -0.10747279, -0.09226375, -0.05035644, -0.03259354, -0.02830488,  0.00043226,  0.05044325
  0.12654738,  0.08688434,  0.05320542,  0.03598552,  0.06887067,  0.08728657, -0.03321915, -0.15412676, -0.16598353, -0.09669590, -0.03671025, -0.03988782, -0.05778013, -0.03089616,  0.05415367,  0.14994280,  0.19526147,  0.15306805,  0.03291349, -0.09290732, -0.15336641, -0.16386717, -0.15182583, -0.11890691, -0.05041882,  0.06648212,  0.17647457,  0.23497811,  0.20673247,  0.13492437,  0.15836052,  0.19991656,  0.09704409, -0.02889705, -0.15591083, -0.23835221, -0.23837053, -0.17710950, -0.08365870,  0.01025449,  0.09608794,  0.18129997,  0.23099601,  0.19705956,  0.08057125, -0.05870043, -0.16113591, -0.20038878, -0.20936512, -0.21575170
  0.22429590, -0.03664553, -0.32757052, -0.02875191,  0.34190162,  0.15527194, -0.29838877, -0.23599293,  0.06606161,  0.14036432,  0.00628266, -0.03303246,  0.05338566,  0.06344194, -0.03888097, -0.07460082,  0.01826076,  0.06790242, -0.01625053, -0.10285135, -0.02936680,  0.09351642,  0.01683537, -0.16862899, -0.03232660,  0.30071787,  0.19865715, -0.20940044, -0.19225121,  0.14856170,  0.17691685, -0.04763286, -0.11616863, -0.10966609, -0.02856669,  0.06767687,  0.07589017,  0.02428703, -0.02014437, -0.04324259, -0.00667753,  0.05892383,  0.06727022, -0.04947791, -0.19711056, -0.19558420,  0.00205662,  0.20252795,  0.14220248, -0.07383328
 -0.02199802, -0.25042597,  0.04016430,  0.36242426,  0.13469715, -0.26049671, -0.20785177,  0.12240269,  0.21521474,  0.03998537, -0.07501861, -0.04360844, -0.03554080, -0.10161342, -0.08373627,  0.06164416,  0.15145867,  0.05268142, -0.08951826, -0.05357001,  0.06964036,  0.01443711, -0.11699579,  0.00374466,  0.24759940,  0.10841535, -0.28766689, -0.24729457,  0.10626324,  0.13460381, -0.04082394, -0.04518945,  0.01290518,  0.10953257,  0.13370239,  0.02973134, -0.10462119, -0.15791113, -0.10670662,  0.00075184,  0.09086466,  0.11046888,  0.04203363, -0.03565625,  0.00035804,  0.15553398,  0.22338116,  0.03664839, -0.23161533, -0.21352506
 -0.03912390,  0.11512365,  0.00614802, -0.08079447,  0.09506214,  0.06509961, -0.23445874, -0.02777867,  0.23267522, -0.06144501, -0.29485421,  0.08875883,  0.29876531, -0.11047597, -0.23368890,  0.21386214,  0.23715846, -0.24700474, -0.22112093,  0.19600917,  0.11563443, -0.19956735, -0.03203407,  0.22926880, -0.01466684, -0.20512742,  0.05576567,  0.11316615, -0.08609009,  0.02418763,  0.17645404,  0.00685718, -0.10971839, -0.03006741,  0.04507784, -0.07041270, -0.13600826,  0.04532083,  0.15761149,  0.01391142, -0.04069108,  0.07941910,  0.04651706, -0.14225831, -0.12143056,  0.02875709, -0.02135587, -0.10782200,  0.03446391,  0.14702816
  0.11499517, -0.05254656, -0.09106075,  0.12549815,  0.05803540, -0.21673943, -0.02578361,  0.27994606, -0.04265010, -0.36903652,  0.04075386,  0.36496864, -0.06553517, -0.31159670,  0.13760358,  0.27799817, -0.15846724, -0.20479141,  0.14977667,  0.09531938, -0.15605449, -0.01585658,  0.13952711, -0.07699116, -0.12408803,  0.15652656,  0.10914354, -0.13575731, -0.02109022,  0.14920481,  0.02505387, -0.08386552, -0.00779009,  0.09833696, -0.04136566, -0.15914156,  0.01759300,  0.14718535, -0.00537087, -0.09204424,  0.03945621,  0.07145152, -0.05509589, -0.05151004,  0.02517595, -0.05766520, -0.13200021,  0.00034947,  0.09239066,  0.03779185
  0.19214770, -0.06944037,  0.00348184,  0.05886729, -0.13790783, -0.12890608,  0.16094009,  0.11173201, -0.16259041, -0.21347256, -0.02827509,  0.12982487,  0.17507239,  0.06169967, -0.13596565, -0.07889349,  0.19050440,  0.07875367, -0.29422730, -0.15755548,  0.27994864,  0.18276932, -0.23131991, -0.19658024,  0.16568487,  0.14484843, -0.12405258, -0.00054308,  0.19297793,  0.05705230, -0.05061502,  0.05346226,  0.01772952, -0.07410834, -0.13205282, -0.09201861, -0.00206387,  0.09682375,  0.17240970,  0.09421120, -0.10277168, -0.12267116,  0.03413037,  0.03801921, -0.16807171, -0.24252035, -0.10138020,  0.03649055,  0.10025578,  0.21849443
 -0.03800058,  0.07021412, -0.00127188,  0.00928347,  0.03207931, -0.16592571, -0.12721310,  0.20442211,  0.30511293, -0.10126016, -0.33734382, -0.02948608,  0.23842893,  0.10632427, -0.12415205, -0.18859599, -0.00994200,  0.24200517,  0.10930895, -0.24318037, -0.14045054,  0.23053908,  0.15750357, -0.17569505, -0.19194262,  0.07706169,  0.19665721,  0.05703680, -0.08717124, -0.09590960, -0.03981597,  0.00420344, -0.00826425,  0.08500205,  0.11499517, -0.02735068, -0.11176409, -0.04916028,  0.04524643,  0.09568138, -0.00100357, -0.15848678, -0.11375398,  0.13396988,  0.23410369,  0.06700056, -0.11508900, -0.14978352, -0.06264457,  0.07850044
 -0.11960033,  0.13092284,  0.16310490,  0.04336989,  0.05351933, -0.02711532, -0.25786221, -0.01616914,  0.04551081, -0.05894438, -0.00331464, -0.05553697, -0.13332201,  0.17017316,  0.31340243, -0.06042062, -0.19651007,  0.06501578,  0.02679421, -0.20335634, -0.04517378,  0.12446430,  0.03450075,  0.11008799,  0.07267452, -0.20034913, -0.15482694,  0.01987368,  0.08164987,  0.26181857,  0.20288867, -0.06943018, -0.01166434, -0.01623570, -0.16662186, -0.14778183, -0.04832949, -0.05965456,  0.03183185,  0.26613549,  0.28748885,  0.02324911, -0.15325581, -0.21086654, -0.21276437, -0.10440661, -0.03066155, -0.06203312,  0.04537123,  0.25264541
  0.02113247, -0.07395426,  0.17023144,  0.04572281, -0.19171233,  0.10438780,  0.09247919, -0.28910827,  0.03302325,  0.23200283, -0.20964687, -0.10829803,  0.24141378, -0.03516188, -0.08531071,  0.20174760, -0.06086230, -0.22732705,  0.16922780,  0.07002605, -0.26264443,  0.11058950,  0.21994632, -0.21698257, -0.00217158,  0.19446674, -0.24126659, -0.08338661,  0.29977420,  0.01509653, -0.08096135,  0.13731872, -0.03608025, -0.11781447,  0.03410081, -0.03975610, -0.11003386,  0.06587810,  0.07841563, -0.01064933,  0.11103668,  0.07610169, -0.15992558, -0.09767058,  0.01349719, -0.10657071, -0.05693507,  0.09478594,  0.01566182,  0.05631136
 -0.02356931,  0.04050658,  0.01349064, -0.22830325,  0.02883307,  0.25841190, -0.12010608, -0.09766203,  0.21422792, -0.09376906, -0.10894340,  0.27727925, -0.02279575, -0.29184968,  0.11443895,  0.11592969, -0.18739167,  0.05996051,  0.14474556, -0.15804766,  0.05142728,  0.20598996, -0.24500846, -0.13583404,  0.30407830, -0.06574069, -0.19887530,  0.22275791,  0.00430164, -0.24385415,  0.07102306,  0.03466656, -0.12104704,  0.05606187,  0.07131908, -0.04917241,  0.08625183,  0.11191345, -0.10328356, -0.09632486, -0.00176446, -0.07985908,  0.02086181,  0.16986509, -0.00577365, -0.06320682,  0.13359826,  0.07280374, -0.07948557, -0.06322444
  0.37444193, -0.11400597, -0.27676090,  0.15483549,  0.14707391, -0.16503578, -0.14422678, -0.01462320,  0.09765794,  0.00299905, -0.09306276,  0.00287753,  0.01349542,  0.09868456,  0.15037869, -0.16157424, -0.18232979,  0.05283518,  0.06727852,  0.13159157, -0.00651537, -0.23139410,  0.04674328,  0.10868980, -0.08235653, -0.05524179, -0.03724393,  0.33380153,  0.34780791, -0.24712981, -0.19787990,  0.18729002, -0.02052011, -0.04324371, -0.07142617, -0.03292721,  0.09913078,  0.06728048,  0.03416466,  0.00347737, -0.09168311, -0.03886874, -0.04121019, -0.15179770, -0.11528719,  0.02630426,  0.08303238,  0.04729108, -0.10655485,  0.04434855
  0.11482516, -0.28632074,  0.12488984,  0.12415766, -0.18328589,  0.12897463, -0.03337428, -0.03254405,  0.13333848, -0.18270277,  0.06041870,  0.12531349, -0.20427828,  0.15992762,  0.00524422, -0.22313959,  0.24923451, -0.04771177, -0.10218436,  0.20181732, -0.22175530, -0.00505771,  0.23275795, -0.22278773,  0.09066796,  0.03541670, -0.13451380,  0.24585752, -0.22957481, -0.15320862,  0.31242098, -0.12366625, -0.01240097,  0.06752461, -0.11489721,  0.09021361,  0.03558011, -0.10115272,  0.06752348, -0.06424494, -0.03739021,  0.13561140, -0.03883909, -0.03065947,  0.04303104, -0.05117036,  0.03042435, -0.00080483, -0.07242485,  0.09484942
 -0.11440378,  0.05489777,  0.00746722,  0.11150587, -0.17992256,  0.06403992,  0.18039350, -0.23430433,  0.10595546,  0.09793579, -0.24539823,  0.23595360, -0.03262897, -0.23097125,  0.27408924, -0.12724089, -0.05927138,  0.27571008, -0.27974095, -0.00043194,  0.20066303, -0.20873916,  0.14485672,  0.04559867, -0.20755101,  0.20169182, -0.04661795, -0.17902729,  0.07149801, -0.07371718,  0.14411592, -0.01115870, -0.14125375,  0.12355759,  0.01921209, -0.09924264,  0.11526930, -0.10328565, -0.07414157,  0.15998185, -0.05543636,  0.00799990,  0.09755101, -0.10458447,  0.06261707,  0.06157838, -0.10991214,  0.01743051,  0.07377744, -0.03652738
 -0.12054790,  0.33325084,  0.00340707, -0.29576789,  0.10908990,  0.12696239, -0.24698581,  0.03537356,  0.17728970, -0.16580931,  0.08272840,  0.08354977, -0.21048465,  0.12565840,  0.03541909, -0.12253978,  0.13581998, -0.10723900, -0.12886111,  0.22157265, -0.00486113, -0.04379995,  0.00917488, -0.10221965,  0.02433456,  0.16447717, -0.11427385, -0.10336156,  0.31798335,  0.10622815, -0.26818774, -0.05876370,  0.06468110,  0.05966375, -0.06107870,  0.03938543, -0.01574879, -0.08288507,  0.16592753,  0.07177300, -0.14151429, -0.03000509, -0.12011548, -0.00700478,  0.22998004, -0.03420718, -0.10582531,  0.13678604, -0.00076481, -0.16748044
  0.10298792, -0.14841001,  0.25148662,  0.07183836, -0.23007225,  0.16317867, -0.17666885, -0.10234418,  0.13034898, -0.22064930,  0.20887700,  0.05331076,  0.01935451,  0.04096920, -0.21121321,  0.04301760, -0.04377245,  0.02611169,  0.13991102, -0.18624338,  0.15981044, -0.03756418, -0.07012756,  0.08348777, -0.18347857,  0.08509957,  0.11030466, -0.02774493,  0.10086757,  0.02586656,  0.12810656,  0.04146384, -0.01776192, -0.17013437, -0.17181155,  0.04393586,  0.06074545,  0.14199329,  0.09607504,  0.02030984,  0.03169777, -0.22549831, -0.11902398, -0.15539937, -0.03550858,  0.38403443, -0.00680072,  0.00264584,  0.08584731, -0.31304086
  0.00984745,  0.01519914, -0.09576874,  0.09429647, -0.00212187, -0.12416029,  0.27049704, -0.33593866,  0.27897073, -0.10559384, -0.07621786,  0.13024098, -0.12905316,  0.08062134,  0.06073086, -0.16409246,  0.20085558, -0.22155781,  0.17369928, -0.04440334, -0.07802342,  0.13001248, -0.12210581,  0.03985175,  0.11616437, -0.24561331,  0.29717245, -0.27865088,  0.18455489, -0.06173464, -0.03730112,  0.00810256,  0.01854470,  0.06206103, -0.02959699, -0.06279916,  0.07832637, -0.09756806,  0.09896859, -0.08320295,  0.03524494,  0.02828237, -0.02742019,  0.07222491, -0.08958634, -0.03947101,  0.15522494, -0.22659586,  0.19275590, -0.05388089
 -0.16268406,  0.27502242, -0.33229162,  0.23047717, -0.09761702,  0.03485169,  0.00383660,  0.10505343, -0.01181852, -0.11866227,  0.12320252, -0.10319105, -0.03505479,  0.12662481, -0.13257527,  0.14694411,  0.00128644, -0.09351608,  0.05409281, -0.09897344,  0.05766460,  0.06040321, -0.07013057,  0.15333652, -0.21019025,  0.16518196, -0.16949580, -0.00636566,  0.20576940, -0.43154196,  0.31832526, -0.11015052, -0.03034535,  0.04896869,  0.04331554,  0.11987272, -0.10723824, -0.12379706,  0.00969384, -0.06684590,  0.15108117,  0.07611869, -0.03080580,  0.09190614, -0.03814451, -0.13716167, -0.00859458,  0.06635472,  0.05684124,  0.00075535
 -0.00374063, -0.02453216,  0.07571640, -0.12656678,  0.12500575, -0.06564662,  0.00916016,  0.02488830,  0.03833782, -0.15598339,  0.22869750, -0.27167732,  0.26337950, -0.21743352,  0.17406301, -0.11681070,  0.09195648, -0.09582280,  0.09903397, -0.15687088,  0.23063614, -0.25895988,  0.26911794, -0.23423000,  0.15595050, -0.09499007,  0.05767747, -0.06221587,  0.11536007, -0.17526858,  0.15369741, -0.12938753,  0.13966495, -0.14850141,  0.16724236, -0.11269295,  0.07103387, -0.10968512,  0.07138730, -0.06276697,  0.11732455, -0.10132818,  0.13249291, -0.16680484,  0.15053883, -0.12835513,  0.03048076,  0.04441221, -0.01235020, -0.00465091
 -0.05707231,  0.20584783, -0.11679649,  0.12668458,  0.04311190, -0.10861810,  0.02640465, -0.01954142, -0.30631593,  0.16992540,  0.03139784,  0.09897486,  0.06969892, -0.10140806,  0.01183611, -0.10503875, -0.00464712, -0.02661019, -0.00416650,  0.18846913, -0.04973003,  0.02866233, -0.09592551, -0.14143146,  0.10773700,  0.02857580,  0.09773342,  0.01309820, -0.08497506, -0.01758886,  0.28897163,  0.04556795, -0.10545694, -0.03121771, -0.03056788, -0.18298127, -0.06652553,  0.06248310,  0.28795216,  0.20663561, -0.04415102, -0.20275272, -0.35278046, -0.06506373,  0.15134484,  0.05582276,  0.35200223, -0.02083959, -0.18290206, -0.17349626
  0.10157820, -0.05715645, -0.11706671,  0.03138562, -0.02616440,  0.07942460,  0.06580600, -0.22763072,  0.15938742,  0.01691639,  0.07377540, -0.16764257,  0.00501507,  0.05525107,  0.06395390, -0.00645514, -0.12422457, -0.06234747,  0.17505858,  0.03923437,  0.04898246, -0.17593013, -0.12306713,  0.11148494,  0.04364743,  0.24044096, -0.15529517, -0.02411801, -0.12075295,  0.12701711,  0.01715862, -0.34799914,  0.19364205,  0.24024608,  0.03425009, -0.23457861, -0.19164777,  0.14402757,  0.22772980,  0.00092778, -0.13896302, -0.23594232,  0.07813014,  0.21923484, -0.02925160,  0.10815704, -0.09010335, -0.10505191, -0.15708110,  0.21656945
 -0.11835506,  0.11475263, -0.01381902,  0.13732570, -0.00177701, -0.06712076, -0.18152871,  0.05217471, -0.02614005,  0.16061111,  0.03065366, -0.02809242,  0.03914694, -0.15812335,  0.00242738, -0.13776685,  0.20102804,  0.07700946,  0.08599170, -0.09903695, -0.19412218,  0.00497433,  0.03598387,  0.19419310,  0.01994586, -0.03415968, -0.21627582, -0.09472857,  0.12143803,  0.11422096,  0.15519821,  0.02468450, -0.06642439, -0.24463302, -0.18922041, -0.02555739,  0.40619788,  0.20005388,  0.06370567, -0.31428181, -0.22790224, -0.02003269,  0.06899640,  0.17445460,  0.17419319,  0.00219703, -0.12540679, -0.16633771, -0.04472637,  0.13399880
 -0.00989422,  0.03344862, -0.04291995,  0.03267526, -0.02279033,  0.02632414, -0.05557759,  0.07609410, -0.13507927,  0.21702602, -0.21781856,  0.22925662, -0.26125394,  0.21783808, -0.15018575,  0.06893931,  0.03443542, -0.13642083,  0.22805107, -0.25551021,  0.26021639, -0.26362636,  0.18745929, -0.11722270,  0.09346417, -0.01128353, -0.03460414,  0.01022286, -0.03930024,  0.07768912, -0.05405383,  0.07165263, -0.16560780,  0.18865467, -0.15338994,  0.10822588, -0.06917810,  0.02114386,  0.10220450, -0.15352989,  0.14113217, -0.22558857,  0.20183154, -0.12605187,  0.17998329, -0.13349581,  0.07148604, -0.08219564, -0.00043190,  0.03754676
 -0.03153494,  0.01854798, -0.01713890,  0.03067567,  0.05372608, -0.06350218,  0.02282944, -0.10259463,  0.12383101, -0.07274602,  0.09515182, -0.05410038, -0.04146121,  0.13926312, -0.24764667,  0.26016728, -0.29697718,  0.32172029, -0.17598211,  0.11015924, -0.07304080, -0.11688854,  0.16640643, -0.12867617,  0.22734886, -0.17179127,  0.06396841, -0.17890462,  0.15143820, -0.08201709,  0.13637625, -0.08807271,  0.06365276, -0.00708697, -0.15273662,  0.08084240, -0.11348640,  0.30717843, -0.15681348,  0.09876554, -0.20942570,  0.03162605,  0.05011368, -0.00861565,  0.16062606, -0.14323579,  0.11059546, -0.18940025,  0.08854102,  0.01029018
 -0.07707466, -0.04640739,  0.17725936, -0.23548134,  0.35954990, -0.31271283,  0.26161820, -0.19155919,  0.05922140, -0.07971079,  0.06914992,  0.07768256, -0.07899067,  0.06227370, -0.11012258,  0.01935729,  0.05670379, -0.02555417,  0.06962451, -0.07345889,  0.01189144, -0.00305181, -0.02466668,  0.09436860, -0.09225871,  0.04396161, -0.01635571, -0.10251406, -0.00261778, -0.11492483,  0.18911301,  0.15643842, -0.15871693,  0.03585365, -0.17137689,  0.09344126, -0.03364229,  0.08410130, -0.02044622,  0.02852351, -0.00390434,  0.01185042, -0.03310788, -0.02558172,  0.01863957,  0.08578610, -0.15988957,  0.32920742, -0.39507675,  0.19346457
  0.17943186,  0.13672868,  0.04578712,  0.00265163, -0.14501108, -0.20160047,  0.02267524, -0.09876672,  0.09883898,  0.01615618,  0.13923588, -0.07592689, -0.12352020, -0.09605735,  0.07312810,  0.16517822, -0.00423271, -0.07237827, -0.06496182, -0.01753839,  0.03871772,  0.01530572,  0.07243473, -0.11016209, -0.07368553, -0.01637014,  0.09933033,  0.20146413,  0.15940876,  0.27989928,  0.05174639, -0.19326367, -0.44224932, -0.11854084,  0.26768297,  0.34983418,  0.01102801, -0.14708690, -0.03956617,  0.05180145, -0.13735646, -0.18108617, -0.01856401,  0.16535142, -0.08967565, -0.04403231,  0.03857966, -0.11168042, -0.12729230,  0.06902385
 -0.09847594,  0.14723114, -0.16336468,  0.11709500,  0.02785432, -0.08181385,  0.16913546, -0.22976117,  0.21307988, -0.19218867,  0.05758289,  0.05099188,  0.02816907, -0.00297748, -0.12630917,  0.07247948,  0.03894600, -0.04261980,  0.03508145, -0.08144518,  0.13028732, -0.10949952,  0.04889400,  0.03054446, -0.09502734,  0.13463085, -0.21069116,  0.23999221, -0.31113551,  0.22341387, -0.17215780,  0.13502784,  0.21952864, -0.25873686, -0.06148952, -0.01595622,  0.19440536, -0.03315664, -0.19716162,  0.14021424,  0.08919041,  0.02670213, -0.16598296, -0.01001633,  0.16767503, -0.19179996,  0.19934219, -0.06261879, -0.01964835, -0.00353011
 -0.00826098,  0.07914299,  0.05515892, -0.07490746, -0.05564454, -0.01243201,  0.04323151, -0.00594618, -0.01220568, -0.03093085,  0.10025245, -0.07491013, -0.08891935,  0.17925619, -0.08574397, -0.00774426, -0.01652208,  0.04682197,  0.05941195, -0.22036023,  0.12449773,  0.07189546, -0.00209676, -0.04931398, -0.09901536,  0.06397559, -0.00266227,  0.09476585,  0.01277385,  0.06296172, -0.03040269, -0.02610158, -0.21657194,  0.13542501,  0.29446341, -0.37709187,  0.06793936,  0.14081713,  0.08129668, -0.16755177, -0.30482373,  0.50127418, -0.04446155, -0.28000591,  0.02977402,  0.02003657,  0.15306639, -0.06274347, -0.05288389, -0.00784319
 -0.02469324, -0.05746266,  0.04294474,  0.03934959, -0.02015690,  0.02182309, -0.03228547,  0.04807329, -0.02673564,  0.00407661, -0.06316547,  0.16477161, -0.16069360,  0.03544922,  0.08336244, -0.10874039,  0.09909573, -0.14720247,  0.17872341, -0.03654178, -0.13065954,  0.11864237, -0.08669861,  0.13900305, -0.09497261,  0.03131790, -0.03605477, -0.04484270,  0.01296562, -0.06160437,  0.08275797, -0.00472303,  0.14110081, -0.35152799,  0.27950767,  0.03402762, -0.25225322,  0.15751045, -0.12390757,  0.33933401, -0.29446393, -0.11540010,  0.37739716, -0.21504244,  0.10171022, -0.13371638,  0.06243716,  0.03456599, -0.01013011,  0.00362875
  0.11511811,  0.12216675, -0.02252195, -0.08210984, -0.06263918, -0.05160905,  0.03140176, -0.04179745, -0.00821879,  0.10524930, -0.06794768, -0.05742745,  0.08422222, -0.07150380,  0.08212407, -0.14586155,  0.21172394, -0.09357584, -0.10310137,  0.02265540,  0.03435035,  0.14987755, -0.13438040, -0.02578907, -0.09998279,  0.06863814,  0.08466926,  0.13706939,  0.13062507,  0.03679361,  0.01289128, -0.35322180,  0.09131723,  0.17241454, -0.17087864,  0.11177323, -0.05840792,  0.39638108, -0.41461936, -0.13735944,  0.24656974, -0.00886935, -0.04215741, -0.27118222,  0.13700016,  0.03399701,  0.07018993, -0.06852788, -0.08959349, -0.00547634
  0.08294283, -0.05947359,  0.04591308, -0.07316467,  0.04727438, -0.01091337, -0.06997572,  0.08384566, -0.11566708,  0.18786604, -0.18454428,  0.11928698, -0.08867345,  0.07785398, -0.07140589,  0.02259986,  0.10168777, -0.17797307,  0.13822401, -0.13215696,  0.20302162, -0.19489065,  0.09721146, -0.07986720,  0.06968739, -0.01883405,  0.03862529, -0.01940638,  0.10699132, -0.09393714,  0.12037924, -0.22934236,  0.19096764, -0.09303250,  0.03872359, -0.06624440,  0.14436726,  0.01639834, -0.27842119,  0.28091714, -0.16570155,  0.19297276, -0.37943194,  0.31995500, -0.12967612,  0.10486175, -0.12191475, -0.00036273,  0.03095415, -0.00839279
 -0.06305186, -0.02677534, -0.00984868,  0.04395355,  0.00425308,  0.04841939, -0.02296703,  0.02760731,  0.00862809, -0.08027987,  0.11321983, -0.13880293,  0.18702051, -0.21283371,  0.22546569, -0.18225737,  0.08824060, -0.09018699,  0.17207588, -0.15093874,  0.09010525, -0.09188349,  0.05453129,  0.02088289,  0.00775673,  0.01904604, -0.08655831, -0.01261497, -0.08419394,  0.01463403, -0.06581909,  0.21649826, -0.18359289,  0.21624004, -0.27637223,  0.31659994, -0.35759802,  0.14811471, -0.00527876,  0.16319735, -0.27153970,  0.23642005, -0.10751229,  0.10999644, -0.03156446, -0.05576791,  0.07000047, -0.09283257,  0.15519155, -0.05723705
  0.07407791, -0.09531538,  0.01887569, -0.01193842, -0.06111836,  0.11599816, -0.08479068,  0.05574192, -0.01579672, -0.01175518,  0.08313393, -0.17225188,  0.14379736, -0.00256552, -0.12670757,  0.13351251,  0.02719230, -0.17168408,  0.10584885,  0.04944846, -0.08696330,  0.08354719, -0.11034611,  0.06127572, -0.02545341,  0.02668705,  0.06645584, -0.07077839,  0.03402637, -0.04667840, -0.01277306,  0.01947660, -0.17362038,  0.35961102, -0.20485600, -0.14735412,  0.40104026, -0.25458668, -0.21251607,  0.38861776, -0.14569881, -0.12126322,  0.14612297, -0.10857553,  0.15633795, -0.13616845,  0.07088429, -0.02971196, -0.07321038,  0.09274627
 -0.04305508, -0.01278369, -0.06446011,  0.14507556, -0.05672339,  0.05878138, -0.05093658, -0.00422706,  0.04661177, -0.09004562,  0.14746540, -0.09741980, -0.06304495,  0.13521079, -0.01806383, -0.14231827,  0.16903903, -0.05611912, -0.06127129,  0.10794162, -0.01730227, -0.12093048,  0.07237001,  0.01218523,  0.09610558, -0.10226708, -0.01580894, -0.05079256, -0.03736820,  0.02592199, -0.02232757,  0.26192343, -0.33936082,  0.07077939,  0.28045358, -0.31420644, -0.06005248,  0.34488254, -0.30040981,  0.05960537,  0.21849612, -0.20399457, -0.06850813,  0.20526382,  0.01854663, -0.04471156, -0.19313491,  0.13926322,  0.08202156, -0.04642542
  0.08773592,  0.02837135, -0.27461921,  0.07523823,  0.05005768,  0.03919152,  0.03092297, -0.07420813, -0.01913232,  0.02426532,  0.07950514, -0.02681660, -0.06612646, -0.01701058,  0.04065040,  0.06797811, -0.02291955, -0.05846390,  0.02554095, -0.00508767,  0.05900237,  0.07175656, -0.19200243, -0.15320764,  0.29737976,  0.01407302, -0.04100520, -0.00065169, -0.07928406, -0.06071068,  0.01464642,  0.12327627, -0.06818998, -0.10945187,  0.07961797,  0.13077504, -0.02187362, -0.12121608, -0.04539220,  0.07445670,  0.00079924,  0.09328037, -0.08539503, -0.29835919,  0.28547987,  0.38840080, -0.43837287, -0.21344515,  0.10254579,  0.20794217
 -0.20157607,  0.30185138, -0.15023318,  0.02048866, -0.02620573,  0.01620378,  0.04126662,  0.03221841, -0.01850116, -0.07455062,  0.04112144,  0.01673038,  0.02708105, -0.00267230, -0.05921488, -0.01294877,  0.08300385, -0.05813233,  0.03400473, -0.00132315, -0.09826355,  0.04702271,  0.26671429, -0.31600488,  0.05641093,  0.04514841, -0.05309090,  0.00713114,  0.00039082, -0.01946403, -0.07581059,  0.06801024,  0.05969221,  0.02162547, -0.10632256, -0.04632622,  0.07587610,  0.06527091, -0.11595073,  0.09349565, -0.06225306, -0.06149750,  0.30968329, -0.04660281, -0.50016793,  0.42037379,  0.10010800, -0.05238855, -0.13769945,  0.04613801
 -0.00320415, -0.02037267,  0.11573721, -0.13981823,  0.28792940, -0.33055184,  0.13243980, -0.03447665, -0.02566340,  0.07678334, -0.03182528, -0.05286777,  0.01890656,  0.06291729, -0.05147860,  0.00380735,  0.00782082, -0.03648427,  0.02523249,  0.04650993, -0.10334685,  0.05102240,  0.01034426,  0.00891796,  0.00070801,  0.09496722, -0.31892461,  0.28079785, -0.02412218, -0.01990147,  0.13953532, -0.10208659, -0.08971842,  0.11852942, -0.00633733, -0.08231209,  0.05419575, -0.02191834,  0.02064001,  0.05482362, -0.02405512, -0.12943665,  0.13215666, -0.02225255, -0.04360364,  0.06447083, -0.10886492, -0.13074192,  0.51063463, -0.36533850
  0.04374377, -0.14240883,  0.11994284, -0.27485536,  0.18657819,  0.08660366, -0.06278924,  0.06536087, -0.07231225, -0.02713512,  0.08554900,  0.02635042, -0.09356300,  0.01339686,  0.03563661, -0.01722483,  0.03856262,  0.00584244, -0.08699956,  0.09177575,  0.01913815, -0.04947973, -0.01977712,  0.01166232, -0.15731055,  0.33519410, -0.09048695, -0.18389727,  0.06097234, -0.15742274,  0.00047600,  0.19385335, -0.07009025, -0.09200791,  0.10784789, -0.00458844, -0.01349038,  0.00005548, -0.07929279, -0.03243983,  0.18533483, -0.05987995, -0.08027911,  0.07874420, -0.05318917,  0.04990062,  0.30433282, -0.53973482,  0.04436800,  0.26921496
