 -0.14161516, -0.14161131, -0.14161038, -0.14161367, -0.14161548, -0.14161725, -0.14161901, -0.14161890, -0.14161422, -0.14160658, -0.14159733, -0.14158651, -0.14157417, -0.14156061, -0.14154674, -0.14153161, -0.14151656, -0.14150191, -0.14148695, -0.14147238, -0.14145834, -0.14144512, -0.14143169, -0.14141873, -0.14140686, -0.14139634, -0.14138603, -0.14137569, -0.14136534, -0.14135482, -0.14134499, -0.14133604, -0.14132734, -0.14131900, -0.14131074, -0.14130248, -0.14129539, -0.14128865, -0.14128170, -0.14127483, -0.14126865, -0.14126304, -0.14125722, -0.14125170, -0.14124574, -0.14124010, -0.14123379, -0.14122775, -0.14122206, -0.14121736
  0.39544153,  0.41183686,  0.39868251,  0.35034887,  0.29449452,  0.22694910,  0.14894019,  0.07539586,  0.02007309, -0.02480469, -0.06399180, -0.09559411, -0.11868561, -0.13188200, -0.13983919, -0.14057368, -0.13784295, -0.13335211, -0.12497662, -0.11677060, -0.10967531, -0.10357758, -0.09486486, -0.08520174, -0.07819132, -0.07363750, -0.06936195, -0.06411949, -0.05793959, -0.05016920, -0.04408107, -0.04116456, -0.03859461, -0.03596118, -0.03202509, -0.02702045, -0.02420210, -0.02078166, -0.01551736, -0.01006314, -0.00695438, -0.00590773, -0.00499773, -0.00542009, -0.00515407, -0.00412450, -0.00112789,  0.00186316,  0.00504760,  0.00660718
  0.09840153,  0.02808947, -0.04213685, -0.10234372, -0.15581364, -0.19783706, -0.22531383, -0.23867382, -0.24457066, -0.24423385, -0.23727269, -0.22470735, -0.20814379, -0.18850882, -0.16638100, -0.14539139, -0.12415558, -0.10285032, -0.08345064, -0.06558875, -0.04896461, -0.03247016, -0.01815699, -0.00499559,  0.00798163,  0.02214309,  0.03533613,  0.04718084,  0.05761874,  0.06609022,  0.07403364,  0.08211495,  0.08988961,  0.09785226,  0.10540539,  0.11195851,  0.11998047,  0.12814762,  0.13491523,  0.14039256,  0.14585914,  0.15157796,  0.15631330,  0.16134350,  0.16535184,  0.17010500,  0.17299502,  0.17576408,  0.17861323,  0.18286806
 -0.60562288, -0.31625010, -0.03826270,  0.09390039,  0.22458970,  0.29748239,  0.25332204,  0.15729686,  0.11624075,  0.08983971,  0.04319796, -0.01307356, -0.06555132, -0.09639196, -0.13162399, -0.14375413, -0.14535369, -0.14708499, -0.13074667, -0.11551755, -0.10862611, -0.11164799, -0.09574453, -0.06180358, -0.03978568, -0.03468701, -0.03699802, -0.03740998, -0.03050513, -0.00497205,  0.01816084,  0.02463726,  0.02746220,  0.02254903,  0.02154590,  0.03006070,  0.02490059,  0.01864056,  0.02845113,  0.05538724,  0.07965551,  0.09507078,  0.10645573,  0.10278269,  0.09193784,  0.08383027,  0.08727680,  0.09338059,  0.10631965,  0.11874557
 -0.29404151, -0.06987503,  0.30564895,  0.48460991,  0.06541056, -0.32948568, -0.28527981, -0.04895449,  0.00748582, -0.05810609, -0.08147939, -0.03073320,  0.06307998,  0.07358057,  0.01549665, -0.03510689,  0.02856121,  0.12203626,  0.07227450, -0.02760643, -0.02986717,  0.08660670,  0.15317987,  0.08813727, -0.05045697, -0.14196281, -0.11074849,  0.00682707,  0.11154269,  0.11390666,  0.05337431,  0.02002864,  0.01336152, -0.02828365, -0.12244175, -0.18187780, -0.11487945, -0.01495153,  0.05729802,  0.13923444,  0.22273995,  0.21937442,  0.08126302, -0.05952910, -0.12625629, -0.09139477, -0.05235688, -0.05494387, -0.09419115, -0.07027476
 -0.24688622,  0.21815085,  0.45385376, -0.18182884, -0.50174560, -0.11770865,  0.22061053,  0.14078141,  0.02369556,  0.02201939,  0.07036167,  0.09468766,  0.05988837, -0.05363926, -0.17148951, -0.07431311,  0.05939896,  0.00887755, -0.10594248, -0.07182401,  0.08027110,  0.11264488,  0.01200932, -0.09188359, -0.12462908, -0.05461299,  0.07427409,  0.12944598,  0.07391314,  0.00458113, -0.03920542, -0.02209038, -0.00345691, -0.08080061, -0.10820326,  0.01726715,  0.11102126,  0.07501822,  0.04059322,  0.07523363,  0.02216947, -0.13368491, -0.21788970, -0.15421179, -0.02784190,  0.06591301,  0.09104395,  0.05795325,  0.05585490,  0.11243240
 -0.08867661,  0.13279940,  0.09291194, -0.20738321, -0.10242762,  0.22074957,  0.22698501, -0.02243984, -0.16333801, -0.16972130, -0.12549259, -0.07791599, -0.03669715, -0.01687385,  0.04625849,  0.18554352,  0.22509643,  0.12125671,  0.02201077,  0.01843685,  0.02964801, -0.03095142, -0.10630434, -0.12811270, -0.09970196, -0.03204096,  0.02986391,  0.02731015, -0.01184522, -0.02911044, -0.01371607,  0.01919646,  0.01398459, -0.05308039, -0.07381416, -0.04873414, -0.06160323, -0.07223107,  0.00908741,  0.14242965,  0.20862002,  0.23206501,  0.26627749,  0.28073920,  0.19259386,  0.02104864, -0.16619038, -0.30023446, -0.31351933, -0.21286958
  0.01858474,  0.10948034, -0.17623759, -0.09109210,  0.13392184,  0.09050613, -0.13244346, -0.13876425,  0.00160940,  0.12086332,  0.15543344,  0.10015624,  0.01186632, -0.02760603,  0.04049305,  0.02679579, -0.06786052, -0.08299289, -0.00565097,  0.06414828, -0.00202450, -0.12277801, -0.21685084, -0.21730788, -0.12823297,  0.02108036,  0.11882755,  0.14615950,  0.14978614,  0.11563143,  0.04002846, -0.06713500, -0.19416817, -0.21939230, -0.12612147, -0.02463247,  0.10891681,  0.26109573,  0.34909734,  0.28993777,  0.15404133,  0.05993709, -0.02157731, -0.10890463, -0.22172727, -0.24008105, -0.20258545, -0.08034802,  0.06028044,  0.16787047
 -0.10014535,  0.24734853, -0.02334603, -0.17391776,  0.04403770,  0.17497636, -0.03268420, -0.20696951, -0.19306553, -0.06698065,  0.08469968,  0.17378465,  0.19755266,  0.11050319,  0.08055639,  0.05406934, -0.10867199, -0.27196791, -0.28480921, -0.08804222,  0.11152177,  0.20070354,  0.19183198,  0.11403954,  0.01050375, -0.08591800, -0.15991966, -0.20556067, -0.14010302,  0.00648081,  0.15610926,  0.26912562,  0.22542755,  0.08051577, -0.02097581, -0.10137852, -0.16679374, -0.15457113, -0.02671853,  0.08039164,  0.06357789,  0.01923834, -0.00639947, -0.02575210, -0.08801234, -0.12651721, -0.11382460, -0.01361405,  0.11383029,  0.17583010
  0.04308394,  0.09380950, -0.15653435, -0.09511520,  0.05924061,  0.01997304, -0.04615456,  0.01372556,  0.09895539,  0.11787798,  0.08872168,  0.02900770, -0.03694912, -0.14872431, -0.18798446, -0.16201729, -0.12980507, -0.01135372,  0.17856407,  0.32137020,  0.29339498,  0.15366691,  0.01604220, -0.11595506, -0.20512514, -0.24521150, -0.17842283, -0.03423721,  0.13447642,  0.21907214,  0.20223440,  0.09641503, -0.06743205, -0.18207150, -0.18985178, -0.16864034, -0.16334928, -0.10815140, -0.02263479, -0.00949305, -0.04936982, -0.03704254,  0.02991258,  0.09563499,  0.15987969,  0.17969860,  0.18839976,  0.12858680, -0.00993279, -0.20019589
 -0.40668622,  0.54990595, -0.10042498, -0.07841849,  0.20235440,  0.06440703, -0.31368919, -0.08884870,  0.16997786,  0.06538898, -0.08070162, -0.13218810, -0.04859464, -0.20134436, -0.05938391,  0.16515980,  0.14273799,  0.09327433,  0.00629979,  0.04608047, -0.03530929, -0.03393106,  0.08106946,  0.15206932,  0.10304351,  0.08096415,  0.11563554,  0.06831841,  0.01830197, -0.12010145, -0.19613769, -0.06438160, -0.05242742, -0.08357897,  0.06335001,  0.07753958, -0.03419167, -0.11853703, -0.03648366, -0.00833652, -0.11074944, -0.06061681, -0.01728633,  0.02010927, -0.04037689,  0.07965043,  0.11099087,  0.05917323, -0.02777056,  0.01469811
  0.06482598, -0.03730798, -0.16027726,  0.03980912,  0.13836055,  0.06279421,  0.04332749, -0.04329846, -0.24337647, -0.18908378,  0.16811421,  0.37496611,  0.13528335, -0.23325727, -0.32264971, -0.11082651,  0.17706577,  0.26624900,  0.06724136, -0.19387446, -0.20599210,  0.02787925,  0.19123829,  0.08083582, -0.10694341, -0.14594071, -0.01217380,  0.13714151,  0.16916919,  0.08060233, -0.05491501, -0.14047685, -0.07935342,  0.10800693,  0.16196999,  0.01834577, -0.11858208, -0.08781636,  0.01874755,  0.04691848, -0.00037277, -0.08044196, -0.10443303, -0.02615190,  0.11172490,  0.08505465, -0.08116753, -0.13481469,  0.01312261,  0.12472313
 -0.05576342,  0.18008239, -0.06572909, -0.14992954, -0.01679289,  0.05553973,  0.03812267,  0.14504578,  0.07044885, -0.22691150, -0.28831201,  0.04151723,  0.37525773,  0.27117505, -0.04170869, -0.26340250, -0.22436575,  0.03896908,  0.20375506,  0.10633412, -0.17345504, -0.26372760, -0.07377986,  0.13174701,  0.09782140, -0.05941769, -0.14365767, -0.08897261,  0.05058447,  0.13988034,  0.12991974,  0.05063923, -0.08134676, -0.07812412,  0.11358805,  0.21327873,  0.12310926, -0.02361905, -0.03875015,  0.03428392,  0.07521775,  0.06474963, -0.04435742, -0.13638210, -0.11802665,  0.06144379,  0.08061013, -0.07260329, -0.15895443, -0.00502935
  0.01892433, -0.04172946, -0.04188438,  0.02059882,  0.02407368,  0.07576320,  0.15146380,  0.07262185, -0.15258539, -0.24272158, -0.13012513,  0.00056096,  0.03541576,  0.10063980,  0.09526252, -0.05049898, -0.12244491, -0.05793437,  0.01900269,  0.03089594,  0.06822056,  0.15482639,  0.18751016,  0.18458117,  0.20272158,  0.24575082,  0.17665216,  0.03839204, -0.04487262, -0.04292670, -0.10215569, -0.25810536, -0.35568147, -0.32497993, -0.29513774, -0.26696023, -0.14803131, -0.02988106, -0.00333470,  0.00097326,  0.05175547,  0.06481132,  0.01686146,  0.01811629,  0.07912600,  0.12255880,  0.05738876,  0.05909051,  0.15070727,  0.18672341
 -0.05642088, -0.08289591,  0.19994168,  0.01720779,  0.01511550,  0.20784214, -0.05483894, -0.42642699, -0.24399743,  0.13517738,  0.13447550,  0.01153618,  0.16907673,  0.14829557, -0.13464463, -0.18795178, -0.00761068,  0.07807987,  0.04955239,  0.10782050,  0.16829173,  0.05623696, -0.04692172,  0.05641608,  0.16470753,  0.00499081, -0.19608091, -0.13025590,  0.02776324, -0.08235749, -0.30436559, -0.24431186, -0.03169116, -0.03751344, -0.02270116,  0.16522012,  0.24127867,  0.07991576, -0.03307324,  0.03975717,  0.03346589, -0.05759759,  0.00446870,  0.14498062,  0.05799411, -0.11506245,  0.01118375,  0.17845060,  0.01133701, -0.22385062
  0.01560384,  0.02902987, -0.04179603,  0.00351017, -0.01623723, -0.13626664, -0.04072150,  0.13535544,  0.08543373, -0.02575454,  0.10110318,  0.19509017, -0.04572029, -0.14606627, -0.01867542, -0.01178906, -0.09980377, -0.05262300,  0.12044388,  0.15486394,  0.10468668,  0.14841515,  0.16954689,  0.03228292, -0.15413109, -0.11623841, -0.07268746, -0.26395647, -0.47920150, -0.36763560, -0.11293816, -0.09924194, -0.14486572,  0.01710807,  0.16193470,  0.12339214,  0.10885561,  0.19664394,  0.20034293,  0.09512878,  0.09056857,  0.16769720,  0.09037289, -0.05387108, -0.01687813,  0.14186811,  0.03204054, -0.15650496, -0.08577047,  0.03817891
 -0.14162454,  0.23168243, -0.07901134,  0.04335786, -0.07023042, -0.02193972,  0.05343323,  0.01114688, -0.10749907,  0.04010981,  0.22487079, -0.15612496, -0.24352900,  0.03156609,  0.17472350, -0.07017223, -0.11172116,  0.17558376,  0.14987793, -0.01251973, -0.07246481,  0.06226469, -0.02200514, -0.14603939, -0.01595733,  0.23761287, -0.04079172, -0.38427773, -0.01987649,  0.32861363,  0.06763292, -0.21478419, -0.00994299,  0.16519856,  0.10094952, -0.02748194,  0.02814136, -0.01844739, -0.12935841, -0.02504088,  0.14427614,  0.10767758, -0.23586242, -0.11364054,  0.12617312,  0.12258103, -0.20990148, -0.07111858,  0.16049587, -0.01660468
  0.10774329,  0.02340496, -0.15223634, -0.14629185, -0.07415055,  0.03531765,  0.09862927,  0.16761920,  0.22211067,  0.13300590, -0.14088340, -0.21716629, -0.10306989,  0.06255580,  0.01654039, -0.12179823, -0.01348635,  0.08463073,  0.03508032, -0.06835689, -0.03922943,  0.03861060,  0.07948676,  0.18737290,  0.13597059, -0.13441147, -0.31661806, -0.02473433,  0.16082037, -0.09975636, -0.30178966, -0.09859190,  0.18184154,  0.19905432, -0.04653662, -0.24115513, -0.15547655,  0.06259532,  0.27844026,  0.31314817,  0.11477678, -0.14087465, -0.11699462,  0.07092319,  0.03049333, -0.06348134, -0.08489420,  0.00264839,  0.00800316,  0.05120821
 -0.04618489,  0.04989106, -0.11992158, -0.00117177,  0.13248353,  0.15763441,  0.00071785, -0.04913437, -0.04980197, -0.08712144, -0.11159159, -0.15900967,  0.00157051,  0.14720977,  0.05937136, -0.14226682, -0.01554604,  0.26194139,  0.15626805, -0.09495872, -0.10006201,  0.16881436,  0.20822263, -0.07246663, -0.30704989, -0.11555026,  0.09557516,  0.06283550, -0.04252335, -0.13317920, -0.06373014,  0.19481099,  0.27595148, -0.06883243, -0.30672784, -0.07676644,  0.32155165,  0.29912353, -0.04242747, -0.22635924, -0.14486213,  0.00939297, -0.04303655, -0.03866375, -0.00581443,  0.04540875, -0.07848779, -0.04363564,  0.08252575,  0.05558849
 -0.06145169,  0.04556299,  0.18011460, -0.09191054, -0.11862669,  0.07607763,  0.03734450, -0.14495626, -0.14794391,  0.08226539,  0.18936734,  0.04905961, -0.04049385, -0.04590468,  0.14787794,  0.12227129, -0.28570975, -0.18120434,  0.21660657,  0.20567905, -0.20791933, -0.28160909,  0.11027900,  0.17407705, -0.03902213, -0.16178596,  0.07363128,  0.12030274,  0.08292775,  0.09741862, -0.11570950, -0.15248507,  0.08976992,  0.23862947,  0.00304827, -0.24472947, -0.12434311,  0.17080376,  0.06547602, -0.22403496, -0.17925108,  0.08725252,  0.17059185, -0.03196900, -0.02543859,  0.04811811,  0.11917310, -0.05529461, -0.11903785,  0.07708102
  0.13170608, -0.01045863,  0.07105421, -0.17673823, -0.10614046,  0.00264223, -0.18730351, -0.09596555,  0.25007247,  0.34552016,  0.06020762,  0.14377379,  0.06786639, -0.06904474, -0.07249854, -0.21846602, -0.19533847,  0.11736673,  0.16094988, -0.20414779, -0.14946102,  0.08019429, -0.04369230, -0.11472494,  0.09660124,  0.14091919,  0.05074979,  0.09993388, -0.05003018, -0.13799492, -0.05510669,  0.07893294, -0.00591428, -0.01227107, -0.06775136, -0.11630544, -0.02277148, -0.16101884, -0.33605722, -0.08585167,  0.27947896,  0.18568538,  0.13531660,  0.13867047,  0.00951074, -0.03339955, -0.00846549, -0.09174250, -0.05901498,  0.24050888
  0.05911114,  0.04498670, -0.13407987,  0.05528446, -0.06485749, -0.15176096,  0.14055238,  0.01766383, -0.08420973,  0.25391531,  0.09191162, -0.16647193,  0.13820990,  0.15225517, -0.28553266, -0.04435989,  0.14042395, -0.23702722, -0.04376308,  0.15350826, -0.22859971, -0.13407893,  0.29055854, -0.02774770, -0.16797826,  0.22156015,  0.07486125, -0.06789066,  0.08758526, -0.07430526, -0.18528611,  0.17143087,  0.06833488, -0.20421766,  0.04147448,  0.10928687, -0.17466675, -0.04711261,  0.12451691, -0.11283004,  0.08473155,  0.25617727, -0.05991175, -0.07433871,  0.15000237, -0.03719595, -0.12829697,  0.13878622, -0.05229566, -0.07831494
  0.03931893,  0.05988685, -0.02434410, -0.08182084,  0.03192232, -0.14313077, -0.10438872,  0.16710043,  0.01272802, -0.02981708,  0.28470115,  0.06346994, -0.13149417,  0.20167511,  0.02528604, -0.36189187,  0.05050460,  0.09216158, -0.26042971,  0.01769298,  0.15584358, -0.24646381, -0.11832083,  0.27494535, -0.07452471, -0.08529122,  0.20954329,  0.05432884, -0.05401982,  0.01938880, -0.09603567, -0.12089003,  0.19498328, -0.00597473, -0.18223708,  0.07857946,  0.04001307, -0.23252809, -0.01377973,  0.10187244, -0.12693064,  0.13451146,  0.24732452, -0.01534519, -0.03214459,  0.12878522, -0.12384535, -0.09011226,  0.15327049, -0.08407878
 -0.00075288,  0.02576800,  0.00477309, -0.10744832,  0.16149093, -0.20231521,  0.17169034, -0.17191058,  0.13827420, -0.02191366,  0.02441648,  0.02182357,  0.01747467,  0.01168615,  0.07780274,  0.00050664, -0.12442305,  0.01936733, -0.13456583,  0.00960161, -0.16039826,  0.09029189,  0.05832353, -0.06675305,  0.11779931, -0.15261978,  0.24377033, -0.19351016,  0.27519971, -0.17889074,  0.02485505,  0.00166565, -0.03969965,  0.04428086, -0.08938708,  0.13241630, -0.10122162,  0.13214796, -0.11503090,  0.12859613,  0.02450400,  0.01452928,  0.00677139, -0.13554362,  0.23673180, -0.20506088,  0.32991103, -0.31872397,  0.21238781, -0.23868760
 -0.01466745,  0.13278117, -0.23390846,  0.31272864, -0.33772631,  0.08522348,  0.05987410, -0.14558972,  0.21899352, -0.21656369,  0.27426759, -0.06618271,  0.10366733,  0.04205067, -0.12180572,  0.06455433, -0.08477890, -0.09208891, -0.00433511, -0.00535488, -0.11881954,  0.05573906, -0.14080775,  0.11082616,  0.01320454,  0.06611863, -0.11035283,  0.15114217,  0.12019551, -0.32770090,  0.25559326, -0.08918668,  0.03090239,  0.00143144, -0.00330787, -0.05868060, -0.01014425,  0.11139376, -0.09847494,  0.04701694, -0.06242650,  0.08340557, -0.03828177,  0.20983059, -0.13354521,  0.14151074, -0.09405867, -0.04022456,  0.12555072, -0.16899055
 -0.00832729,  0.04797371, -0.04636532, -0.00641626,  0.09517674, -0.10574111, -0.08918331, -0.06851016,  0.03236934,  0.14044912,  0.03209804,  0.12401247, -0.03673484,  0.20421941,  0.18726478,  0.05120094, -0.19387351, -0.28130933, -0.10718820, -0.39608660, -0.08002231,  0.08725722,  0.12920680,  0.00387532, -0.02716462, -0.00712285, -0.04078183,  0.22229270,  0.01332309,  0.10010416, -0.00556868, -0.05047723, -0.09772467, -0.03244010, -0.04148769,  0.06035302,  0.21383474, -0.04584205,  0.14407919,  0.04011407,  0.03677594, -0.12484628, -0.12712162,  0.06210939,  0.24603337,  0.35901592, -0.02257841, -0.04522034, -0.28913936, -0.25584979
 -0.00802542, -0.01799675,  0.10605289, -0.16417047,  0.16262673, -0.11066147,  0.04449359,  0.05175031, -0.16646220,  0.14881595, -0.16046896,  0.17419263, -0.05305490, -0.11736718,  0.17542640, -0.15361043,  0.29877688, -0.25859043,  0.13670914,  0.03490895, -0.15843170,  0.09536908, -0.14150852,  0.15506328, -0.13207084,  0.15469923, -0.17428908, -0.01468707,  0.14877755, -0.10039387,  0.04980190, -0.02596701,  0.06553130, -0.12132205,  0.15547402, -0.23375924,  0.18278521, -0.01694702, -0.09188563,  0.08586651, -0.14016606,  0.21236058, -0.16152608,  0.13229473, -0.18825427,  0.07478711,  0.10243496, -0.11361490,  0.20617780, -0.12994106
 -0.09323076,  0.15949830, -0.08780458,  0.07328448,  0.05821062, -0.29352162,  0.26231679, -0.11958899,  0.12728788, -0.11997868, -0.11347889,  0.29108875, -0.23352712,  0.17915426, -0.13916880,  0.04167076, -0.01805209, -0.08679587,  0.06724934, -0.00906292,  0.21858894, -0.04891693, -0.01847143, -0.10642691,  0.06239148,  0.04186664, -0.15591639, -0.06290906,  0.22478154,  0.04534130, -0.25398465,  0.15271522, -0.14137815,  0.12714669, -0.03764184,  0.02287612,  0.11640949, -0.03041274,  0.05168340, -0.31185724, -0.02778095, -0.02152731,  0.14734992,  0.21655020, -0.11653775, -0.03451563, -0.13327361, -0.10574806,  0.08451698,  0.14953579
  0.02802948, -0.00684456, -0.07174998, -0.04631088,  0.05358218,  0.05877542,  0.23579953, -0.16518353, -0.08789034, -0.02964576,  0.01583046, -0.00358363, -0.28153783,  0.07745369,  0.04210135,  0.12300383, -0.01752779,  0.03522922,  0.23872100, -0.05156975,  0.03740838, -0.06587191,  0.02901822,  0.02008481, -0.03443076, -0.18694749,  0.01490627,  0.25137828, -0.06931080, -0.18582193, -0.02406599,  0.07697468, -0.05380081,  0.09793742, -0.02761448,  0.07114899,  0.02251663, -0.31559817, -0.05906683,  0.07874849,  0.33331811,  0.14047072, -0.09533193, -0.33342462, -0.25427920,  0.04682062,  0.11419415,  0.27803547,  0.11474408, -0.16882116
  0.02210658,  0.00024827, -0.03039711, -0.06952433, -0.02371594,  0.04182567, -0.04554613,  0.29202776, -0.03937421, -0.02852690,  0.02909582, -0.17038885, -0.01073515, -0.14666051,  0.10867192,  0.07717878, -0.12464132, -0.15677527, -0.08853066,  0.04084492,  0.02247055,  0.30222960,  0.16017008, -0.02419840,  0.03649829, -0.20847355, -0.22719586,  0.22252653,  0.27992244,  0.05032591, -0.09135727, -0.20399929, -0.04926610, -0.08569636,  0.10972176,  0.28530241,  0.14621803, -0.03341541, -0.24030574, -0.10126870, -0.03920608,  0.21566931,  0.21083330, -0.12082522,  0.00242143, -0.17763303, -0.22494073,  0.00678652,  0.05171654,  0.04776321
  0.04852274,  0.00591706,  0.01010011, -0.09610482, -0.09194676,  0.01930330,  0.06082684,  0.02944245, -0.01128558,  0.06446120,  0.20397838,  0.06226778, -0.25056726, -0.21349238, -0.02944336,  0.07577806,  0.10706581,  0.16953200, -0.05447274, -0.20805769, -0.18404540, -0.14570647,  0.13351445,  0.29927164,  0.31002547, -0.02745068, -0.24557188, -0.20071026, -0.01716097,  0.10845126,  0.18527945,  0.22636249, -0.10855893, -0.29579358, -0.21551195,  0.04720044,  0.13281839,  0.18430229,  0.07760673, -0.11693585,  0.01107135,  0.04985850,  0.12343005, -0.03729874, -0.06760508, -0.06011254,  0.02592137,  0.06620992, -0.05334292, -0.10736165
  0.04317809, -0.03963327, -0.02530629, -0.01622636, -0.05405873,  0.12955085,  0.01532205, -0.12244196,  0.10664350,  0.12504434, -0.03705739, -0.17891452, -0.12731671,  0.15526241,  0.03580244, -0.11461678,  0.14886485,  0.01965976, -0.28596030,  0.03509471,  0.14567925, -0.11854928,  0.24642281,  0.24209198, -0.30137777, -0.13720981,  0.07393078, -0.00030422,  0.05191961,  0.08618239,  0.10459984, -0.05020144, -0.32331951,  0.01108042,  0.26780681, -0.06427565,  0.02919546,  0.16758981, -0.22415850, -0.11566369,  0.26648564, -0.09031496, -0.08025311,  0.16256014, -0.15216151, -0.02240611,  0.10352864, -0.13652915, -0.03930330,  0.08405130
  0.03861324, -0.08008274,  0.08988119, -0.09623862,  0.03265127,  0.08215444, -0.13825400,  0.05672543,  0.07645438, -0.08059680,  0.02936447, -0.00849766, -0.00252368,  0.05840436, -0.16005554,  0.08444567,  0.14311856, -0.13498379, -0.02650869,  0.19098033, -0.20553399, -0.10596761,  0.33026331, -0.24830656, -0.00445993,  0.21047857, -0.10909117, -0.08687423,  0.05504755, -0.00595986,  0.04018277, -0.02949620, -0.08416512,  0.21630031, -0.18194839, -0.11574514,  0.21596760, -0.05943151, -0.15384777,  0.23169877,  0.05567805, -0.30026407,  0.32127559, -0.13373058, -0.14436845,  0.19868078, -0.04614283, -0.04423452,  0.11112251, -0.08217798
  0.03148790,  0.00486003, -0.04935173, -0.01940971, -0.03771726, -0.04808361,  0.15995066, -0.12081904,  0.20279085,  0.15107957, -0.25522745, -0.03030212,  0.11972484, -0.13402505, -0.25696176,  0.10831115,  0.03425014, -0.14759052,  0.13098907, -0.08335158, -0.03135512,  0.07922350,  0.07710587,  0.23837824, -0.05431271, -0.10776853,  0.25001803, -0.09309617, -0.20711509,  0.24751748,  0.19935659, -0.28770065, -0.00784551,  0.19279357, -0.20076588,  0.01151550,  0.24030233, -0.15183022,  0.05896523,  0.02638501, -0.09129332,  0.10501412,  0.00529645,  0.08632083,  0.00405359, -0.22179036, -0.17221258,  0.04155698,  0.08070750, -0.07807487
 -0.07052329,  0.10119157, -0.01180179, -0.01104681,  0.07926891, -0.12844937,  0.07153432, -0.01344123, -0.20351080,  0.25227751,  0.01421390, -0.20602580,  0.04448852,  0.19782076, -0.16119188, -0.09013588,  0.13416061,  0.04970146, -0.05456744,  0.09424781, -0.06054307,  0.09422684, -0.15451419, -0.05721850,  0.32527612, -0.24519214, -0.03931310,  0.20045399, -0.18528655, -0.09320052,  0.16918106,  0.16249910, -0.34054640,  0.17570523,  0.09219847, -0.21711266,  0.05647481,  0.08071331, -0.01353040,  0.01646628, -0.19055884,  0.06083305,  0.06786678, -0.14630918,  0.15082353,  0.10693917, -0.15970230, -0.08402962,  0.05096861,  0.08822202
 -0.03930659,  0.06484182, -0.03256721,  0.00261668,  0.09116355, -0.12424696, -0.08918776,  0.20168860, -0.03071223, -0.14084754,  0.00374692,  0.18982694,  0.04768232, -0.16187676,  0.01727392,  0.05518583, -0.03837727, -0.09994174, -0.06244895,  0.22699712,  0.03062465, -0.26502842, -0.02209900,  0.08522641,  0.10237836, -0.08585874,  0.04753460,  0.12934797, -0.09308334, -0.07102788, -0.05097948,  0.08384352,  0.07279218,  0.06183748, -0.07318340, -0.19707917,  0.18507087,  0.18286137, -0.26862675, -0.05739084,  0.34828788, -0.08742987, -0.26498231,  0.10254318,  0.31311998, -0.16112429, -0.21993729,  0.15979660,  0.06482657, -0.13377075
 -0.04484706,  0.08402765, -0.09046658,  0.11380241, -0.02975914, -0.14779812,  0.13093795,  0.12104633, -0.22631996,  0.03658935,  0.12512937,  0.00293087, -0.18698664,  0.09052728,  0.05196445, -0.04500037, -0.16051950,  0.03728696,  0.07868825,  0.14778778, -0.27767447,  0.14202874,  0.05399338,  0.03820215, -0.07784242, -0.00677492,  0.09104887,  0.04936296, -0.12447959,  0.06652628, -0.04622097,  0.14643240, -0.07692767, -0.01595625, -0.04571317,  0.14040119,  0.04229727, -0.08648669, -0.19685733,  0.37064108, -0.14569077, -0.21340170, -0.00390618,  0.37940674, -0.12616000, -0.26858642,  0.10466094,  0.10087900, -0.19854845,  0.09630913
 -0.04746729,  0.05898016, -0.01752342,  0.03007178,  0.00964429, -0.12201042,  0.12324259,  0.00886349, -0.03939442, -0.07353207,  0.20237102, -0.23028121,  0.12843634, -0.11412502,  0.11078762, -0.18436988,  0.00118483, -0.07682473,  0.22323771, -0.14574536,  0.12592742, -0.12522707,  0.20408854, -0.15778647,  0.15555059, -0.08481575,  0.12815126,  0.00036322, -0.00570502, -0.09257515,  0.12747273, -0.04666091,  0.13322484, -0.24549104,  0.31538825, -0.22333273,  0.21700892, -0.23909732,  0.19346362, -0.08626104,  0.09110822, -0.27133621,  0.16778554,  0.09008081, -0.01268923, -0.17287062,  0.02653686, -0.08582181,  0.05259519, -0.02464890
  0.03489460, -0.04998339,  0.00482857,  0.05447246, -0.15450501,  0.25820252, -0.21459227, -0.01414698,  0.22987756, -0.28223279,  0.15453298,  0.06013740, -0.17477461,  0.14266244,  0.03622688, -0.12142363,  0.27455147, -0.21411550,  0.03081415,  0.10070006, -0.20422337,  0.17967766, -0.08624078, -0.04644861,  0.09941310, -0.20751888,  0.15048274, -0.14950249,  0.05710694,  0.08353367, -0.15787601,  0.12303205, -0.11028102,  0.02760958,  0.03693353, -0.13492668,  0.19646959, -0.20105351,  0.12274507, -0.05817626, -0.03511667,  0.15649273, -0.13540383, -0.04847831,  0.16819756, -0.13242069,  0.12260599,  0.06008658, -0.12601906,  0.09319099
  0.01060821,  0.02948382, -0.10616691,  0.12380247, -0.11019674, -0.01837293,  0.22791773, -0.31736536,  0.23433833, -0.00032298, -0.19468162,  0.21955125, -0.05592230, -0.10721248,  0.18325791, -0.14726117,  0.02584183,  0.12657366, -0.23886086,  0.15342553, -0.06425902, -0.06015862,  0.17735505, -0.19338912,  0.11083277, -0.02033307, -0.05941919,  0.13743338, -0.17871780,  0.19128120, -0.10148622, -0.06452240,  0.16797206, -0.21118474,  0.21030843, -0.13762567,  0.02674147,  0.06570893, -0.13960812,  0.19532712, -0.17874846,  0.11001406,  0.08738959, -0.15442152,  0.03275767,  0.04850620, -0.07485193,  0.12879760, -0.06077268, -0.02936355
  0.01437282,  0.02875843, -0.20476349,  0.35506662, -0.25585640,  0.06255586,  0.05521876, -0.05169836, -0.16819036,  0.26086075, -0.15337157,  0.01914044,  0.16406094, -0.25387730,  0.25822620, -0.00308883,  0.06921562, -0.06379439, -0.01893464,  0.10269783, -0.02407099, -0.02399410, -0.18287012,  0.15175797, -0.05630229, -0.12319833,  0.03475254, -0.15392833,  0.12353898, -0.03096021, -0.15263572,  0.14619120, -0.03630702, -0.00644650, -0.17468406,  0.08818827,  0.14817316, -0.17025727, -0.02094622,  0.00207331,  0.15250675, -0.21605223,  0.13765574, -0.15194743,  0.08022442,  0.19559176,  0.00926575, -0.15811243,  0.05335916,  0.14287943
  0.05345527,  0.06594156, -0.25723488,  0.04348679,  0.10415288, -0.10911957,  0.11339552,  0.10685692, -0.11993693, -0.01832150,  0.14157489, -0.09886079,  0.14292454, -0.05060366, -0.20429558,  0.05308712,  0.08168734, -0.07242845, -0.19162263, -0.04866232,  0.08471611,  0.14877560, -0.12134165, -0.07798670,  0.17047376,  0.03086907,  0.04166805, -0.01190817, -0.04570369,  0.19743813, -0.16487085, -0.13584020,  0.22303512,  0.09106395, -0.09015814, -0.18612145,  0.15076396,  0.13963259, -0.12310330, -0.06474417,  0.18165077,  0.12918529, -0.00162174, -0.07811002, -0.28982661,  0.06455830,  0.37810218, -0.06750977, -0.30334308, -0.00524246
 -0.04727942,  0.11121949, -0.08597039,  0.01278633, -0.12768822,  0.12861180, -0.03710596,  0.16487510, -0.07994397,  0.01095220, -0.10696059,  0.13070516,  0.06417022, -0.13570610,  0.06711885, -0.26277910, -0.13275727,  0.08268837, -0.10527373, -0.11808498,  0.01417039,  0.17312304,  0.00208739,  0.01902327, -0.06296965,  0.20386241,  0.20325067,  0.00253825,  0.07621306,  0.00176897, -0.07856776,  0.18723654, -0.22883834,  0.28574617,  0.14091458, -0.15943478, -0.04307117,  0.09638675,  0.14905146, -0.09408737, -0.01121835,  0.00749354,  0.23017201, -0.06799766, -0.13381488, -0.16249080, -0.03934030,  0.21085659, -0.00656550, -0.44915662
 -0.03777251,  0.15444991, -0.09350210, -0.02331082,  0.04497139, -0.12833923,  0.05229238, -0.00415009, -0.03158834,  0.02693359, -0.02718206,  0.11700472,  0.02057649,  0.06591564,  0.23933115, -0.17519847,  0.26301346,  0.01536242, -0.07938877, -0.01809789, -0.10295737, -0.04120126, -0.02336119, -0.14094741, -0.09510417, -0.02715763, -0.12614243, -0.07899253,  0.08780690, -0.26117628,  0.32755223, -0.35902856, -0.01086055,  0.15757599, -0.19049541,  0.05867359, -0.06353178,  0.02251073,  0.04636799, -0.16056299,  0.06439819, -0.02276572,  0.14065276,  0.00562510,  0.10453898, -0.11218511,  0.08530472,  0.37945800, -0.22882881,  0.18362238
 -0.06094080, -0.01698331, -0.03621439,  0.13212554, -0.04150544,  0.16971764, -0.02615733, -0.00635194, -0.10648972,  0.07204654, -0.11290999,  0.08410190, -0.33264893, -0.04663914, -0.16599556, -0.22326671, -0.03529715, -0.14292825,  0.11272091,  0.07762116,  0.30340491, -0.02473994,  0.15731796,  0.09798386,  0.16755426,  0.25004512,  0.07724054,  0.08919611,  0.15541912, -0.16562539,  0.24674227,  0.00774816,  0.16015835,  0.07803987, -0.04486068,  0.06809954,  0.04597751,  0.03252879, -0.05280219,  0.10021682, -0.08771739, -0.00000571, -0.11384299, -0.23978399,  0.08986918, -0.14013301, -0.03138739, -0.25233526, -0.32655350,  0.05803542
 -0.00804341,  0.07504613, -0.08683369,  0.08770042, -0.14043525,  0.10437107, -0.14768670,  0.17014664, -0.15499481,  0.18187406, -0.20025002,  0.24925637, -0.20382152,  0.33123112, -0.23721929,  0.26700821, -0.14044026,  0.15335445, -0.11263967,  0.03959301, -0.14275264,  0.05085364, -0.08309680, -0.01225216, -0.05288023, -0.05378391, -0.02832234, -0.02345087, -0.01872155, -0.04615943,  0.09220119, -0.21345299,  0.17707002, -0.21673501,  0.18691715, -0.16707779,  0.09338634, -0.07892309,  0.08631075, -0.10435986,  0.09475967, -0.08179910,  0.14712012, -0.04784123,  0.11126443, -0.13357060,  0.16907130, -0.04865089,  0.17345235, -0.05573424
 -0.00038260,  0.05093820, -0.05716273,  0.03845923, -0.07452242,  0.04749060, -0.08105580,  0.09592182, -0.05707823,  0.06383027, -0.07438370,  0.10536757, -0.05304798,  0.14149142, -0.04939115,  0.01160748,  0.17041959, -0.24153872,  0.29182618, -0.30853905,  0.10416587, -0.05718556, -0.00829807, -0.09085410,  0.11899803, -0.28692287,  0.25999779, -0.23454130,  0.07239156,  0.02138826, -0.06518799, -0.03729503,  0.05984801, -0.12722179,  0.08409325,  0.03408038, -0.22937432,  0.32226046, -0.29036349,  0.17072238, -0.03532573, -0.05210517,  0.13324280,  0.00992947, -0.07942776,  0.14158459, -0.13403115,  0.18284163,  0.02419018, -0.03180596
  0.03748585, -0.04376076,  0.02462607, -0.06292540,  0.09573686, -0.11250570,  0.08603649, -0.05788430,  0.05791045, -0.06824543,  0.09353121, -0.06885412,  0.06926329,  0.01320437, -0.08092430,  0.22903917, -0.16818194,  0.12497571, -0.02022043, -0.12916760,  0.13171062, -0.04339367, -0.14122566,  0.20838545, -0.25521533,  0.09349951,  0.01730804, -0.23683331,  0.24694174, -0.14388087, -0.02866230,  0.07757467, -0.07945555, -0.05164975,  0.16205775, -0.28597640,  0.24379216, -0.05815812, -0.16075395,  0.22300150, -0.16059298,  0.05712368,  0.11352533, -0.21095439,  0.17765256, -0.00640090, -0.06658972,  0.23559553, -0.23276285,  0.15523009
  0.01904557,  0.07279815, -0.13045062,  0.12654056, -0.17287282,  0.07952666, -0.11116236,  0.13656121, -0.08866089,  0.06858232, -0.00200505,  0.00982716,  0.13859809,  0.01988797,  0.08226759,  0.09093015,  0.03941116,  0.03618571,  0.02380803, -0.25273860,  0.22010890, -0.37310306,  0.21001647, -0.22021721, -0.05383936,  0.00097859, -0.19052609,  0.03069258, -0.05804932,  0.00022297, -0.07849956,  0.02323619, -0.17620487,  0.13349914, -0.11838958, -0.04821482,  0.09245045, -0.06124197, -0.06340571,  0.15805328, -0.24310498,  0.30151756, -0.11252047,  0.08693289,  0.12224128, -0.18496939,  0.30556820, -0.05911087,  0.16180504,  0.00809712
  0.04178797, -0.08570140,  0.04528517, -0.01910555,  0.00086178,  0.03519182, -0.03310338,  0.07458612, -0.10502182,  0.11364735, -0.09544305,  0.05326980,  0.00814100, -0.07820609,  0.01379291,  0.07496778, -0.18368847,  0.18313549, -0.22159441,  0.14045941, -0.00381669, -0.07084289,  0.18026223, -0.20071990,  0.22084350, -0.21156485,  0.24275322, -0.22777059,  0.26164850, -0.18766348,  0.09501721, -0.02119553,  0.00565093,  0.02544006, -0.01183170, -0.02945987,  0.12037330, -0.16179982,  0.11121254, -0.01121577, -0.07046042,  0.18567966, -0.26527074,  0.24632689, -0.27091813,  0.24486048, -0.15610150,  0.08906127, -0.10104345,  0.00926507
