 -0.14165557, -0.14164951, -0.14164709, -0.14164791, -0.14164853, -0.14164947, -0.14164917, -0.14164511, -0.14163650, -0.14162560, -0.14161303, -0.14159963, -0.14158531, -0.14157065, -0.14155607, -0.14154099, -0.14152558, -0.14151025, -0.14149534, -0.14148052, -0.14146606, -0.14145215, -0.14143811, -0.14142416, -0.14141100, -0.14139834, -0.14138610, -0.14137431, -0.14136253, -0.14135095, -0.14134021, -0.14132955, -0.14131956, -0.14130960, -0.14130011, -0.14129107, -0.14128229, -0.14127337, -0.14126388, -0.14125405, -0.14124498, -0.14123648, -0.14122840, -0.14122090, -0.14121353, -0.14120653, -0.14119962, -0.14119187, -0.14118438, -0.14117722
  0.41696683,  0.43723449,  0.41918879,  0.36611261,  0.29828575,  0.21696388,  0.13269043,  0.06223994,  0.01426264, -0.02183517, -0.04806908, -0.06955172, -0.08589605, -0.09675501, -0.10442933, -0.10936470, -0.10958605, -0.10622733, -0.10112124, -0.09541758, -0.08812002, -0.08162665, -0.07656894, -0.07140688, -0.06801247, -0.06352006, -0.05836514, -0.05344148, -0.04740481, -0.04323117, -0.04336786, -0.04226398, -0.04346559, -0.04342294, -0.04570712, -0.04862835, -0.05104658, -0.05246462, -0.05210199, -0.04893444, -0.04727334, -0.04577796, -0.04313272, -0.03962444, -0.03400215, -0.02931648, -0.02448637, -0.01787040, -0.01077142, -0.00420854
  0.13300890,  0.06721077, -0.00284657, -0.06917099, -0.12744035, -0.17314976, -0.20488248, -0.22375810, -0.23235196, -0.23325375, -0.22819172, -0.21894931, -0.20681626, -0.19115394, -0.17289365, -0.15463991, -0.13571290, -0.11635859, -0.09704628, -0.07949733, -0.06245535, -0.04661625, -0.03394480, -0.02276824, -0.01164254,  0.00004245,  0.01170736,  0.02302494,  0.03319603,  0.04158331,  0.04951511,  0.05773128,  0.06628303,  0.07509684,  0.08378217,  0.09347262,  0.10411286,  0.11464463,  0.12376452,  0.13227020,  0.14117383,  0.15078655,  0.16115099,  0.17241382,  0.18355647,  0.19367332,  0.20251174,  0.20801948,  0.21263668,  0.21610772
 -0.58406295, -0.27283936,  0.00605478,  0.18333740,  0.30922304,  0.32814599,  0.23699906,  0.11927816,  0.05685714,  0.01305844, -0.00592859, -0.02878218, -0.05368798, -0.06582170, -0.07795918, -0.10657301, -0.12936237, -0.14049805, -0.14372088, -0.14699273, -0.12941599, -0.10599776, -0.09457441, -0.08589174, -0.09284143, -0.09204333, -0.08055884, -0.06260168, -0.02534465,  0.00832207,  0.01949680,  0.04311272,  0.05836009,  0.08688451,  0.09844660,  0.10134623,  0.10166049,  0.09802712,  0.09074566,  0.09543052,  0.08713386,  0.07170335,  0.05819684,  0.04772498,  0.05075356,  0.04717185,  0.03956716,  0.02910858,  0.02397183,  0.01686916
 -0.04506477, -0.00566037,  0.01143550,  0.01916019,  0.00757819, -0.00684787, -0.01008279, -0.01011748, -0.02641867, -0.04878919, -0.07789056, -0.10294104, -0.12006355, -0.13621934, -0.14753164, -0.14235543, -0.12806232, -0.10770005, -0.08203299, -0.04519904, -0.00868214,  0.02952477,  0.07897304,  0.13054076,  0.18199772,  0.22437530,  0.25562932,  0.27490372,  0.27865263,  0.27297775,  0.26403859,  0.24173517,  0.21282490,  0.17132040,  0.12708257,  0.07847675,  0.02741335, -0.01974441, -0.05696450, -0.09102695, -0.11841267, -0.13946398, -0.15656525, -0.17106915, -0.18379667, -0.18556602, -0.17514186, -0.14805783, -0.11478473, -0.07633004
 -0.23532213, -0.10585798,  0.04482452,  0.14274283,  0.19804965,  0.15812712,  0.03894246, -0.07716314, -0.13539962, -0.16419387, -0.16031053, -0.14366194, -0.11446934, -0.07137872, -0.02827966,  0.00520933,  0.03893021,  0.07343719,  0.10565183,  0.13763327,  0.18014312,  0.21780743,  0.23729709,  0.23274467,  0.19303540,  0.14138556,  0.09144634,  0.04531810,  0.01225598, -0.02419754, -0.07299040, -0.11119260, -0.14753172, -0.16778886, -0.19189765, -0.21112491, -0.21495376, -0.20126173, -0.17285393, -0.13221008, -0.10259147, -0.07737882, -0.04702057, -0.00950501,  0.04282081,  0.09383658,  0.13874060,  0.17312667,  0.19142274,  0.18572410
 -0.35809337,  0.10964143,  0.36788099,  0.38987286,  0.02741256, -0.31159391, -0.36062851, -0.20954299, -0.13377673, -0.05430033, -0.00521632,  0.06076326,  0.11122637,  0.10243453,  0.06500027,  0.02973185, -0.00613379, -0.01617671,  0.01446197,  0.09089201,  0.13620237,  0.12749676,  0.07558888, -0.03515148, -0.09739597, -0.08859420, -0.00914783,  0.08195464,  0.07909344, -0.00405790, -0.02120165, -0.04908351, -0.00731554, -0.00716815,  0.00363262,  0.02492439,  0.05863510,  0.09195771,  0.09055297,  0.00916433, -0.04139070, -0.01454575,  0.05656784,  0.11789491,  0.08754112,  0.03332033, -0.03728498, -0.14347284, -0.21828021, -0.21434158
 -0.10778316,  0.01627700,  0.11472868,  0.13573955,  0.01463095, -0.14442853, -0.18331624, -0.08539339,  0.00907825,  0.07555200,  0.08512499,  0.08291704,  0.08509533,  0.03835757, -0.03683492, -0.04229631, -0.01475333, -0.00364884, -0.02604118, -0.01911896, -0.02946176, -0.04687792,  0.00946804,  0.08503445,  0.13416651,  0.10996638,  0.03833069, -0.06470310, -0.18037861, -0.21695938, -0.13192744, -0.02066739,  0.07756953,  0.08574666,  0.04197554, -0.03008072, -0.06534335, -0.00866687,  0.13005776,  0.23009147,  0.23453183,  0.12842565, -0.05716286, -0.25776794, -0.38133922, -0.34454496, -0.17014897,  0.10221758,  0.29380366,  0.31087065
 -0.05373680,  0.03187854,  0.07284102,  0.02781049, -0.08766588, -0.14121855, -0.06273442,  0.06143821,  0.11475391,  0.11206867,  0.07061816,  0.03921903,  0.02166214, -0.01648582, -0.04112633, -0.02192219, -0.02307886, -0.04402149, -0.05107602, -0.01064423,  0.01789969,  0.04608454,  0.09293476,  0.07815965, -0.00949597, -0.12607537, -0.20151574, -0.19984492, -0.11686972,  0.01914361,  0.14052375,  0.16773791,  0.12197666,  0.03751408, -0.00375459,  0.00816652,  0.06188808,  0.11847516,  0.11509562, -0.01181244, -0.20808989, -0.36090945, -0.38493862, -0.26165284, -0.04130251,  0.19883460,  0.34475428,  0.33363961,  0.13317430, -0.10828972
  0.11022075, -0.09125603, -0.11748096,  0.09253119,  0.18802827,  0.07259309, -0.05667441, -0.10470066, -0.13234076, -0.13592619, -0.16236751, -0.12442137,  0.01037254,  0.12831769,  0.18335636,  0.22298825,  0.18695939,  0.07015804, -0.06737584, -0.14025029, -0.19442222, -0.18808565, -0.06834892,  0.07026307,  0.14716129,  0.10096466,  0.01173030,  0.01429075,  0.08178737,  0.14487474,  0.14094054,  0.02763647, -0.12043166, -0.24434433, -0.23309962, -0.13130876, -0.00332870,  0.14748594,  0.29901571,  0.31529026,  0.17766752, -0.02412741, -0.15146214, -0.13551916, -0.05546639,  0.02017133,  0.04070505,  0.01408703, -0.11699541, -0.21998893
 -0.15277510,  0.09553830,  0.16125255, -0.03084994, -0.14711101, -0.04627112,  0.09007543,  0.13026174,  0.08338738,  0.00534920, -0.05671695, -0.13377641, -0.19857241, -0.18772908, -0.09255477,  0.02383346,  0.12473338,  0.20372766,  0.22946706,  0.19347434,  0.10086224, -0.03706645, -0.14737764, -0.18606388, -0.15474103, -0.06076732, -0.00299990, -0.03852241, -0.04441788,  0.03619325,  0.18298916,  0.28003990,  0.23453668,  0.05721208, -0.16306665, -0.28667347, -0.26324464, -0.14923192, -0.00268796,  0.13984023,  0.20756439,  0.18814149,  0.08776335, -0.03688409, -0.08680608, -0.02247585,  0.06364417,  0.05503325, -0.05395504, -0.19155971
  0.22090886, -0.25904928, -0.28624790,  0.29390943,  0.30140171, -0.14204242, -0.27230700, -0.03337401,  0.16691585,  0.19300802, -0.03557640, -0.14636157, -0.05318346,  0.01097837, -0.03952955, -0.05272296,  0.00270772,  0.06182812,  0.10829851,  0.11460851,  0.02826517, -0.02940813, -0.01481813,  0.03045727,  0.02157904, -0.18577726, -0.30751890, -0.09144859,  0.12890502,  0.16200352,  0.06714968, -0.02235187,  0.04336760,  0.11997253,  0.19550538,  0.07504294, -0.18530707, -0.27355483, -0.09925474,  0.06767427,  0.09280701, -0.01898772, -0.04771783,  0.07056614,  0.09150459, -0.01247008, -0.08425189, -0.01927674,  0.03209747,  0.01107296
 -0.00253990,  0.09561778, -0.13472808, -0.02993237,  0.16612453,  0.11105078, -0.15120724, -0.24609184, -0.10922841,  0.19284470,  0.24431392,  0.01209660, -0.16201120, -0.05935083,  0.11305863,  0.06100286, -0.12332934, -0.20565216, -0.09131456,  0.11263915,  0.20879516,  0.09630652, -0.10134099, -0.12242011,  0.12979899,  0.26582868,  0.04389779, -0.21374009, -0.21558264, -0.04947442,  0.14856929,  0.11248027, -0.01430647, -0.12812829, -0.02741995,  0.16765378,  0.14611853, -0.09677246, -0.22329353, -0.07614083,  0.17460040,  0.21241084,  0.00401001, -0.13855864, -0.07277638,  0.11759183,  0.17008408, -0.02370160, -0.16698707, -0.12090953
  0.13806952, -0.16859775, -0.14282889,  0.16657392,  0.13722123, -0.01282121, -0.01748882, -0.07345034, -0.16158657, -0.08323971,  0.04551625,  0.09923983, -0.00621735, -0.09797434,  0.04280381,  0.26694445,  0.26196752,  0.01648524, -0.18316583, -0.17896569, -0.00812571,  0.15557737,  0.02811566, -0.23288536, -0.26286099, -0.07763646,  0.10822447,  0.18697382,  0.08091418, -0.08169417, -0.10328983,  0.07120258,  0.19482058,  0.08751226, -0.01505407,  0.01055388,  0.05546854, -0.00306518, -0.13350482, -0.19422343, -0.09943815,  0.04249343,  0.11515431,  0.02943031, -0.19320229, -0.21287622,  0.11108740,  0.34032692,  0.12586136, -0.17436024
 -0.01175904, -0.04909009,  0.11298012,  0.02180575, -0.12203095, -0.07191214,  0.07075009,  0.11874879,  0.09567642, -0.08300465, -0.19812328, -0.15495482,  0.01592785,  0.25123701,  0.33924957,  0.11672765, -0.16732091, -0.20496060, -0.02330494,  0.05221985,  0.01087177, -0.06705725, -0.17022683, -0.16330064, -0.06369895,  0.09331007,  0.19583871,  0.17313359,  0.09543392, -0.02794434, -0.19975372, -0.19396520, -0.03166220,  0.21217345,  0.23838533,  0.05224803, -0.14714501, -0.21368230, -0.12854645,  0.07039260,  0.14308686,  0.00088991, -0.17649305, -0.19465670, -0.02323980,  0.16112991,  0.22446603,  0.09145199, -0.03436223, -0.03591021
  0.10489113, -0.04864674, -0.15375083,  0.04751185,  0.08162673,  0.02519729,  0.04052440, -0.03336071, -0.17814969, -0.12851075,  0.05357830,  0.22059006,  0.24041152,  0.12474133, -0.06693953, -0.24046067, -0.20430604, -0.02376951,  0.04968235, -0.05614761, -0.07499111,  0.04176730,  0.01156165, -0.02310783,  0.15432280,  0.23674301,  0.04971999, -0.08207965, -0.10505923, -0.19716490, -0.19165842,  0.11005603,  0.38955540,  0.21028605, -0.12032463, -0.21624117, -0.15626114, -0.09339488,  0.02059095,  0.12848883,  0.04458112, -0.13241713, -0.05538684,  0.20238579,  0.20942753,  0.04875841,  0.03188212,  0.02011671, -0.12143207, -0.19546874
  0.07326986, -0.16545721,  0.10832375,  0.03253560, -0.13008574,  0.01662990,  0.10982929, -0.06987323,  0.01994664,  0.08293253,  0.02234442, -0.03168730,  0.02862471,  0.06770924, -0.06706291, -0.09846524,  0.06028778, -0.00015356, -0.18807902, -0.09698444,  0.18178336,  0.04003582, -0.21403311,  0.11061869,  0.25296102, -0.11669608, -0.13306923,  0.20666848,  0.06778701, -0.24097101, -0.08240753,  0.27625644, -0.03936369, -0.22977896,  0.08202848,  0.17076683, -0.18264024, -0.19853427,  0.15105884,  0.15071247, -0.17631402, -0.07094163,  0.27057794,  0.06650602, -0.20693523,  0.03184588,  0.24473067, -0.04381918, -0.19171546,  0.04830876
 -0.07705728,  0.05826080,  0.08989997, -0.00251731, -0.11520550, -0.06144687,  0.08208560,  0.08334764, -0.00667218,  0.02086736,  0.04614001, -0.10753171, -0.17878935,  0.02787132,  0.12199339, -0.08294645, -0.06718440,  0.19332115,  0.12038213, -0.16627655, -0.02776603,  0.20448217, -0.04474319, -0.20772129,  0.11273631,  0.15587472, -0.21112227, -0.14314681,  0.26958027,  0.14420295, -0.20724662, -0.07839086,  0.10004754, -0.15702470, -0.21002172,  0.22263919,  0.30230214, -0.11765739, -0.16073166,  0.19252398,  0.11394103, -0.21735302, -0.07239528,  0.17800514, -0.04424097, -0.23543970,  0.01335904,  0.11372476, -0.01590233,  0.04894569
  0.16675804, -0.42604657,  0.25820807,  0.16202294, -0.21260420, -0.21006872,  0.08956134,  0.06432370,  0.26202045,  0.12157821,  0.09225227,  0.09980534, -0.06698511, -0.17251572, -0.05692951,  0.05657281, -0.13053804, -0.25071972, -0.09318580, -0.08732572, -0.11907629,  0.03400533,  0.13260620,  0.19048032,  0.07807197,  0.08044560,  0.11669496, -0.04271043, -0.10830646,  0.14724721, -0.01754219, -0.01227255, -0.16601370, -0.07335992, -0.13629782, -0.15249554,  0.02174183,  0.05309544, -0.12639123, -0.00155468,  0.18098800,  0.10357698,  0.08273842,  0.12281002,  0.10088396, -0.06675688, -0.00591920,  0.15296747, -0.09498189, -0.14081919
 -0.13266937,  0.35877213, -0.15680263, -0.19560762,  0.05033023, -0.00956407, -0.08281635,  0.23048277,  0.09642192,  0.08547427, -0.01933018, -0.07658519,  0.07751248, -0.00613921, -0.16682806, -0.07057500,  0.02488121, -0.10754353, -0.33058563, -0.04757410,  0.11338227,  0.02007459,  0.25407704,  0.21333733, -0.00138566, -0.02558165, -0.00996056,  0.03572503,  0.12076369, -0.03420423, -0.04322430, -0.22197340, -0.04677030, -0.05624297,  0.01212080,  0.06848019, -0.07680965, -0.19054416,  0.03833117,  0.17309227,  0.11877548,  0.11160463,  0.08095560,  0.08471159, -0.01700039, -0.05889847, -0.02623983,  0.20340194,  0.05950747, -0.42078668
  0.12546235, -0.11369011, -0.00513126,  0.01383032,  0.02178665,  0.06301279,  0.17595817,  0.01627849, -0.04498559, -0.18948345, -0.23822915, -0.13869300, -0.12069537, -0.18951853, -0.10964153,  0.11294831,  0.10472648,  0.01318121,  0.16044173,  0.30787212,  0.18715407,  0.07921405,  0.11105694,  0.13218767,  0.03876047, -0.01851665, -0.02003612, -0.10307361, -0.26449469, -0.20263068, -0.20038958, -0.05590033, -0.01249683,  0.13517747,  0.23078609,  0.23535871,  0.20116771,  0.15635560,  0.10666154,  0.12053541,  0.06333909, -0.10868195, -0.08477903,  0.00439886, -0.04980467, -0.16407955, -0.06968005,  0.03127359, -0.24809141, -0.19646326
  0.00569513, -0.00367683,  0.00679147, -0.11009882,  0.16709445, -0.01979166, -0.14140593,  0.07782805, -0.01769063, -0.02151812,  0.14570599,  0.12023154, -0.11754167, -0.14062762,  0.06964171,  0.07313117, -0.17039558, -0.02500183,  0.20278832,  0.09917769, -0.27677150, -0.14967628,  0.30364276, -0.03417469, -0.21087697,  0.09330198,  0.13544952, -0.02624470, -0.08073827,  0.13041129,  0.01124060, -0.12889024, -0.00297599, -0.00177407, -0.00982253,  0.11062044, -0.09784225, -0.20655529,  0.20288457,  0.17759145, -0.20730742, -0.15721070,  0.25855076,  0.06761906, -0.25753957,  0.00160138,  0.23029281,  0.02648116, -0.23257176,  0.13096317
  0.00240683,  0.01847290, -0.07432892,  0.08595423,  0.04734570, -0.21741348,  0.06169782,  0.13903432,  0.07118650,  0.16405538,  0.01638359, -0.25154952, -0.22588349, -0.03157130,  0.03028023, -0.03143752,  0.08206204,  0.19355701, -0.04079233, -0.26930122, -0.12818340,  0.25512276,  0.16185453, -0.10845519,  0.11856942,  0.23846686, -0.01167618, -0.13604708, -0.01979513, -0.06372122, -0.24179616, -0.06812533,  0.07839024,  0.06272861,  0.10689410, -0.03456007, -0.15663271,  0.18639797,  0.23359418, -0.16584421, -0.14304472,  0.21623540,  0.11401917, -0.20208059,  0.01113102,  0.22462473, -0.01443161, -0.16021856, -0.07667406, -0.04695076
  0.00802807,  0.00620843, -0.18519534,  0.09439491,  0.08935589, -0.12001908,  0.06642053, -0.01930320,  0.03429910,  0.18024069,  0.17253298,  0.16309347,  0.00181325, -0.24817460, -0.30734542, -0.18997510, -0.01980807,  0.01283729,  0.13295081,  0.24617567,  0.07569400, -0.06083850, -0.22560100, -0.24082839, -0.00668392,  0.06731550,  0.18344409,  0.30020397,  0.21623495, -0.00234867, -0.22173488, -0.17259240, -0.16831627, -0.18852774, -0.04975544, -0.01081271, -0.00837071,  0.18390450,  0.15435033,  0.05799392,  0.04547043, -0.05142342, -0.15391580, -0.12105962,  0.05583877,  0.07330541,  0.06781909,  0.10870033, -0.00141121, -0.02452712
 -0.03887573,  0.00016934,  0.02875106,  0.06533086, -0.10939750,  0.24556995, -0.37726380,  0.01329684,  0.24260120,  0.02326949,  0.09853340, -0.03929802, -0.12864312, -0.16485205, -0.13309850,  0.13278180,  0.22031249,  0.10284964,  0.06024809, -0.18354836, -0.02779234, -0.13030751, -0.27588951,  0.22154135,  0.09526542,  0.05724686,  0.18340109, -0.00834834,  0.02157576, -0.15870097, -0.07824533, -0.23820670,  0.11859357,  0.20255955, -0.02626746, -0.10932876,  0.20133606, -0.03160785, -0.12304662,  0.07877625, -0.08937637, -0.09596036, -0.02786250,  0.12559302, -0.03442330,  0.12449052,  0.17728804, -0.19176298,  0.04280845, -0.06206568
 -0.05114567,  0.06004052, -0.07256944,  0.11949241,  0.01987491, -0.20906998,  0.03652843,  0.23480833, -0.09971616, -0.07906916,  0.16000161, -0.02870757, -0.17412578, -0.11521011,  0.16107992,  0.22558479, -0.06259992, -0.12016342,  0.09302592,  0.07940506, -0.13723881, -0.24606993, -0.01220245,  0.23821447, -0.00908164, -0.07372644,  0.08382215,  0.06628118,  0.04728185, -0.24918134, -0.16150414,  0.26793558,  0.20875175, -0.28245049, -0.08220755,  0.23519810,  0.03212726, -0.11657648, -0.04939497, -0.01416911, -0.05199662,  0.02037547, -0.06033191, -0.03044010,  0.19424687,  0.13184946, -0.20994784, -0.08306203,  0.20876140, -0.04269081
 -0.03694748,  0.05279444, -0.05286044,  0.16648821, -0.20999305,  0.12637351,  0.05457699, -0.13615537, -0.17227417,  0.15404806,  0.18358020, -0.17900447, -0.02877045,  0.08708739,  0.00844963, -0.08923645, -0.09752775,  0.18444840,  0.26812583, -0.19331140, -0.17879819,  0.03876115, -0.00732831,  0.05832394, -0.13683578,  0.05752474,  0.22606052, -0.04885498, -0.05294276, -0.16910033,  0.21625027,  0.05335058, -0.27095650, -0.11457939,  0.38341813,  0.03574602, -0.14357111, -0.01228091, -0.01348427,  0.03950509, -0.02261171, -0.04654807, -0.09970569,  0.16457812,  0.06701776, -0.15198701, -0.00594274,  0.15456429,  0.09912451, -0.20859574
 -0.07210953,  0.09139787, -0.03791091,  0.06791454, -0.02178481, -0.10545776,  0.15769129, -0.23407628,  0.07497593,  0.27284046, -0.24323293,  0.15757372, -0.09685711, -0.25666971,  0.32327437, -0.10426787,  0.03358677,  0.31357936, -0.25643562,  0.06007067, -0.07051152, -0.31767108,  0.17761961, -0.04597719,  0.07310055,  0.10812746, -0.07645357,  0.16718060, -0.04555275, -0.23565393,  0.11329692, -0.01489150, -0.06321845,  0.16363604, -0.02070738, -0.04012022,  0.09332886, -0.05571513, -0.13520105,  0.05482062, -0.03206539, -0.10541537,  0.03801894,  0.01436509,  0.12626084,  0.01072603, -0.03001768,  0.06395067, -0.05872945,  0.01940052
 -0.02807853,  0.08663593, -0.12879008,  0.16345312, -0.18251221,  0.10475525,  0.01911468, -0.14409209,  0.27148573, -0.21842919,  0.04441371,  0.15295659, -0.32635423,  0.23897021,  0.04711470, -0.24512397,  0.28597499, -0.17244707, -0.07575145,  0.24091644, -0.31027777,  0.17033062,  0.07641469, -0.13206276,  0.15641943, -0.15813649,  0.08842265,  0.04872994, -0.11821369,  0.00487035,  0.09186442, -0.10448670,  0.11442965, -0.07913467, -0.04846160,  0.11523254, -0.05433241, -0.05508027,  0.04844092,  0.04934536, -0.09711505,  0.10260951, -0.05189020, -0.01367482,  0.10746876, -0.10934905,  0.02869243, -0.00503386,  0.01496512, -0.01520058
  0.06506527,  0.00867042, -0.26590583,  0.32547485, -0.21432132,  0.03333645,  0.13214151, -0.03111492,  0.11016685, -0.15602918, -0.15646596,  0.12948974,  0.12207236, -0.13211947,  0.15276346, -0.07876705, -0.23842429,  0.02416826, -0.03290419,  0.03855218,  0.21642154,  0.11965169, -0.08033363,  0.09907299, -0.21070322,  0.04349083,  0.08963562, -0.29395304,  0.15033702,  0.05761674,  0.07650730, -0.08055668,  0.03813399, -0.10629728, -0.01095790, -0.07941964,  0.11864507,  0.00414767,  0.00514084,  0.24651911, -0.23994328,  0.08650672,  0.20032138, -0.15255162, -0.16501239,  0.09948198, -0.06302366, -0.09324043,  0.14742646, -0.05895184
  0.08099648, -0.21586523,  0.19934373, -0.00156388, -0.15441404,  0.25552931, -0.19168799,  0.08424875, -0.11356702, -0.12538166,  0.10824317,  0.14145513, -0.08921659, -0.00401246,  0.09578009, -0.28572337,  0.14073301,  0.07027850,  0.03463813, -0.00331865,  0.14512067, -0.20350419,  0.03165119,  0.03392700, -0.16142261,  0.29491191, -0.25826956,  0.06494673,  0.04881189,  0.06226551, -0.06949971, -0.01560422, -0.03762807,  0.00163127,  0.04997042,  0.05952093,  0.09829958, -0.23273433,  0.23870060, -0.13884725, -0.08387650,  0.21898383, -0.08119823, -0.14079315,  0.06443147,  0.09504291, -0.18944152,  0.19330056,  0.00196608, -0.11718320
  0.01730274, -0.12506444,  0.23353871, -0.18681621,  0.22024713, -0.18007154,  0.13735157, -0.19181650,  0.01081424, -0.15915277,  0.08258537,  0.13155730, -0.07430827,  0.12405423, -0.12659234, -0.01499858, -0.05682464,  0.34155140, -0.08051039,  0.02712455, -0.00052055, -0.08716885, -0.18872138,  0.04148557,  0.10204563, -0.04993736,  0.20626495, -0.20907448, -0.01695885,  0.13974818, -0.00622617, -0.06764806, -0.11200721,  0.18043408, -0.10098962,  0.32458338, -0.11276559, -0.06407614, -0.05403171,  0.02588663, -0.11448116,  0.00700529,  0.11791483, -0.13108422,  0.06532250,  0.01996540, -0.01475039, -0.01478846,  0.26166685, -0.27707943
  0.04582358, -0.05353824, -0.01348564, -0.06612386,  0.13091991, -0.05916654, -0.05853729,  0.07885307,  0.06015024,  0.13515857, -0.13243885,  0.00215391, -0.09169269, -0.02300326,  0.13614510, -0.17425440,  0.10345618, -0.07708652,  0.01233780, -0.21882206,  0.19784314,  0.27452479, -0.05224976, -0.10442332, -0.18282048, -0.03453005,  0.24491104,  0.20793955, -0.41131181,  0.08011637,  0.02456172,  0.10794813, -0.10288892, -0.00215905, -0.12278239,  0.03145170,  0.11181530, -0.20366174,  0.17855824,  0.15412740,  0.06419034, -0.25498127, -0.04335402,  0.09325853,  0.01599075,  0.15969289, -0.21800159, -0.13138285,  0.19418383, -0.01341804
  0.01941695, -0.06226462,  0.11597989, -0.15994323,  0.16658367, -0.12108002,  0.08397602, -0.09624203,  0.11024573, -0.16542469,  0.23284751, -0.25252744,  0.24873699, -0.22267438,  0.16507744, -0.10556599,  0.00120035,  0.11284409, -0.17019660,  0.21435475, -0.25604712,  0.26226790, -0.18629645,  0.15457757, -0.16069979,  0.14118298, -0.17116134,  0.19022923, -0.10143674, -0.02182600,  0.08917914, -0.11197190,  0.11563269, -0.10936589,  0.09318726, -0.06290929,  0.04064200,  0.00166484, -0.06207595,  0.10086211, -0.09306110,  0.14605351, -0.19830880,  0.15804121, -0.10951640,  0.06348832,  0.00143743, -0.04672201,  0.03355297, -0.01595075
  0.12255078, -0.15854247,  0.07252831, -0.08870607, -0.01950890,  0.18956929, -0.10164404, -0.06071694,  0.09302437, -0.08053377,  0.10298392,  0.04465482, -0.08987087,  0.02958210, -0.15310876,  0.09169922, -0.25299916,  0.22090854, -0.09864355, -0.08716689,  0.02650907,  0.21277003,  0.34900650, -0.07088101, -0.23111126, -0.15609616,  0.00269445,  0.14029775,  0.18706492, -0.31191654,  0.06286556,  0.06095489, -0.02431229,  0.00218667, -0.12171808,  0.06432895, -0.00123463, -0.00196076, -0.06019969,  0.23323840,  0.16003496,  0.08667355, -0.18828168, -0.24442076,  0.15321551,  0.04048706,  0.05632434, -0.21226015, -0.05920546,  0.06881923
 -0.01093556,  0.06661867, -0.03675994,  0.02461567, -0.01964716, -0.02109329,  0.14303750, -0.12293605, -0.19726842,  0.04964561, -0.05090716,  0.15209351,  0.08009628, -0.05038330,  0.00786549, -0.23536914,  0.07496027,  0.04932939,  0.29208193, -0.14715889, -0.24114976,  0.06986087,  0.09698565,  0.25550409,  0.04718630, -0.33091163, -0.05112959,  0.13551557, -0.01643446,  0.14040483, -0.16756807, -0.00234708, -0.00254229,  0.05329924,  0.01662125,  0.00293480,  0.20964785, -0.12900957, -0.17013980, -0.05936709,  0.24805569,  0.15745276,  0.01741749, -0.19299835, -0.26229885,  0.25683153,  0.11838392, -0.06474429, -0.05867949, -0.12472976
 -0.04291845,  0.08394333, -0.03794621, -0.01141961,  0.03709379, -0.08763098,  0.18571396, -0.33073161,  0.23109300, -0.06033666,  0.05971036, -0.04140174, -0.02210092,  0.09372360, -0.09706641, -0.00196186,  0.21244953, -0.16587204,  0.12622927, -0.17623514,  0.04818175, -0.00340369, -0.06990638,  0.24214116, -0.34737714,  0.20540371, -0.04870263, -0.05148271,  0.13506873, -0.13148252,  0.08574811, -0.07657782,  0.10081835,  0.04283084, -0.13589784,  0.17286107, -0.16555987,  0.03458019, -0.01963375, -0.06744696,  0.19176763, -0.21008400,  0.10601781, -0.08525143,  0.01263802,  0.15752017, -0.18634687,  0.17909031, -0.21650654,  0.14667431
 -0.01647811,  0.01868927, -0.02576861,  0.08587333, -0.08276386,  0.00799515,  0.04959405, -0.05020036,  0.00629916, -0.09999457,  0.15962944, -0.15910031,  0.17567682, -0.07231840, -0.03797127,  0.02392992,  0.01116701,  0.07935601,  0.07473264, -0.25902585,  0.23902954, -0.21633924,  0.11991969, -0.08773392,  0.07906865, -0.05359656, -0.03575465,  0.23189712, -0.37252416,  0.26642729,  0.01426108, -0.22791862,  0.27781748, -0.18559816,  0.06353675,  0.10193440, -0.08860668,  0.05886165, -0.19810610,  0.17279366, -0.09498176,  0.02415069,  0.07728986, -0.23168201,  0.23736213, -0.09471424,  0.03998442,  0.01996679, -0.06745043,  0.04139383
 -0.03376415,  0.01952260,  0.07581249, -0.03810072, -0.06055903,  0.08192707,  0.02313496, -0.20721741, -0.00138024,  0.13049751, -0.06568460,  0.02617793,  0.14357349, -0.12845652, -0.05066194,  0.02152775,  0.25119725,  0.07522435, -0.25923752,  0.03212126, -0.01761601, -0.06174019,  0.10111797,  0.00774563, -0.16901900, -0.03606536,  0.29903400, -0.33187481,  0.06804061,  0.26674635, -0.34482789,  0.19328916,  0.11321548, -0.18426447,  0.19672375,  0.01398024, -0.07383019, -0.17428878,  0.02813221,  0.05007066,  0.03789833,  0.03703476, -0.26189227,  0.07398549,  0.11279880,  0.01153043,  0.02842932, -0.07938715, -0.10989591,  0.16929802
 -0.00000337, -0.01567170,  0.04355080, -0.04941689,  0.07942087, -0.09331809,  0.03179149, -0.02101897,  0.17135628, -0.32826266,  0.18751057, -0.07090554,  0.23368555, -0.28356702,  0.13823720, -0.13548732,  0.24458824, -0.20556448,  0.17063562, -0.16777511,  0.10556996, -0.12587618,  0.24532603, -0.32328221,  0.23577473, -0.04815996,  0.04510307, -0.17324255,  0.19575192, -0.16986351,  0.09019031,  0.11201615, -0.21939838,  0.07091618,  0.07657568,  0.00451389, -0.01286413, -0.04224676, -0.04002152,  0.04790170,  0.02994286, -0.01295612, -0.03985111,  0.05549370, -0.07197474,  0.08208257, -0.00263269, -0.08634904,  0.08955694, -0.04778659
  0.07187460, -0.07548763, -0.00789515, -0.08213428,  0.09065854,  0.06722146, -0.02438572, -0.15678321,  0.13751315,  0.14822411,  0.08621585, -0.36789794, -0.01981110,  0.11350828,  0.29520385, -0.30503162, -0.15924964, -0.00903818,  0.08432783,  0.04496494,  0.20042753, -0.18691578,  0.07887271,  0.12317753, -0.05986094, -0.26852520,  0.23808641, -0.02132466,  0.08004562, -0.05609588, -0.13198708,  0.00035014,  0.15100538,  0.04389371, -0.28532479, -0.03361267,  0.07809713,  0.16787623,  0.15625610, -0.16534824, -0.07371510,  0.12901886, -0.03019633,  0.08420020, -0.05936805, -0.18219729,  0.08605201,  0.07863474, -0.03568160, -0.03786838
  0.00510538,  0.01769580,  0.02413683, -0.01518646, -0.10959137,  0.05112497,  0.15608800, -0.05890972, -0.31497514,  0.06222667,  0.31481972,  0.02757010, -0.14635904, -0.23118603,  0.17393691,  0.17480958, -0.03407953, -0.07934933, -0.11643674, -0.04076688,  0.09624980,  0.16592078, -0.11181443,  0.04353042,  0.18854434, -0.32088617,  0.02746609, -0.06910295,  0.11264999,  0.04546159,  0.11041786, -0.28394904,  0.05371731,  0.24902347, -0.01736477, -0.09975431, -0.11111940, -0.14021096,  0.24187815,  0.09034707, -0.00619020, -0.03365147, -0.09432897, -0.00557641,  0.07503746,  0.06962797, -0.23028808,  0.11766253, -0.13588672,  0.11189219
  0.00971199,  0.03288176, -0.01041693, -0.05129713,  0.01042953, -0.01988263,  0.18552225, -0.20920269, -0.09375556,  0.02239932,  0.27881551, -0.01623133, -0.33528956,  0.16935976,  0.01652648,  0.03231688,  0.07188162, -0.19390199, -0.04848129,  0.06261957,  0.14993387, -0.12053796,  0.14392980,  0.06887127, -0.14808126,  0.09734283, -0.23352579,  0.09324159,  0.04494331,  0.15648988, -0.23865611,  0.09356728, -0.07896501,  0.12712290,  0.14361508, -0.30761513,  0.00108750,  0.13349325, -0.08504935,  0.24389125, -0.05123693, -0.11983268,  0.04188234,  0.05293486, -0.05279190, -0.03438927,  0.08002914, -0.25123943,  0.24512409, -0.10962239
  0.04009918, -0.05574426,  0.00261241,  0.00020676,  0.05990209, -0.08347334, -0.06839524,  0.31263953, -0.18065025, -0.11707004,  0.01827329,  0.25443779, -0.18120760, -0.10009220,  0.24148734, -0.29322451,  0.12961928,  0.08266039, -0.12477336, -0.06890732,  0.15888393, -0.00506978, -0.06244393,  0.17881744, -0.11382452, -0.02251016,  0.04834203, -0.09114448,  0.02920032, -0.02060910,  0.12697324, -0.13551446,  0.06076640, -0.10918158,  0.10012143,  0.09342100, -0.29261129,  0.29322181, -0.12792512, -0.06895400,  0.26407483, -0.10433054, -0.06242888,  0.06220536, -0.03671108, -0.11693558,  0.23290883, -0.17007357, -0.03775037,  0.06066436
  0.06748615, -0.16959497,  0.09272674,  0.08445888, -0.13339331,  0.04700083,  0.01679318,  0.15640666, -0.36135101,  0.28819023,  0.02669474, -0.28901173,  0.21460230,  0.04653029, -0.08557199, -0.16394938,  0.29765349, -0.15592103, -0.07861511,  0.24176316, -0.15211132, -0.00319897,  0.07867226, -0.06148961, -0.09250213,  0.07352077,  0.06962461, -0.09652215,  0.06150806, -0.08339556,  0.11442964, -0.09609442,  0.01261995,  0.13193041, -0.23841160,  0.15276276,  0.01702180,  0.03227407, -0.16761132,  0.17479254, -0.05899311, -0.10267766,  0.16591591, -0.16547280,  0.05416486,  0.05118450,  0.01600824, -0.12039353,  0.08414047,  0.00541051
 -0.00644540,  0.03900393, -0.17141949,  0.22756589, -0.07309834, -0.09599078,  0.01214853,  0.18445364,  0.00421302, -0.28531682,  0.32715581, -0.20843545, -0.00993060,  0.19005712, -0.11067848, -0.07946207, -0.02199665,  0.29913849, -0.30567176,  0.12905680,  0.03100269, -0.12590150,  0.03824074, -0.01089534, -0.01351644, -0.04549707,  0.13610969, -0.00831977, -0.12243991,  0.05645513, -0.01547223,  0.11213118, -0.16235469,  0.08049531,  0.00349852, -0.12587263,  0.21458054, -0.08789114, -0.02725603, -0.12992561,  0.21394366, -0.18982107,  0.09835664,  0.00382244, -0.12100278,  0.15966556, -0.05657436,  0.08620838, -0.17387151,  0.13778114
 -0.03913288,  0.11175083, -0.08358003,  0.07069607, -0.17670717,  0.24575266, -0.12502210, -0.09874770,  0.10385967, -0.06676943,  0.08211250, -0.07911019,  0.17019009, -0.29004904,  0.19082816,  0.05840186, -0.10163175,  0.01194103, -0.04212566,  0.08807936, -0.13100586,  0.13863360, -0.05514799,  0.05526950, -0.00139269,  0.03707174, -0.14033824,  0.07672334, -0.03931629,  0.15763197, -0.21429084,  0.15966959, -0.13721434,  0.15510112, -0.12416774,  0.16753040, -0.21415425,  0.03181884,  0.17108023, -0.19418753,  0.23667406, -0.23480520,  0.20266182, -0.15109620,  0.15181951, -0.16619965,  0.10619568, -0.12010237,  0.15643559, -0.11165386
 -0.01901843,  0.05366042, -0.13857675,  0.19775547, -0.08168985, -0.19864066,  0.25440417,  0.02022074, -0.06296745, -0.02384429,  0.00771663, -0.00352996,  0.06451750,  0.00040366, -0.14796045,  0.09385524,  0.03767337, -0.02781343,  0.01068270, -0.10729809,  0.10510368, -0.08634181,  0.01767465,  0.07490590, -0.11158432,  0.13396303, -0.07586148,  0.03168905, -0.08031103,  0.01194643,  0.13076938, -0.07415434, -0.11009874,  0.19660092, -0.24330016,  0.16714625,  0.05316930, -0.25619922,  0.23199174, -0.13392866, -0.02199474,  0.23938630, -0.29727538,  0.16055086,  0.02211837, -0.19800721,  0.33707957, -0.26879244,  0.03514246,  0.07907905
 -0.01931796,  0.03886441,  0.00455831, -0.11136173,  0.20100030, -0.16631046,  0.00055145,  0.07647050,  0.00150403, -0.04974711,  0.02753550, -0.00113354, -0.00037172, -0.00705359,  0.05087321, -0.10008623,  0.10697727, -0.06367476,  0.05582534, -0.05023435, -0.04229735,  0.11649652, -0.16133169,  0.14592097, -0.06383668, -0.01582623,  0.05865222, -0.07141478,  0.08061447, -0.08676708,  0.03288562,  0.06937053, -0.08677628, -0.00515779,  0.15219816, -0.27569773,  0.29366508, -0.21188391,  0.06281200,  0.03252191, -0.05465682, -0.02471912,  0.20019149, -0.36282833,  0.42062126, -0.35721876,  0.18852962,  0.02169336, -0.12349006,  0.07286626
  0.05339154, -0.13329276,  0.11712822, -0.02834407, -0.03235699, -0.00325119,  0.13144172, -0.13238124,  0.01041438,  0.05283808, -0.02604241, -0.02931949,  0.01628449,  0.03058324, -0.07300565,  0.05975053, -0.05511068,  0.00954005, -0.02797483,  0.08237094,  0.00674265, -0.07116473,  0.11495934, -0.11664846,  0.04577698,  0.01176282,  0.01015710, -0.03757504,  0.05797940, -0.09750850,  0.17122711, -0.28855665,  0.32717217, -0.29095646,  0.18775889, -0.11877245,  0.15245336, -0.18528271,  0.26519921, -0.29639095,  0.29185400, -0.24293845,  0.13718923, -0.01382000, -0.04608401,  0.02393962,  0.06788687, -0.19955348,  0.24151189, -0.13099431
