 -0.01595065, -0.02214535, -0.02889302, -0.03591196, -0.04294691, -0.04973939, -0.05657783, -0.06339037, -0.06970662, -0.07556358, -0.08089429, -0.08600000, -0.09103799, -0.09551799, -0.09956020, -0.10390209, -0.10811738, -0.11203453, -0.11566262, -0.11948557, -0.12299481, -0.12640190, -0.13040617, -0.13455746, -0.13858464, -0.14223969, -0.14563388, -0.14885219, -0.15198703, -0.15532845, -0.15874073, -0.16191354, -0.16492124, -0.16768965, -0.17049406, -0.17308221, -0.17547330, -0.17795073, -0.18082239, -0.18367076, -0.18630437, -0.18867444, -0.19073086, -0.19239300, -0.19383094, -0.19534004, -0.19699499, -0.19934548, -0.20160206, -0.20385083
  0.16827588,  0.18385337,  0.20061488,  0.21697968,  0.23011214,  0.23981856,  0.24581774,  0.24705878,  0.24307016,  0.23577813,  0.22581915,  0.21442315,  0.20200927,  0.18833310,  0.17399508,  0.15996676,  0.14579303,  0.13156027,  0.11753838,  0.10430471,  0.09120197,  0.07864563,  0.06732008,  0.05660891,  0.04646090,  0.03630182,  0.02624815,  0.01644818,  0.00677765, -0.00223137, -0.01053582, -0.01907690, -0.02742364, -0.03605294, -0.04429578, -0.05257697, -0.06097984, -0.06923098, -0.07704512, -0.08487567, -0.09239569, -0.09978124, -0.10718586, -0.11461301, -0.12202775, -0.12881575, -0.13501787, -0.14025839, -0.14517026, -0.14956760
  0.40437903,  0.42048783,  0.39365594,  0.32890277,  0.24904841,  0.15631823,  0.06321245, -0.01208570, -0.06129505, -0.09647707, -0.12028536, -0.13825954, -0.15002077, -0.15568043, -0.15778078, -0.15637450, -0.14969800, -0.13928059, -0.12722593, -0.11453054, -0.10052194, -0.08772492, -0.07635188, -0.06495087, -0.05557613, -0.04528378, -0.03453267, -0.02427587, -0.01314991, -0.00417873,  0.00010988,  0.00550673,  0.00825424,  0.01208612,  0.01339281,  0.01396782,  0.01509437,  0.01746447,  0.02204022,  0.02953842,  0.03524216,  0.04064261,  0.04713396,  0.05433994,  0.06361530,  0.07181450,  0.08014987,  0.09066433,  0.10142232,  0.11134686
 -0.60577556, -0.28188543,  0.00630146,  0.19113577,  0.32276790,  0.34705331,  0.26178651,  0.14895938,  0.08877347,  0.04550046,  0.02530830,  0.00069962, -0.02610297, -0.04116656, -0.05664499, -0.08736065, -0.11210276, -0.12547396, -0.13121027, -0.13656797, -0.12198781, -0.10175460, -0.09211824, -0.08452266, -0.09214325, -0.09262139, -0.08312675, -0.06767264, -0.03338893, -0.00214656,  0.00711111,  0.02834927,  0.04110978,  0.06670927,  0.07598343,  0.07661670,  0.07452070,  0.06887049,  0.06060882,  0.06458632,  0.05596029,  0.04028301,  0.02627264,  0.01482568,  0.01651486,  0.01207319,  0.00429893, -0.00458255, -0.00794469, -0.01279580
 -0.04552008, -0.00607431,  0.01122247,  0.01914086,  0.00781619, -0.00646162, -0.00980127, -0.01006043, -0.02644740, -0.04881378, -0.07778494, -0.10267870, -0.11964489, -0.13556152, -0.14660039, -0.14126410, -0.12684499, -0.10635256, -0.08055499, -0.04367047, -0.00707846,  0.03117723,  0.08051496,  0.13187222,  0.18301612,  0.22506484,  0.25598292,  0.27491851,  0.27837266,  0.27237316,  0.26305120,  0.24043593,  0.21125161,  0.16958648,  0.12520906,  0.07652348,  0.02544202, -0.02171477, -0.05895321, -0.09296835, -0.12028037, -0.14122517, -0.15817060, -0.17246476, -0.18493461, -0.18648514, -0.17589544, -0.14877295, -0.11547985, -0.07703680
 -0.22856066, -0.10023835,  0.04653082,  0.14084869,  0.19273450,  0.15225892,  0.03643985, -0.07515879, -0.13104655, -0.15865305, -0.15503334, -0.13874604, -0.10979151, -0.06782667, -0.02604198,  0.00759987,  0.04169498,  0.07618430,  0.10792045,  0.13968061,  0.18083525,  0.21683510,  0.23602218,  0.23185920,  0.19325465,  0.14219444,  0.09220942,  0.04551298,  0.01110381, -0.02611712, -0.07468966, -0.11321368, -0.14989777, -0.17129842, -0.19597954, -0.21573781, -0.22014358, -0.20659470, -0.17750256, -0.13633558, -0.10583961, -0.07974576, -0.04893757, -0.01155273,  0.04015394,  0.09115692,  0.13671455,  0.17317668,  0.19348898,  0.18979823
 -0.35927452,  0.10930767,  0.36868755,  0.39146764,  0.02844858, -0.31191110, -0.36166675, -0.21030235, -0.13431569, -0.05473592, -0.00583630,  0.06008690,  0.11071707,  0.10173982,  0.06386342,  0.02866745, -0.00697342, -0.01693501,  0.01360173,  0.09030293,  0.13576031,  0.12711058,  0.07576169, -0.03446202, -0.09643106, -0.08776288, -0.00853516,  0.08232428,  0.07903491, -0.00432387, -0.02114600, -0.04874958, -0.00670256, -0.00673186,  0.00374252,  0.02455725,  0.05799860,  0.09166504,  0.09123830,  0.01060536, -0.03963023, -0.01287221,  0.05785670,  0.11862984,  0.08782712,  0.03371715, -0.03629071, -0.14131987, -0.21541579, -0.21151101
  0.10537386, -0.01769946, -0.11345380, -0.13161055, -0.01122608,  0.14461952,  0.18122880,  0.08307917, -0.01161656, -0.07811452, -0.08794908, -0.08543771, -0.08672904, -0.03973181,  0.03507532,  0.04065165,  0.01323087,  0.00202389,  0.02423940,  0.01798369,  0.02887788,  0.04661049, -0.00890644, -0.08400503, -0.13290735, -0.10879103, -0.03693226,  0.06662482,  0.18211085,  0.21797693,  0.13272279,  0.02106780, -0.07706942, -0.08557438, -0.04208452,  0.02950240,  0.06449681,  0.00843986, -0.12866309, -0.22747831, -0.23107871, -0.12430570,  0.06176150,  0.26240038,  0.38519165,  0.34755685,  0.17254921, -0.09972930, -0.29140847, -0.30873185
 -0.05385379,  0.03332858,  0.07354172,  0.02631812, -0.09001394, -0.14217848, -0.06193502,  0.06297285,  0.11641550,  0.11361237,  0.07220461,  0.04058510,  0.02230057, -0.01636005, -0.04110734, -0.02219086, -0.02338371, -0.04388923, -0.05031906, -0.00982124,  0.01857301,  0.04634620,  0.09214748,  0.07644302, -0.01139080, -0.12714704, -0.20140664, -0.19904795, -0.11593263,  0.01977088,  0.14059930,  0.16750356,  0.12169389,  0.03752053, -0.00359728,  0.00829041,  0.06164612,  0.11721913,  0.11231486, -0.01535041, -0.21099706, -0.36218013, -0.38453569, -0.26033259, -0.03990963,  0.19952483,  0.34434664,  0.33215446,  0.13196553, -0.10812231
  0.11034599, -0.09545523, -0.11907095,  0.09674692,  0.19317897,  0.07377399, -0.05874467, -0.10711665, -0.13447606, -0.13783977, -0.16492464, -0.12735517,  0.00760812,  0.12498360,  0.17919054,  0.21927659,  0.18379227,  0.06721674, -0.06973049, -0.14055995, -0.19273665, -0.18489165, -0.06383264,  0.07457626,  0.14969007,  0.10065178,  0.00918555,  0.01122839,  0.07905444,  0.14311428,  0.14111418,  0.02980509, -0.11649131, -0.24017601, -0.22972381, -0.12956256, -0.00296998,  0.14808549,  0.30152804,  0.31896649,  0.18101949, -0.02195766, -0.15009614, -0.13389732, -0.05317180,  0.02381974,  0.04611363,  0.02048953, -0.11329791, -0.22147762
 -0.15288222,  0.09636216,  0.16151256, -0.03200031, -0.14785644, -0.04568233,  0.09090088,  0.13031202,  0.08299267,  0.00493007, -0.05664661, -0.13353732, -0.19849791, -0.18743632, -0.09176927,  0.02467530,  0.12546873,  0.20442072,  0.23009484,  0.19376114,  0.10101897, -0.03696004, -0.14755583, -0.18637883, -0.15493416, -0.06051516, -0.00269673, -0.03876253, -0.04492555,  0.03573392,  0.18255243,  0.27966590,  0.23401124,  0.05675955, -0.16338990, -0.28646055, -0.26239459, -0.14832311, -0.00233657,  0.13982558,  0.20737033,  0.18775434,  0.08693299, -0.03821264, -0.08818208, -0.02363275,  0.06270613,  0.05403646, -0.05470115, -0.19187594
  0.22101321, -0.25847248, -0.28741428,  0.29257723,  0.30248245, -0.13947864, -0.27146813, -0.03502471,  0.16485581,  0.19264474, -0.03455227, -0.14668680, -0.05605062,  0.00762602, -0.04146902, -0.05406095,  0.00150742,  0.06151007,  0.10995221,  0.11816740,  0.03340131, -0.02435512, -0.01232582,  0.03051191,  0.02139053, -0.18530536, -0.30878506, -0.09574430,  0.12365088,  0.15782124,  0.06554693, -0.02106893,  0.04652555,  0.12352884,  0.19859990,  0.07820194, -0.18279693, -0.27332029, -0.10087962,  0.06697828,  0.09434031, -0.01667951, -0.04706865,  0.06913817,  0.08918815, -0.01398995, -0.08409386, -0.01925309,  0.03079899,  0.00812127
 -0.00306265,  0.09520123, -0.13331345, -0.03078190,  0.16497469,  0.11266990, -0.14844412, -0.24630273, -0.11249641,  0.18949405,  0.24468893,  0.01504149, -0.16066276, -0.06143034,  0.10984085,  0.05910817, -0.12461871, -0.20789332, -0.09454441,  0.11030181,  0.20929951,  0.09939394, -0.09803470, -0.12101214,  0.12975514,  0.26749750,  0.04713610, -0.21290364, -0.21875875, -0.05426858,  0.14594592,  0.11457305, -0.01020600, -0.12557541, -0.02819430,  0.16600499,  0.14662748, -0.09465024, -0.22222942, -0.07683710,  0.17374529,  0.21383679,  0.00750814, -0.13581076, -0.07213619,  0.11800088,  0.17278483, -0.01987917, -0.16630361, -0.12410286
  0.13843473, -0.16934601, -0.14239652,  0.16616687,  0.13651170, -0.01218770, -0.01543063, -0.07232954, -0.16262769, -0.08597544,  0.04408875,  0.10035892, -0.00466458, -0.09896832,  0.03939274,  0.26422454,  0.26164794,  0.01761426, -0.18254231, -0.17939965, -0.00840988,  0.15696695,  0.03116634, -0.23020833, -0.26260952, -0.07864874,  0.10779393,  0.18668661,  0.07950070, -0.08415109, -0.10548239,  0.07173331,  0.19748377,  0.09016732, -0.01477382,  0.00899825,  0.05484034, -0.00131109, -0.13088196, -0.19309268, -0.10046935,  0.04148059,  0.11629249,  0.03184229, -0.19194691, -0.21375481,  0.10990498,  0.34072208,  0.12621789, -0.17575087
 -0.01363917, -0.04713976,  0.11395397,  0.02157495, -0.12182527, -0.07265090,  0.06817543,  0.11826085,  0.09865879, -0.07907013, -0.19789626, -0.15984643,  0.00965287,  0.24896226,  0.34330780,  0.12456729, -0.16069394, -0.20224977, -0.02280063,  0.05350259,  0.01213599, -0.06797641, -0.17261587, -0.16698109, -0.06873070,  0.08842265,  0.19370924,  0.17435516,  0.09974803, -0.02149478, -0.19482578, -0.19672250, -0.03989821,  0.20631308,  0.23971187,  0.05816868, -0.14182691, -0.21230496, -0.13136862,  0.06623361,  0.14201327,  0.00265532, -0.17732951, -0.20031349, -0.02940126,  0.15785956,  0.22271591,  0.09086046, -0.03136788, -0.03061837
  0.10480459, -0.05040108, -0.14809114,  0.04446112,  0.07622474,  0.02708445,  0.04807419, -0.02694286, -0.17561102, -0.13761985,  0.03975377,  0.21148079,  0.23891443,  0.12752378, -0.06395772, -0.24024527, -0.20865309, -0.02815030,  0.05214857, -0.04870885, -0.06916350,  0.04460048,  0.01609528, -0.01795377,  0.15187910,  0.23340719,  0.05273863, -0.08019780, -0.10950320, -0.20455819, -0.20160809,  0.10200274,  0.38839188,  0.22405132, -0.10423221, -0.21137465, -0.15898185, -0.09348484,  0.02430733,  0.13362219,  0.04861371, -0.13097257, -0.05921955,  0.19534323,  0.20748448,  0.05195547,  0.03477624,  0.02063049, -0.12353723, -0.20113208
  0.07280857, -0.16303085,  0.10765692,  0.03057785, -0.13021498,  0.01918761,  0.11295088, -0.06867557,  0.01740624,  0.07877867,  0.01778208, -0.03654367,  0.02570038,  0.06851784, -0.06542399, -0.09907090,  0.06124269,  0.00477841, -0.18310821, -0.09423647,  0.18561067,  0.04457974, -0.21332711,  0.10876791,  0.25285028, -0.11761570, -0.13738435,  0.20402124,  0.06856562, -0.24367612, -0.08813189,  0.27380392, -0.03682343, -0.22661870,  0.08617998,  0.17737489, -0.17831953, -0.19863186,  0.15211046,  0.15449999, -0.17566697, -0.07464320,  0.26748067,  0.06510743, -0.21022060,  0.02805166,  0.24376743, -0.04477187, -0.19349923,  0.04710544
 -0.07718424,  0.05781558,  0.08811128,  0.00023111, -0.11340811, -0.06505225,  0.07748286,  0.08202643, -0.00608930,  0.02501213,  0.05348621, -0.10001432, -0.17502056,  0.02859107,  0.12269282, -0.08348687, -0.07031239,  0.19066938,  0.11894560, -0.17088078, -0.03549635,  0.20014930, -0.04635020, -0.21133465,  0.11244592,  0.16162542, -0.20698973, -0.14369175,  0.27121224,  0.15043280, -0.20239293, -0.07717414,  0.10193376, -0.15957014, -0.21987554,  0.21350462,  0.30051872, -0.11820933, -0.16559312,  0.18868759,  0.11529456, -0.21668235, -0.07339244,  0.18186711, -0.03764234, -0.23348338,  0.01226016,  0.11546126, -0.01286521,  0.05093252
  0.17609293, -0.43639540,  0.26004778,  0.16185074, -0.21453227, -0.20454673,  0.10095121,  0.06425531,  0.26014087,  0.11075584,  0.07880311,  0.09176553, -0.07177589, -0.17818530, -0.06109039,  0.05936286, -0.12659899, -0.24944723, -0.08563987, -0.07389446, -0.10636442,  0.04310186,  0.13955086,  0.20070632,  0.07973594,  0.07383583,  0.11279295, -0.04716528, -0.12246393,  0.13336184, -0.02932239, -0.01291353, -0.16646735, -0.06228805, -0.11872112, -0.14181727,  0.02539419,  0.05964523, -0.11791313,  0.00478158,  0.18227805,  0.10178045,  0.08105838,  0.11735525,  0.09350016, -0.07307867, -0.00834367,  0.14956816, -0.10799866, -0.15243614
 -0.12225502,  0.34615243, -0.15040006, -0.19614096,  0.04816189,  0.00004993, -0.06326113,  0.23245461,  0.09107241,  0.06272922, -0.04693409, -0.09812055,  0.05906964, -0.02116111, -0.17172634, -0.06192567,  0.03251563, -0.10102913, -0.31212313, -0.02414379,  0.13212578,  0.03817187,  0.27036379,  0.22610930,  0.00000458, -0.03127960, -0.01771173,  0.02050614,  0.09640366, -0.05191242, -0.06303243, -0.22851192, -0.04750342, -0.03777280,  0.03937127,  0.09404842, -0.05395858, -0.17195425,  0.04957471,  0.18285615,  0.12443372,  0.10678138,  0.07500499,  0.07910268, -0.02613481, -0.07246844, -0.03219295,  0.20167126,  0.04053435, -0.43549942
  0.11473353, -0.11888569,  0.01084946,  0.02297843,  0.02572972,  0.07322392,  0.17420520, -0.00143839, -0.06550326, -0.20737895, -0.24886184, -0.15426194, -0.14478376, -0.18411175, -0.08195841,  0.12111637,  0.10705090,  0.04211721,  0.19722075,  0.30535913,  0.17082810,  0.07639233,  0.08975791,  0.09873461,  0.03400385, -0.01414644, -0.02604555, -0.11109524, -0.26859913, -0.19964820, -0.18958241, -0.03922834,  0.00187042,  0.14542779,  0.23492643,  0.24602190,  0.22481089,  0.17764145,  0.10653361,  0.09834030,  0.04034776, -0.12016505, -0.08808000, -0.00442419, -0.05035014, -0.14735200, -0.06013124,  0.00705294, -0.23571136, -0.13056730
  0.00572821, -0.00315236,  0.00528208, -0.11042833,  0.16702154, -0.02042190, -0.14223296,  0.07723139, -0.01679555, -0.01895352,  0.14941118,  0.12501642, -0.11376723, -0.14055647,  0.06717377,  0.07072568, -0.17219481, -0.02760527,  0.20126902,  0.10014354, -0.27627216, -0.15167577,  0.30132776, -0.03493714, -0.21196860,  0.09227251,  0.13706790, -0.02252248, -0.07703653,  0.13270369,  0.01228457, -0.12967553, -0.00530091, -0.00502095, -0.01273877,  0.10811940, -0.10023190, -0.20863774,  0.20189753,  0.17895704, -0.20567505, -0.15745619,  0.25764705,  0.06804435, -0.25709207,  0.00105731,  0.23077830,  0.02886162, -0.23124886,  0.12970846
  0.00574523, -0.00897455, -0.05735343, -0.01055792,  0.01674068,  0.09659507, -0.00422000, -0.11781683, -0.03334066, -0.02163893,  0.08440319,  0.29494055,  0.18206013, -0.12999475, -0.21353365, -0.08091830, -0.06816955, -0.15105791,  0.10615036,  0.37052719,  0.15413640, -0.24398194, -0.26320261, -0.04803539, -0.09112524, -0.14748902,  0.12001029,  0.28715564,  0.13672644,  0.03834528,  0.05185608, -0.04868402, -0.16194224, -0.16265831, -0.11080092,  0.02556456,  0.12098524, -0.03772192, -0.09440183,  0.16968846,  0.14569500, -0.20708773, -0.18782229,  0.09356770,  0.03017222, -0.14217794,  0.04373690,  0.19691895,  0.05160453,  0.00761465
  0.00848313,  0.01655854, -0.19387189,  0.12743431,  0.10009919, -0.22779505,  0.09133751,  0.06935398,  0.07086318,  0.24285404,  0.14618809, -0.02202448, -0.13443116, -0.21872236, -0.22828701, -0.16866410,  0.03572497,  0.12577146,  0.08029510,  0.03644274, -0.01526688,  0.10392065, -0.08244351, -0.25527148,  0.06774632,  0.19783567,  0.13963289,  0.15749499,  0.15864327, -0.04286531, -0.32445258, -0.17867983, -0.08679795, -0.11264634,  0.02562518, -0.02828678, -0.10060147,  0.25918326,  0.26368758, -0.05288654, -0.04885190,  0.08810064, -0.05532362, -0.21708375,  0.05257006,  0.19211825,  0.04353850, -0.00875570, -0.04931861, -0.05122834
 -0.03773325, -0.00070018,  0.02929408,  0.06375768, -0.11079758,  0.24781093, -0.37958106,  0.01189289,  0.24446451,  0.02518385,  0.10087994, -0.03795394, -0.12476502, -0.16088647, -0.13502608,  0.12971776,  0.21923230,  0.10243681,  0.05826841, -0.18882703, -0.02773984, -0.12563795, -0.27526215,  0.22050381,  0.09397379,  0.05781191,  0.18325806, -0.01034882,  0.02306638, -0.15338321, -0.07563840, -0.24111978,  0.11620788,  0.20413454, -0.02640973, -0.11453719,  0.19702945, -0.03298208, -0.12249191,  0.07899761, -0.08922787, -0.09380763, -0.02570475,  0.12548305, -0.03770452,  0.12389804,  0.17978950, -0.19160983,  0.04162469, -0.06346436
 -0.05078967,  0.06061797, -0.07271581,  0.11985649,  0.01737328, -0.20783746,  0.03102900,  0.23723753, -0.09555990, -0.07651338,  0.16356315, -0.03099360, -0.17411301, -0.11393156,  0.16091567,  0.22900929, -0.05980684, -0.12023261,  0.09043166,  0.07057076, -0.13976211, -0.24497788, -0.01219129,  0.24447266, -0.00761041, -0.07138775,  0.08589221,  0.06196160,  0.04636465, -0.25013297, -0.16203694,  0.26595263,  0.21107230, -0.27989060, -0.08154895,  0.23120780,  0.02873107, -0.12002106, -0.05071969, -0.01409420, -0.05397300,  0.02179265, -0.05798656, -0.02811127,  0.19317844,  0.13314161, -0.20928818, -0.08637816,  0.20778781, -0.04759096
 -0.03698690,  0.05268986, -0.05265936,  0.16622897, -0.20970993,  0.12670375,  0.05562788, -0.13751903, -0.17268317,  0.15416396,  0.18214027, -0.17869177, -0.02854656,  0.08694880,  0.00838784, -0.09046941, -0.09762412,  0.18529330,  0.26814527, -0.19202984, -0.17816223,  0.03896112, -0.00703825,  0.05658033, -0.13688347,  0.05756556,  0.22545562, -0.04825754, -0.05324658, -0.16872685,  0.21697866,  0.05293715, -0.27206381, -0.11393116,  0.38385158,  0.03584288, -0.14296375, -0.01132021, -0.01324881,  0.03953581, -0.02219394, -0.04705921, -0.09994963,  0.16447467,  0.06686629, -0.15272131, -0.00551594,  0.15549495,  0.09853780, -0.20772314
 -0.07157866,  0.09162702, -0.03801919,  0.06721279, -0.02187194, -0.10731358,  0.15508931, -0.23117326,  0.07681230,  0.27579341, -0.24125637,  0.15712895, -0.09491306, -0.25745920,  0.32444467, -0.10059686,  0.03355562,  0.31319152, -0.25988288,  0.05403261, -0.07069946, -0.31875086,  0.17840307, -0.04097092,  0.07348467,  0.11005301, -0.07649407,  0.16464419, -0.04494396, -0.23593736,  0.11178614, -0.01467459, -0.06113809,  0.16474290, -0.02204888, -0.04333892,  0.09059206, -0.05880451, -0.13649260,  0.05468022, -0.03288339, -0.10437812,  0.04043365,  0.01487793,  0.12555581,  0.01273465, -0.03098177,  0.06155924, -0.05951130,  0.01640951
 -0.02848097,  0.08705942, -0.12905461,  0.16398260, -0.18269705,  0.10418552,  0.01980289, -0.14518809,  0.27185831, -0.21715100,  0.04349050,  0.15414269, -0.32695214,  0.23740014,  0.04892759, -0.24570855,  0.28585187, -0.17088580, -0.07692808,  0.24132048, -0.31067911,  0.16836410,  0.07711204, -0.13210180,  0.15657461, -0.15778396,  0.08816252,  0.04986663, -0.11799734,  0.00356255,  0.09233026, -0.10445010,  0.11427127, -0.07863363, -0.04894282,  0.11511172, -0.05364229, -0.05558221,  0.04762063,  0.04978144, -0.09736375,  0.10217667, -0.05174475, -0.01385533,  0.10819953, -0.10891911,  0.02848051, -0.00488488,  0.01514600, -0.01503113
  0.06499667,  0.00660130, -0.26374861,  0.32534378, -0.21392386,  0.03612275,  0.13215672, -0.03171735,  0.10693627, -0.15919096, -0.15741651,  0.12978000,  0.12054665, -0.13291747,  0.15195855, -0.08187675, -0.23988840,  0.02614208, -0.02862995,  0.04218887,  0.21849363,  0.11862896, -0.08164166,  0.09617694, -0.21267488,  0.04308076,  0.08842696, -0.29120668,  0.15143937,  0.05743641,  0.07666036, -0.08030193,  0.03654523, -0.10688298, -0.01047437, -0.07633700,  0.12321091,  0.00590421,  0.00670315,  0.24597372, -0.23943357,  0.08673480,  0.19825437, -0.15435764, -0.16475154,  0.10025504, -0.06261497, -0.09165475,  0.14971330, -0.05649802
  0.08031456, -0.21670599,  0.20187855, -0.00380471, -0.15221729,  0.25606079, -0.19187283,  0.08314217, -0.11565477, -0.12572871,  0.10890245,  0.14147345, -0.09094257, -0.00401847,  0.09439755, -0.28669150,  0.13981856,  0.07216624,  0.03717833, -0.00176933,  0.14395360, -0.20442904,  0.03157193,  0.03180783, -0.16110517,  0.29232453, -0.25831305,  0.06911205,  0.04935040,  0.06115900, -0.06951079, -0.01488944, -0.03880483,  0.00203666,  0.04913082,  0.06179282,  0.10029876, -0.23147982,  0.23800021, -0.13958116, -0.08155665,  0.21825616, -0.08342134, -0.14143221,  0.06547840,  0.09552538, -0.18776395,  0.19336890,  0.00349027, -0.11518702
  0.01708529, -0.12522184,  0.23387531, -0.18731909,  0.22112452, -0.17971215,  0.13761313, -0.19246479,  0.01008487, -0.15941707,  0.08227954,  0.13140693, -0.07491812,  0.12371624, -0.12718845, -0.01534516, -0.05841038,  0.34251797, -0.07899152,  0.02776650, -0.00105664, -0.08633295, -0.18824049,  0.04038784,  0.10170154, -0.05228339,  0.20670604, -0.20690994, -0.01642899,  0.13864013, -0.00586401, -0.06724448, -0.11246700,  0.18034572, -0.10163357,  0.32531843, -0.11112389, -0.06289130, -0.05489465,  0.02653597, -0.11306802,  0.00659129,  0.11694177, -0.13174797,  0.06526994,  0.02052998, -0.01339352, -0.01574522,  0.26261770, -0.27562054
  0.04587874, -0.05362426, -0.01344314, -0.06628796,  0.13095698, -0.05880617, -0.05865519,  0.07866324,  0.05999166,  0.13524552, -0.13225894,  0.00222566, -0.09181668, -0.02319154,  0.13601166, -0.17437658,  0.10286092, -0.07679946,  0.01270661, -0.21892625,  0.19740415,  0.27498076, -0.05152964, -0.10452664, -0.18314239, -0.03545831,  0.24476173,  0.20895965, -0.41085827,  0.07946614,  0.02461721,  0.10813064, -0.10290506, -0.00225994, -0.12305923,  0.03135575,  0.11228811, -0.20349723,  0.17812369,  0.15445348,  0.06494628, -0.25478875, -0.04389293,  0.09281790,  0.01595483,  0.16003845, -0.21747902, -0.13190983,  0.19414227, -0.01294995
  0.01977496, -0.06286673,  0.11629000, -0.16021697,  0.16659765, -0.12008783,  0.08374470, -0.09661336,  0.11003015, -0.16595398,  0.23294106, -0.25236091,  0.24827658, -0.22271758,  0.16437021, -0.10564915, -0.00026018,  0.11398942, -0.16962634,  0.21434694, -0.25626005,  0.26320566, -0.18478611,  0.15412083, -0.16152390,  0.13971179, -0.17130912,  0.19146169, -0.10045422, -0.02323709,  0.08941112, -0.11168834,  0.11541448, -0.10937430,  0.09270289, -0.06246555,  0.04157202,  0.00212038, -0.06263897,  0.10169726, -0.09195898,  0.14657751, -0.19920919,  0.15673754, -0.10931627,  0.06395733,  0.00227600, -0.04768911,  0.03357803, -0.01530286
  0.11935998, -0.15426864,  0.07060614, -0.08617203, -0.01934107,  0.19017434, -0.09551898, -0.06473375,  0.07882578, -0.07823812,  0.09704996,  0.05067901, -0.08941593,  0.02681885, -0.15234179,  0.07855658, -0.25429388,  0.22260572, -0.07708133, -0.08892671,  0.01512312,  0.21252783,  0.35159258, -0.06495372, -0.22501077, -0.17677070,  0.00006187,  0.15216969,  0.18859109, -0.30700244,  0.05657986,  0.06157792, -0.02621027,  0.00427582, -0.12170404,  0.06498531,  0.01542917, -0.00112854, -0.06900568,  0.22769220,  0.17270728,  0.09218562, -0.18703728, -0.25240765,  0.13950965,  0.05167620,  0.06719544, -0.21438215, -0.05676023,  0.06851957
 -0.01868836,  0.07434549, -0.03983472,  0.02967008, -0.01718396, -0.02906132,  0.14709374, -0.11779088, -0.20507490,  0.05218587, -0.05873071,  0.14763930,  0.08197346, -0.05227865,  0.01603119, -0.24151246,  0.08268384,  0.03882621,  0.30213736, -0.13735312, -0.24179411,  0.05742294,  0.07750372,  0.25321243,  0.06122409, -0.32584806, -0.05167411,  0.13287769, -0.02451521,  0.15370414, -0.16832982, -0.00508974, -0.00288133,  0.05265084,  0.02222188,  0.00056703,  0.21543930, -0.12274121, -0.16703163, -0.07247178,  0.23947326,  0.15190940,  0.02670328, -0.17937822, -0.27058994,  0.25340610,  0.11949510, -0.05359226, -0.05067084, -0.12389117
 -0.04158210,  0.08320967, -0.03754062, -0.01111606,  0.03510181, -0.08578623,  0.18674097, -0.33296908,  0.23030635, -0.06117520,  0.05862735, -0.03943846, -0.01853795,  0.09220356, -0.10083158, -0.00132595,  0.21488153, -0.16144149,  0.12412139, -0.17916241,  0.04694443, -0.00057129, -0.06469860,  0.24409444, -0.35003184,  0.20306407, -0.04687642, -0.05382092,  0.13325041, -0.12853334,  0.08149419, -0.07518854,  0.10222001,  0.04091641, -0.13280428,  0.17474831, -0.16499402,  0.02991890, -0.02175217, -0.06408420,  0.19429378, -0.20667091,  0.10252909, -0.08974827,  0.01361662,  0.15987778, -0.18605479,  0.17626880, -0.22083547,  0.14604189
 -0.01642263,  0.01855400, -0.02428302,  0.08532014, -0.08468400,  0.01010976,  0.04932837, -0.05243490,  0.00485499, -0.09741817,  0.15797647, -0.15702077,  0.17900061, -0.07537214, -0.03964088,  0.02522556,  0.01536205,  0.08241974,  0.06839431, -0.25839880,  0.23753291, -0.21590293,  0.12310049, -0.08789802,  0.07717758, -0.05536900, -0.03018467,  0.22537670, -0.37214672,  0.27221087,  0.00689126, -0.22366006,  0.27909169, -0.18904963,  0.06853311,  0.10144747, -0.08940340,  0.05368829, -0.19786379,  0.17495760, -0.09446110,  0.02658838,  0.07126309, -0.23099559,  0.23938862, -0.09439125,  0.04091757,  0.01689845, -0.06974070,  0.04310129
 -0.03111134,  0.01738898,  0.07595079, -0.03820150, -0.06099645,  0.08321447,  0.02047184, -0.20015819, -0.00542290,  0.12984074, -0.07283897,  0.03450436,  0.14244965, -0.12756847, -0.05537777,  0.02378637,  0.24873600,  0.08027012, -0.26229162,  0.03708546, -0.02707405, -0.05040348,  0.10260625,  0.00883932, -0.16775676, -0.03663089,  0.29737401, -0.33571749,  0.07129909,  0.26130049, -0.34537181,  0.19916044,  0.10409248, -0.18027569,  0.19918175,  0.01247351, -0.06777199, -0.18078341,  0.02981531,  0.05020976,  0.04059057,  0.04193922, -0.26530063,  0.07395356,  0.10661580,  0.01565593,  0.02852496, -0.08381794, -0.11024303,  0.16365678
 -0.00005379, -0.01581614,  0.04378541, -0.04986802,  0.07983065, -0.09290638,  0.03181344, -0.02255831,  0.17220784, -0.32731629,  0.18760465, -0.07274023,  0.23385635, -0.28326928,  0.13941886, -0.13698835,  0.24473067, -0.20569473,  0.17065301, -0.16740327,  0.10666084, -0.12744566,  0.24564248, -0.32288595,  0.23472758, -0.04896959,  0.04689336, -0.17399820,  0.19628145, -0.16929953,  0.08880364,  0.11246448, -0.21812801,  0.07025102,  0.07583775,  0.00463080, -0.01282956, -0.04133529, -0.03946905,  0.04711725,  0.02972190, -0.01279031, -0.04038344,  0.05623023, -0.07179345,  0.08122889, -0.00200926, -0.08601548,  0.08947490, -0.04703589
  0.06941181, -0.07415720, -0.00651431, -0.08239131,  0.09075161,  0.06784826, -0.02413736, -0.16100668,  0.13852634,  0.15104144,  0.08312304, -0.36802785, -0.02006795,  0.11436725,  0.29341744, -0.30544974, -0.15537461, -0.00918652,  0.08208757,  0.04698203,  0.20082159, -0.19121736,  0.07727623,  0.12337157, -0.06584750, -0.26428625,  0.24072580, -0.02325813,  0.07995705, -0.05078987, -0.13664634,  0.00284018,  0.15502576,  0.03796528, -0.28213387, -0.03224648,  0.07614214,  0.17032535,  0.15440981, -0.16581612, -0.07314123,  0.12580991, -0.03127433,  0.08627535, -0.05673963, -0.18295968,  0.08829934,  0.07822413, -0.03398275, -0.03268270
  0.00566967,  0.01601857,  0.02461516, -0.01418734, -0.10924757,  0.05279204,  0.15546547, -0.05858949, -0.31441463,  0.06059021,  0.31020619,  0.02261826, -0.14152285, -0.23224510,  0.17291553,  0.17177811, -0.03557038, -0.07469012, -0.11408105, -0.03955895,  0.09590811,  0.16738433, -0.11154320,  0.04252929,  0.18893765, -0.32544912,  0.03353772, -0.07206559,  0.11250860,  0.04231297,  0.11224699, -0.28480885,  0.05547712,  0.24835806, -0.02027193, -0.09405764, -0.10571205, -0.14157400,  0.24469428,  0.08669206, -0.00536761, -0.03026390, -0.09638544, -0.00688810,  0.07423489,  0.07130998, -0.23125789,  0.12220033, -0.14083024,  0.11489645
  0.00863722,  0.03307570, -0.00889372, -0.05025051,  0.00802714, -0.01837331,  0.19054454, -0.21232024, -0.10125582,  0.02184517,  0.28206337, -0.01817919, -0.33727642,  0.16616262,  0.01469473,  0.03599418,  0.07371989, -0.19390053, -0.05025367,  0.06475473,  0.15109931, -0.11811573,  0.14266990,  0.06709881, -0.14702283,  0.09307944, -0.23184416,  0.09042911,  0.04666881,  0.15818091, -0.23733126,  0.08943165, -0.07757461,  0.13021753,  0.14595545, -0.30741424,  0.00376185,  0.13058697, -0.08158924,  0.24670873, -0.05085699, -0.12175873,  0.03962886,  0.05234407, -0.05164132, -0.02964235,  0.07540241, -0.24842962,  0.24295720, -0.10368502
  0.03930828, -0.05546940,  0.00352309,  0.00031828,  0.05919449, -0.08310164, -0.06643045,  0.31098023, -0.18344817, -0.11689536,  0.01944818,  0.25441918, -0.18290503, -0.10074622,  0.24058487, -0.29198176,  0.13133830,  0.08165321, -0.12563362, -0.06775021,  0.15940489, -0.00521754, -0.06277330,  0.17798954, -0.11455779, -0.02231464,  0.04798000, -0.09181970,  0.03000854, -0.01907937,  0.12664200, -0.13638251,  0.06139484, -0.10896585,  0.10214086,  0.09290011, -0.29248750,  0.29342180, -0.12794156, -0.06719844,  0.26432428, -0.10629416, -0.06273133,  0.06245088, -0.03616466, -0.11538661,  0.23212880, -0.17036236, -0.03670704,  0.06285404
  0.06721136, -0.16957072,  0.09418338,  0.08243943, -0.13312978,  0.04847990,  0.01508085,  0.15486079, -0.35957931,  0.29146946,  0.02258585, -0.28707409,  0.21696911,  0.04392637, -0.08447679, -0.16265580,  0.29728296, -0.15863073, -0.07557445,  0.24044104, -0.15405808, -0.00178450,  0.07759933, -0.06193355, -0.09168495,  0.07469512,  0.06848471, -0.09604298,  0.06231149, -0.08389440,  0.11449151, -0.09630827,  0.01397387,  0.13056369, -0.23947260,  0.15492582,  0.01412602,  0.03239198, -0.16719598,  0.17473793, -0.06099211, -0.10113707,  0.16599711, -0.16601436,  0.05610951,  0.04926832,  0.01625629, -0.12048014,  0.08592062,  0.00365272
 -0.00517174,  0.03776373, -0.17216219,  0.22900022, -0.07509415, -0.09496979,  0.00920584,  0.18799679,  0.00386328, -0.28206280,  0.32729954, -0.21168238, -0.00418572,  0.18974605, -0.10977972, -0.08188553, -0.02042494,  0.29807505, -0.30660973,  0.13078044,  0.02738376, -0.12511792,  0.03879262, -0.01021104, -0.01378610, -0.04392357,  0.13630305, -0.00814866, -0.12297211,  0.05515875, -0.01515259,  0.11339093, -0.16431661,  0.08291457, -0.00240997, -0.12311575,  0.21264254, -0.08824256, -0.02877339, -0.13047647,  0.21388173, -0.19035322,  0.10199283,  0.00061379, -0.11949482,  0.15728046, -0.05508714,  0.08438116, -0.17341248,  0.13478134
 -0.03956797,  0.11194363, -0.08195524,  0.06886726, -0.17624322,  0.24722888, -0.12301455, -0.10248872,  0.10254454, -0.06651846,  0.08031975, -0.07717976,  0.16740689, -0.29238692,  0.19177865,  0.05993638, -0.10198365,  0.01006078, -0.03959938,  0.08746036, -0.12932455,  0.13983167, -0.05520177,  0.05528856, -0.00177579,  0.03644039, -0.14214821,  0.07660712, -0.03804643,  0.15837471, -0.21500941,  0.15801854, -0.13532937,  0.15469365, -0.12176380,  0.16818015, -0.21503507,  0.03331774,  0.17291621, -0.19311140,  0.23645972, -0.23436402,  0.20070884, -0.15020863,  0.15215597, -0.16650067,  0.10674692, -0.12128999,  0.15865416, -0.11143533
 -0.01830166,  0.05394152, -0.13927249,  0.19599681, -0.07878811, -0.20071598,  0.25325286,  0.02263980, -0.06268200, -0.02400021,  0.00822753, -0.00326073,  0.06460058,  0.00089593, -0.14614583,  0.09145540,  0.03895938, -0.02889432,  0.01179946, -0.10878035,  0.10466734, -0.08411046,  0.01624200,  0.07825267, -0.11236953,  0.13332790, -0.07555597,  0.03108612, -0.07972017,  0.01027583,  0.13034633, -0.07212325, -0.11280786,  0.19834777, -0.24321869,  0.16391407,  0.05550107, -0.25759430,  0.23104320, -0.13176082, -0.02438165,  0.24127810, -0.29523313,  0.15569417,  0.02673771, -0.20335061,  0.33923684, -0.26848424,  0.03209134,  0.07812902
 -0.01867506,  0.03827264,  0.00596834, -0.11413327,  0.20206210, -0.16326783, -0.00299190,  0.07632227,  0.00220646, -0.04944986,  0.02747026, -0.00090451, -0.00142823, -0.00747754,  0.05372475, -0.10163804,  0.10632914, -0.06364938,  0.05621129, -0.04923400, -0.04338702,  0.11842300, -0.16128590,  0.14594493, -0.06257912, -0.01786438,  0.05892077, -0.07162351,  0.08150524, -0.08689601,  0.03036261,  0.07091536, -0.08628245, -0.00632440,  0.15450618, -0.27734501,  0.29207705, -0.20772051,  0.05954193,  0.03509708, -0.05493578, -0.02680798,  0.20363241, -0.36516616,  0.42027667, -0.35548767,  0.18450404,  0.02470946, -0.12427644,  0.07086408
  0.05194785, -0.13225123,  0.11644860, -0.02675335, -0.03228556, -0.00589956,  0.13262020, -0.13154156,  0.01041690,  0.05257452, -0.02588629, -0.02949035,  0.01734726,  0.03113389, -0.07527172,  0.06049103, -0.05398585,  0.00968029, -0.02874821,  0.08188317,  0.00644397, -0.07288364,  0.11324664, -0.11736023,  0.04508343,  0.01335905,  0.01126217, -0.03762076,  0.05774175, -0.09706849,  0.17299467, -0.28840922,  0.32642837, -0.29115298,  0.18708505, -0.11874895,  0.15424165, -0.18824403,  0.26590182, -0.29752068,  0.29114588, -0.24239498,  0.13607188, -0.01304221, -0.04431191,  0.02326377,  0.06955031, -0.19914785,  0.24107925, -0.12746303
