 -0.03601634, -0.04034410, -0.04482705, -0.04944810, -0.05411546, -0.05885787, -0.06364539, -0.06836566, -0.07330337, -0.07830990, -0.08317726, -0.08802094, -0.09251008, -0.09703090, -0.10151558, -0.10585041, -0.11013336, -0.11443582, -0.11841360, -0.12175645, -0.12526506, -0.12897035, -0.13250748, -0.13620035, -0.13973882, -0.14318206, -0.14626671, -0.14952531, -0.15256922, -0.15548084, -0.15850028, -0.16142028, -0.16411722, -0.16693673, -0.16985689, -0.17238345, -0.17454729, -0.17666900, -0.17866942, -0.18084036, -0.18302371, -0.18508873, -0.18706558, -0.18890539, -0.19067083, -0.19231438, -0.19420618, -0.19623312, -0.19810016, -0.20004324
  0.14273156,  0.16001352,  0.17772767,  0.19588676,  0.21233016,  0.22605896,  0.23652147,  0.24278873,  0.24364561,  0.24069200,  0.23435504,  0.22552894,  0.21395649,  0.20065198,  0.18607593,  0.17075697,  0.15477433,  0.13912721,  0.12369756,  0.10780614,  0.09297158,  0.07909303,  0.06569713,  0.05337673,  0.04160636,  0.02978848,  0.01773774,  0.00688967, -0.00384751, -0.01413494, -0.02358908, -0.03239852, -0.04108243, -0.04913278, -0.05652679, -0.06403605, -0.07176031, -0.07929782, -0.08673033, -0.09339734, -0.09978579, -0.10601155, -0.11212237, -0.11818509, -0.12416593, -0.13016843, -0.13600003, -0.14177709, -0.14753791, -0.15312008
  0.35570826,  0.37534278,  0.37156339,  0.33725210,  0.28243014,  0.21384465,  0.13699807,  0.06060272,  0.00197514, -0.04743029, -0.08907152, -0.12351266, -0.14909652, -0.16470399, -0.17124737, -0.17162697, -0.16334531, -0.15170492, -0.14046331, -0.12888190, -0.11791477, -0.10688670, -0.09750171, -0.08982033, -0.08357540, -0.07366571, -0.06166098, -0.05111306, -0.03921865, -0.02770933, -0.01672211, -0.00791238,  0.00041257,  0.00881576,  0.01660906,  0.02302409,  0.02944934,  0.03697279,  0.04494385,  0.05138211,  0.05695502,  0.06023919,  0.06147017,  0.06077824,  0.05938750,  0.05798615,  0.06035507,  0.06648038,  0.07270183,  0.08061010
 -0.58498192, -0.36032336, -0.10928108,  0.08310641,  0.22095316,  0.29284763,  0.28371109,  0.21585626,  0.18401486,  0.15318489,  0.11582296,  0.06157778,  0.00427301, -0.04651872, -0.08704486, -0.12304653, -0.13028554, -0.12731062, -0.12208616, -0.10312440, -0.08539694, -0.06547885, -0.04978048, -0.05005246, -0.06852683, -0.07213657, -0.06129635, -0.06236232, -0.05510277, -0.04530232, -0.03463364, -0.03153672, -0.02563192, -0.01777077, -0.01355730, -0.01501886, -0.01583628, -0.00943614,  0.00568072,  0.02108991,  0.04463334,  0.06760952,  0.08730757,  0.09534327,  0.08676973,  0.06280168,  0.04555883,  0.04356569,  0.04758759,  0.06866211
 -0.22728315,  0.10747964,  0.25732554,  0.22360185,  0.00443224, -0.25492678, -0.34588211, -0.18058924, -0.01792018,  0.13125564,  0.21420476,  0.21806198,  0.14401874,  0.03480987, -0.07723515, -0.12809494, -0.16884651, -0.15469413, -0.05191893,  0.05512146,  0.13391697,  0.14327568,  0.10077973,  0.04831892,  0.01354410, -0.03710605, -0.11239324, -0.12300271, -0.10790395, -0.04527491,  0.04617588,  0.13960240,  0.17253532,  0.12292725,  0.02078887, -0.08804171, -0.16626126, -0.17948676, -0.12978478,  0.00288237,  0.13055123,  0.18925894,  0.15259144,  0.03160398, -0.10908172, -0.16211223, -0.11499110, -0.02865006,  0.07313466,  0.09878193
 -0.06549312, -0.10108978,  0.01863077,  0.17704907,  0.24624445,  0.15199690, -0.05706583, -0.23672403, -0.30538606, -0.26143365, -0.13205446,  0.03234942,  0.17115888,  0.24227036,  0.23042134,  0.15564081,  0.04237577, -0.08081417, -0.16325870, -0.17498784, -0.11828284, -0.02636897,  0.05726765,  0.11225225,  0.13756803,  0.12825268,  0.06990315, -0.01652058, -0.10102638, -0.15515002, -0.15024032, -0.07658020,  0.04122803,  0.15286481,  0.21049413,  0.19035961,  0.09999702, -0.02520881, -0.13872736, -0.18608994, -0.14142064, -0.03065606,  0.08785255,  0.15120842,  0.12442171,  0.03095396, -0.06454210, -0.11359365, -0.09720571, -0.03670750
  0.39542574, -0.03959311, -0.23732188, -0.29049210, -0.14873750,  0.06509630,  0.13655611, -0.02058319,  0.02091167,  0.11405259,  0.21232429,  0.26568042,  0.23968613,  0.13892727,  0.00491024, -0.17584713, -0.22437893, -0.20064854, -0.22183058, -0.21692400, -0.15936092, -0.04695699,  0.03482946,  0.03979836, -0.05644500, -0.13316883, -0.12269028, -0.10308935, -0.00253528,  0.10208030,  0.18123641,  0.18190974,  0.15234697,  0.12941925,  0.10174879,  0.05137321,  0.00220517, -0.02300025, -0.01035087, -0.03823625, -0.05786194, -0.05734086, -0.03818192,  0.01030521,  0.07943519,  0.06605854,  0.00656833, -0.02289426, -0.06529744, -0.01141553
 -0.03875337,  0.04364664,  0.04749737,  0.02162691,  0.00146724, -0.01492512, -0.03925492, -0.03482078, -0.05208047, -0.06834758, -0.06645582, -0.03563017,  0.06672440,  0.15880598,  0.18394129,  0.13043765,  0.00603805, -0.11594176, -0.11774476,  0.04400397,  0.21816076,  0.28567715,  0.20580483, -0.01396332, -0.21991811, -0.32452438, -0.28516133, -0.19219706, -0.09628883, -0.03642177, -0.04618658, -0.07955991, -0.10225685, -0.11873535, -0.14039593, -0.10408021,  0.02621730,  0.16980527,  0.25494408,  0.22147785,  0.10474570, -0.00525648, -0.01784584,  0.07696299,  0.17929036,  0.22526288,  0.13971066, -0.04249010, -0.18502069, -0.22564026
  0.03251419, -0.07296146, -0.06910115,  0.08170657,  0.12607125, -0.02119492, -0.12716377, -0.03827736,  0.00329247,  0.00940080,  0.02866397,  0.06402732,  0.08140823,  0.00706671, -0.10713374, -0.15849556, -0.16821680, -0.10788140,  0.04418430,  0.23110081,  0.28348066,  0.10211457, -0.17484561, -0.34531485, -0.26451706, -0.06994705,  0.13587035,  0.26029672,  0.25720041,  0.14863046, -0.00225072, -0.05991855, -0.02584977,  0.00550947,  0.03786439,  0.12890436,  0.20114263,  0.15459828,  0.02572104, -0.12054104, -0.18556659, -0.08987726,  0.06644171,  0.15282184,  0.10930196, -0.02351721, -0.20343501, -0.26830285, -0.11969866,  0.04795652
 -0.09841543,  0.10603059,  0.23862961, -0.13245595, -0.35034087, -0.07096393,  0.19266481,  0.10087121,  0.00008024, -0.04560797,  0.00912291,  0.02871021,  0.08940311,  0.16583227,  0.15173794,  0.00380137, -0.05075973,  0.00616797,  0.14148562,  0.21371120, -0.06313391, -0.34979733, -0.29554824, -0.13615428, -0.08109472, -0.01493396,  0.05307150, -0.14488792, -0.30547419, -0.24026160, -0.05655635,  0.04035751,  0.07418907,  0.06833426,  0.04822502,  0.09446152,  0.16350510,  0.16255512,  0.12536221,  0.06683909,  0.07476568,  0.08853982,  0.12470778,  0.13466446,  0.01680606, -0.11176065, -0.12351723, -0.08451634, -0.06216018, -0.00816768
  0.08484859,  0.09428672, -0.04430703, -0.15462532, -0.03421221,  0.11419249,  0.10269438,  0.00205253, -0.08780960, -0.11994896, -0.04726087,  0.06096911,  0.14738960,  0.09634985, -0.08390905, -0.21802931, -0.16859404,  0.01112089,  0.17401951,  0.22162035,  0.13758797,  0.07383681,  0.11850088,  0.15292873,  0.14650437,  0.09121914, -0.02065715, -0.15608794, -0.13822175, -0.02087588, -0.00937984, -0.12196843, -0.23537230, -0.30886905, -0.27053437, -0.10760042,  0.00115253, -0.05742770, -0.17046333, -0.23587785, -0.17903605,  0.01540549,  0.20120973,  0.22173672,  0.12720910,  0.06757517,  0.05321482,  0.09448591,  0.19919122,  0.20764200
 -0.12626100, -0.05151708,  0.20316619,  0.13768987, -0.13463739, -0.14039445,  0.06485503,  0.15378717,  0.09972335, -0.04966857, -0.14986295, -0.15577964, -0.09229234,  0.08417902,  0.18604510,  0.07018987, -0.14978383, -0.29590316, -0.23273873, -0.03778280,  0.07357521,  0.01947683,  0.01582258,  0.13315665,  0.16039535,  0.14367688,  0.12697481,  0.08275146,  0.00943259,  0.07322885,  0.26615807,  0.30641051,  0.13433619, -0.09260797, -0.21186066, -0.16137418,  0.01204682,  0.15300566,  0.08260835, -0.09919886, -0.24059398, -0.27271193, -0.15798674,  0.01443265,  0.06010347, -0.04165257, -0.05832807, -0.00693769,  0.02445179,  0.08787205
  0.20790515, -0.06720058, -0.27912070,  0.01235132,  0.21248064, -0.02392291, -0.15261880, -0.02147868,  0.13295191,  0.11191828,  0.00105934, -0.02602234, -0.00766540, -0.03822020, -0.03282828,  0.02055317,  0.08893163,  0.11656111,  0.00849065, -0.04051758,  0.06338862,  0.04201968, -0.13991759, -0.14858110,  0.07975020,  0.19122463,  0.08239341, -0.11380087, -0.25104980, -0.29936495, -0.18671595,  0.08726947,  0.26098502,  0.10886391, -0.17265241, -0.28342364, -0.18053526,  0.02676846,  0.20781145,  0.14231085, -0.06636394, -0.08710917,  0.01293755,  0.08816047,  0.18815553,  0.14341933, -0.10973319, -0.16317371,  0.06073478,  0.19307762
 -0.12788070,  0.21793286,  0.16896733, -0.23943878, -0.17188077,  0.14427150,  0.07025096, -0.05182214, -0.02164751,  0.06642421,  0.06558820, -0.03770535, -0.08051977,  0.05082005,  0.04291468, -0.06221238, -0.16884386, -0.15643680,  0.00832893,  0.04762359,  0.03890380,  0.08956943,  0.11887083, -0.01309228, -0.12475806,  0.10840888,  0.32131714,  0.28700876,  0.02356704, -0.13807474, -0.18502286, -0.17660586,  0.02079437,  0.19611314,  0.10867975, -0.12604719, -0.26412057, -0.21688887, -0.10335883,  0.09245074,  0.05307706, -0.15889684, -0.13609516,  0.03153805,  0.10629343,  0.19134352,  0.23457432, -0.04286348, -0.16580922,  0.08547114
  0.26902986, -0.39074628,  0.07979649,  0.31914430, -0.23170361, -0.28839138,  0.20624121,  0.05375976,  0.01709394, -0.01913439,  0.04873255,  0.14464864,  0.00273833, -0.11319296,  0.04503766, -0.00900669,  0.00870328, -0.00932837, -0.12166600,  0.06341037,  0.17986640, -0.01240130, -0.13622669,  0.07267413,  0.06804977, -0.12860315,  0.02726352,  0.15880545,  0.06760816, -0.22898707, -0.19348831, -0.08075952, -0.10337058, -0.02703621,  0.08118047,  0.00192178, -0.13946191, -0.13827333, -0.04702925, -0.11083322,  0.03377321,  0.12568900, -0.05390483, -0.01172849,  0.25227918,  0.10575632, -0.00844826,  0.22027008,  0.03735658, -0.07906354
 -0.06907035,  0.16215071, -0.08137379, -0.00866024,  0.04435676, -0.22157734,  0.05306310,  0.22774559, -0.04465097, -0.05278439,  0.07427383, -0.08975394, -0.00555215,  0.08745876,  0.14598586, -0.03978317, -0.14163994, -0.08153276, -0.02991835,  0.04452792, -0.12051450,  0.01062301,  0.10771006, -0.10619667, -0.02651223,  0.13775199,  0.06724454, -0.12018150,  0.17655473,  0.06013893, -0.26651289,  0.05829900,  0.11129576, -0.19375115, -0.00074491,  0.28938329, -0.09076025, -0.27899768,  0.21328875,  0.05243613, -0.19341764,  0.12040055,  0.16457375, -0.23040939, -0.05075769,  0.29754173, -0.14386077, -0.07549148,  0.21974569, -0.16353486
  0.05812459, -0.08674911,  0.04200538,  0.05959310, -0.00989793, -0.08834677, -0.08922451,  0.02298188,  0.14621695, -0.11674886,  0.00721072,  0.25280449, -0.02311528, -0.14107952,  0.12396677,  0.15369274,  0.04889811, -0.01460046, -0.12134013,  0.00828457,  0.02828644, -0.22321396, -0.04196805,  0.14232142, -0.13483891, -0.13631036,  0.09816258, -0.04260146, -0.05294863,  0.17926598, -0.06382523, -0.24343677,  0.14954491,  0.05546335, -0.31139652,  0.04957426,  0.29480018, -0.23365494, -0.18539076,  0.24611603, -0.06818211, -0.20845773,  0.15151778,  0.02774422, -0.17844251,  0.13906183,  0.19735536, -0.11240864,  0.05476457,  0.18319201
 -0.05249012,  0.21803524, -0.20187661,  0.02998717,  0.08117135, -0.32290777,  0.12159541,  0.09284565,  0.17675509,  0.12685116, -0.35837831, -0.04851528,  0.21984215,  0.12911719,  0.12725557, -0.06266725, -0.15490397, -0.01720490,  0.00919896, -0.25800182,  0.09680633,  0.14150451, -0.32022830,  0.00939806,  0.11746886,  0.08115283, -0.03313680, -0.00263182,  0.08582580, -0.04143946,  0.08135938, -0.19849101, -0.15451224,  0.10486639,  0.05203803, -0.03158163, -0.01805217,  0.07812821, -0.18628507,  0.05945099,  0.16109055, -0.03157680,  0.21891073, -0.10243822, -0.11579471,  0.06109068,  0.05876077,  0.04555233, -0.13101549,  0.05042318
 -0.00160529, -0.04106859, -0.08629436,  0.03621199, -0.02029748,  0.05807452,  0.20064094,  0.10013512, -0.05071366, -0.22021641, -0.13204893,  0.10776328,  0.01065056, -0.18781818, -0.26202017, -0.25711326, -0.15172374, -0.03296044,  0.01923451,  0.13311022,  0.22081169,  0.11582477,  0.19243512,  0.33806681,  0.22111159,  0.09207066,  0.00087172, -0.03670664, -0.07696991, -0.09309502, -0.11969302, -0.06415171,  0.13501535,  0.15822224,  0.07108622,  0.10282771,  0.15580949,  0.09896403,  0.13708798,  0.23654536,  0.06247944, -0.05876942, -0.10121840, -0.20308284, -0.14026926, -0.09410387, -0.14402417, -0.19018689, -0.14041026, -0.07788920
  0.03277652, -0.04288951,  0.09442897, -0.15622646,  0.17108823, -0.09708449, -0.12041615,  0.14330538, -0.16048974,  0.08442285,  0.07550180, -0.04958069,  0.33361183, -0.14827879, -0.04273535,  0.01353531, -0.00203660, -0.11608089, -0.16276240,  0.11302208, -0.22863654,  0.01198120, -0.04012297,  0.02545774,  0.22759680, -0.11622214,  0.31887237, -0.00812922,  0.08255026,  0.01493215, -0.12470890,  0.02107250, -0.23256202,  0.04996257, -0.16258204, -0.12346758,  0.11814983,  0.02531649,  0.13478489, -0.06320414,  0.35780713, -0.08691873, -0.12804069,  0.22053667, -0.17260679,  0.10631804, -0.12899300,  0.01768638,  0.06136879, -0.13688906
  0.00020890,  0.01721010, -0.02430966,  0.08372894, -0.08485551,  0.11316184, -0.05387809, -0.10837157, -0.01718681, -0.20819004,  0.05968427,  0.18145312,  0.14540219,  0.26427093, -0.05965684, -0.04096567, -0.00871060, -0.01490944, -0.16156195, -0.16135182, -0.03412659, -0.25680007, -0.05416072, -0.01835282,  0.08413262,  0.19724781,  0.03699962,  0.29533868,  0.12784835,  0.14937928, -0.03023361, -0.13947294, -0.09049876, -0.27621604, -0.16143810, -0.24580459, -0.10550066,  0.07733756,  0.16935924,  0.27421497,  0.11693577,  0.32103646, -0.01744327, -0.11157538,  0.04835049, -0.13081606, -0.00827138, -0.15235215, -0.00628400,  0.02161530
  0.02711216,  0.03016947,  0.02465801,  0.00415096, -0.06778957, -0.08487510, -0.17772105, -0.16391980,  0.17336382,  0.34298809,  0.26488571,  0.04880099, -0.12236483,  0.00270651,  0.02334207, -0.01412381, -0.08832502, -0.10673593, -0.10450211, -0.17334806, -0.04315837,  0.06923153,  0.11665827,  0.05057810,  0.05179685,  0.16803022,  0.06760205, -0.00273943, -0.14930210, -0.19150498, -0.17512696, -0.26140531, -0.23540407, -0.17059902,  0.06925613,  0.22606928,  0.27837754,  0.30246542,  0.14972034,  0.00380818, -0.14125590, -0.07713199, -0.06930246, -0.09985397, -0.04532939, -0.09339699,  0.05932445,  0.11285760,  0.08529687,  0.09078209
  0.05102867, -0.02868564, -0.00504955, -0.01016795, -0.10446967,  0.05080870, -0.21085230,  0.19437286,  0.38792932, -0.08706528, -0.06822623, -0.27648216,  0.10785657,  0.12687670, -0.09138404,  0.01164770, -0.11758733,  0.09105181, -0.18138664,  0.05095327,  0.14332032, -0.03594976,  0.06206399, -0.16082555,  0.20590874, -0.00365942, -0.09580533, -0.00210042, -0.20186437,  0.18428437, -0.17206438, -0.02518461,  0.02310430,  0.07885344,  0.24983851, -0.06830345,  0.17472487, -0.13522188, -0.10811761, -0.11466726, -0.05236208,  0.21175053, -0.21556273,  0.13219760, -0.04278579,  0.00484589,  0.22763643, -0.13522338,  0.10941642, -0.12912834
  0.07952988, -0.24777653,  0.30342344, -0.17818130, -0.03266423,  0.19580299, -0.22076113,  0.09507359,  0.12891504, -0.12085920, -0.08566846,  0.12520476, -0.17319881,  0.10007596,  0.20264727, -0.31149616,  0.10815338,  0.09346442, -0.08576700, -0.03441886,  0.00560900,  0.18775143, -0.15950536, -0.05454989,  0.14238118,  0.02848347, -0.04769535, -0.15464156,  0.17015288, -0.02876400, -0.01204231, -0.02549374, -0.04496901,  0.06830494, -0.09783686,  0.17436261, -0.15582382, -0.02426626,  0.23247751, -0.17211481,  0.04553725,  0.06360284,  0.08197489, -0.05432326, -0.20380895,  0.05286874,  0.08119708, -0.02761093, -0.21350069,  0.20038661
 -0.07214601,  0.10360300,  0.05023548, -0.17662670,  0.16893481, -0.08966756, -0.11709628,  0.15764963,  0.00793218, -0.05679954,  0.05575142, -0.01741464, -0.00086586,  0.28739604, -0.22318779, -0.06864832,  0.35151162, -0.19032786, -0.11986292,  0.14984231,  0.09695936, -0.18896797, -0.09764711,  0.17601666, -0.06978169, -0.09796506, -0.14759356,  0.01891329,  0.07037426, -0.12277096, -0.01031561, -0.10726892,  0.09371998,  0.06127821,  0.01207170,  0.05107208, -0.00083817,  0.19835266, -0.18323476, -0.15249534,  0.08590585, -0.03926454, -0.18076085, -0.31609473,  0.16151504,  0.20364336, -0.06026071, -0.00167369,  0.18325334,  0.15212736
 -0.08536918,  0.07184896,  0.02888292, -0.02043390,  0.03196759, -0.03367385,  0.12830032, -0.00170671, -0.27510880, -0.10147920,  0.26765889,  0.02132742, -0.00952257, -0.07251230,  0.08733543,  0.08580517, -0.15632770,  0.23655484,  0.03017223, -0.17597818,  0.15763912,  0.05205952, -0.21129186,  0.04199250,  0.14182113, -0.30119353, -0.10393899,  0.16091595, -0.04315986, -0.04171411, -0.08483688,  0.15379425, -0.03026905, -0.10476016,  0.19029665, -0.11732365, -0.03250189,  0.15147465,  0.07444527, -0.08424643, -0.09586465, -0.06075711, -0.05445714, -0.05810196, -0.27626699,  0.16974208,  0.18474248, -0.27061685,  0.18952435,  0.23427784
 -0.02253124,  0.04189211, -0.06853072,  0.08575603, -0.12363609,  0.22051222, -0.01355834, -0.21209166, -0.02892294,  0.24298353, -0.06459074, -0.11819624, -0.12784044,  0.00443389,  0.22458546, -0.25882907,  0.02559599,  0.24319278, -0.27642735,  0.06245946,  0.19268989, -0.14418640,  0.01003495,  0.18588146, -0.15110954, -0.01549210,  0.19465070, -0.06175044, -0.03861229,  0.05068357,  0.07626099,  0.11586650, -0.19938643,  0.17042456, -0.00918712, -0.17866288,  0.11695045,  0.01627013, -0.06776815, -0.04291469,  0.00879380,  0.11934238,  0.12019133, -0.16385620, -0.05206485,  0.24541949, -0.23545185, -0.07606692,  0.13941997, -0.15374260
  0.10667657, -0.09487032,  0.09778327, -0.20091263,  0.09666789, -0.12160737,  0.08845854,  0.00433964,  0.03577177,  0.09739134,  0.21740368, -0.17879732, -0.30991581, -0.02119559, -0.13126395,  0.10804484,  0.05306101, -0.14030508,  0.01854035, -0.12504935,  0.08461330,  0.02528947, -0.05264705,  0.21718281,  0.13505948, -0.00643868,  0.15525154,  0.00004697, -0.08219424,  0.12054842,  0.04757462, -0.10620677,  0.17687175, -0.16526228, -0.01183422, -0.02569426, -0.05389921,  0.11372496, -0.13893111, -0.11794609,  0.07485816,  0.22101881,  0.36095813,  0.12306620,  0.04403202,  0.05433794, -0.00804705, -0.28406465, -0.23080043, -0.24824444
  0.02402270, -0.05818391,  0.09858857, -0.09562876,  0.07501591, -0.05471724, -0.12156717,  0.13955897,  0.11397301, -0.18917705,  0.00027978,  0.16973188, -0.03004187,  0.00437333, -0.03272909, -0.05893568, -0.00132487,  0.11209007, -0.05389916, -0.11688474,  0.13855888, -0.13039155,  0.04301756,  0.09637072, -0.24715169,  0.18615047,  0.09625102, -0.23900968,  0.18231498, -0.01064417, -0.19166896,  0.22088009, -0.10469765, -0.20820203,  0.36708271, -0.14628865, -0.13151831,  0.18514990, -0.15666735,  0.16109072,  0.04819448, -0.29982682,  0.11357302,  0.19217483, -0.03238465, -0.07010566,  0.00888053,  0.08150197,  0.06913220, -0.14738948
  0.00974444, -0.04883135, -0.00664678,  0.06176769, -0.05700018,  0.15193283, -0.04116528, -0.15337209,  0.08677582,  0.10369551, -0.23362576, -0.04633278,  0.12939206,  0.03840456,  0.05281739,  0.02918173, -0.12745671,  0.01449581,  0.16921497, -0.12475971,  0.06622533,  0.05835067, -0.13936651,  0.19490631, -0.13432162, -0.20735792,  0.27095649, -0.12286205, -0.13310834,  0.26229927, -0.16464324, -0.05402211,  0.25683384, -0.27339457, -0.00143575,  0.26758404, -0.22360369,  0.06296203,  0.01860905, -0.09176864,  0.25242318, -0.01863170, -0.25391030, -0.03446688,  0.06159826, -0.05434271, -0.10484680, -0.01239777,  0.15034772,  0.08958575
  0.07722469, -0.12379290,  0.00841425, -0.03620421,  0.16369183, -0.10922947, -0.00402527,  0.07896535,  0.05597786, -0.16493897,  0.06198298, -0.07601724, -0.17986948,  0.31312767,  0.06356550, -0.23858978,  0.03306247,  0.06639078,  0.04660104, -0.05594643, -0.07116162,  0.14660627,  0.04723065, -0.02702317,  0.00208551, -0.21506611,  0.12128561,  0.24972030, -0.31612426, -0.06435953,  0.31897404, -0.10930078, -0.13589644, -0.03045560,  0.10299207,  0.09875108, -0.04442435, -0.20093946,  0.01990982,  0.27000256,  0.06698463, -0.17908317,  0.01714504,  0.09060859, -0.02321613, -0.10702081, -0.18907903, -0.01233721,  0.25874841, -0.06556319
  0.05448098,  0.00612064, -0.03135190, -0.13875233,  0.09805807,  0.00956374, -0.04808535, -0.02527258,  0.18650697,  0.03437114, -0.09822393, -0.01506632, -0.14639912, -0.11418052,  0.27102041,  0.07204232, -0.20610212,  0.01401530,  0.05305446,  0.03195421, -0.06640829, -0.09083203,  0.18169931,  0.06265493,  0.03954897, -0.02935871, -0.21471919,  0.13667817,  0.21430995, -0.31604126, -0.01907443,  0.22593065, -0.07517196, -0.20224522, -0.04455907,  0.10497468,  0.17179461, -0.10833647, -0.22607427,  0.04875630,  0.30599515,  0.11755033, -0.11955948,  0.05730283,  0.14690017, -0.02029663, -0.15947105, -0.28403052, -0.03389791,  0.18983190
 -0.06228303,  0.25932590, -0.31225764,  0.28482853, -0.32484738,  0.17626345, -0.19290489,  0.17479800,  0.06476454, -0.06738623,  0.03758118,  0.19641523, -0.18633656, -0.05589307,  0.04158987, -0.08185601,  0.17846718, -0.13976563, -0.02647380,  0.10171644, -0.23769011,  0.13519063, -0.07964860,  0.01563981,  0.17170805, -0.08763151, -0.07845119,  0.17591628, -0.10377104,  0.05149939, -0.12626344,  0.09005367, -0.01054846, -0.06754812,  0.00408234,  0.08872229, -0.12052368,  0.17300585, -0.15304627, -0.04537274,  0.10527144, -0.14052871,  0.12854397,  0.17195599, -0.02380584,  0.13811204, -0.05890298, -0.04944763, -0.03698762, -0.09485050
 -0.05454111,  0.07260676,  0.00285752, -0.06211429,  0.14446965, -0.19929790,  0.22958077, -0.23018029,  0.08376966,  0.03344569, -0.15578204,  0.23460475, -0.03354788, -0.14333946,  0.13035582, -0.14657100,  0.06226761,  0.11867374, -0.22138309,  0.16215260,  0.01259963, -0.16489752,  0.21385809, -0.20254843,  0.02839808,  0.13495525, -0.11946144,  0.11148327, -0.07222473,  0.01287660,  0.12585679, -0.20414931,  0.21677669, -0.07676584,  0.00567706,  0.06832833, -0.19508408,  0.15441647,  0.09619026, -0.25193083,  0.14150866, -0.08954598, -0.07343051,  0.17033985, -0.13732757,  0.04644504,  0.13169873, -0.09589378,  0.15946985, -0.17427983
 -0.03333752,  0.13034802, -0.07459557,  0.00511514, -0.03835151, -0.03523653, -0.20504881,  0.40155672, -0.19708395,  0.14190995, -0.03455785,  0.00394812,  0.06159580, -0.13543338, -0.01827037,  0.00441601,  0.00436238,  0.14690153, -0.09033794, -0.18600198,  0.14472221, -0.13074268, -0.03219179,  0.31027817, -0.22997911,  0.10522830, -0.06794891,  0.09176209, -0.02444289, -0.09929111,  0.15902816, -0.08780613, -0.11581088,  0.11329526, -0.12034208,  0.25123632, -0.16872644, -0.09441716,  0.18379448, -0.08183169, -0.08870347,  0.09522746, -0.08587344,  0.26988254,  0.11945073, -0.15955285,  0.10830133, -0.18163496,  0.02553115, -0.05921500
  0.05505821, -0.07473515, -0.10608219,  0.18513868, -0.02715963, -0.08627882,  0.13585410,  0.07150391, -0.33410447,  0.10780663,  0.24890151, -0.24629199, -0.14092910,  0.28756671,  0.07696339, -0.24558085, -0.00987912,  0.14854323, -0.07101750,  0.00034997,  0.06778823,  0.03112161, -0.01321427, -0.10046354, -0.03657036,  0.20825718, -0.09814075, -0.11312207,  0.08638525,  0.09100992, -0.17107177,  0.01039163,  0.17741631, -0.01222764, -0.22680481,  0.07753748,  0.11985925,  0.02186231, -0.22740586,  0.07411279,  0.24828831, -0.10289462, -0.18674585,  0.15411310, -0.08667464, -0.11386124,  0.12730919,  0.05794264, -0.09501901,  0.05569844
  0.00255420, -0.08117898,  0.15488840,  0.01252782, -0.15742215,  0.06004297,  0.08489075, -0.19589744, -0.00591053,  0.34112334, -0.19802648, -0.19069801,  0.23090970,  0.10260536, -0.31667966, -0.03772524,  0.27405566,  0.00112344, -0.12608244,  0.02492584,  0.02822317, -0.05860358, -0.00603704,  0.03425669,  0.11843966, -0.04007694, -0.16605482,  0.11826318,  0.08929342, -0.10208998, -0.04449040,  0.16044937, -0.01150334, -0.22042661,  0.05377349,  0.19681256, -0.05778902, -0.17078737,  0.03156951,  0.22917279, -0.11471786, -0.21076000,  0.15839130,  0.15342758, -0.13700625,  0.09534106,  0.02551826, -0.14953785, -0.03423566,  0.05239336
  0.01237267, -0.00262292,  0.05990572, -0.13455809,  0.09351623, -0.14386376,  0.14291877, -0.04082262,  0.09175083, -0.03987299, -0.06258856,  0.06948571, -0.11705706,  0.10491619, -0.12462310,  0.17915133, -0.08191025,  0.10294059, -0.11028883,  0.00166586, -0.04006079,  0.04536467,  0.04456848,  0.09816109, -0.15574893,  0.07191296, -0.15283402,  0.19352295, -0.19673313,  0.23961150, -0.25419020,  0.13498882, -0.17804115,  0.19207686, -0.13784942,  0.12064930, -0.15653359,  0.13245546, -0.06281349,  0.06106332, -0.12892287,  0.18414259, -0.11132635,  0.20868845, -0.20295390,  0.15795020, -0.33286348,  0.18805346, -0.14036632,  0.17670233
  0.00590398, -0.04827324, -0.08365907,  0.05739914,  0.23913271,  0.02853335, -0.15429580, -0.14264540, -0.01848505, -0.01025052,  0.09991256,  0.07024752, -0.02327241, -0.00822032, -0.00188579,  0.01605975, -0.17436623, -0.10073635,  0.08212146,  0.26969180,  0.12045924, -0.19986540, -0.28815370,  0.03770736,  0.10145998,  0.18456705,  0.02993250, -0.03473183, -0.21674727,  0.00391058,  0.22566658,  0.22827269, -0.18205558, -0.13128259,  0.00048859,  0.24165993, -0.11021693, -0.06757070, -0.04394994,  0.14305194,  0.00933224, -0.00238339, -0.19336591, -0.09776625, -0.04867915,  0.24318374,  0.26033784,  0.08767522, -0.22100290, -0.18105457
  0.09480487,  0.02981176, -0.15060873, -0.17612249,  0.02255698,  0.20889178,  0.07551278,  0.06700498, -0.07879484, -0.07124276, -0.07272255,  0.01796813,  0.02581731, -0.05502360,  0.04521375,  0.17664850,  0.12647496, -0.24818933, -0.28863960,  0.02710473,  0.28606411,  0.21742084, -0.07331930, -0.15072621, -0.17297623,  0.04288466,  0.14520027,  0.13249410, -0.10846547, -0.25725151, -0.02789107,  0.16939777,  0.09193109, -0.11671186, -0.08458843,  0.09519302,  0.03482161, -0.02782859, -0.11184743, -0.00197722,  0.06455605,  0.20422513,  0.10766041, -0.06589177, -0.30731205, -0.24509448,  0.08317354,  0.17001394,  0.16080288, -0.02830476
 -0.08549809,  0.16930605, -0.07808092, -0.00361395,  0.01269086, -0.04598952,  0.08447927, -0.18250384,  0.26060733, -0.26825353,  0.24773191, -0.17211318,  0.08694472,  0.00249648, -0.13900518,  0.07445723, -0.05934852,  0.27189695, -0.27178963,  0.04909458,  0.01357467,  0.01802425, -0.03212906,  0.07011293, -0.01675773, -0.06429177,  0.05466078,  0.03915014, -0.01339743,  0.00185336, -0.07799561,  0.16656470, -0.09476635,  0.06530564, -0.16736176,  0.18801437, -0.03855377, -0.09516098,  0.14966448, -0.19585976,  0.18938672, -0.25044966,  0.24042423, -0.15051112,  0.23332614, -0.21074756,  0.08135753,  0.03587452, -0.11943362,  0.02789130
 -0.13127417,  0.15709205,  0.05710947, -0.09452012,  0.02982670,  0.01300383, -0.02954508, -0.06720890,  0.00762256,  0.03631789, -0.09976834,  0.28774372, -0.17296195,  0.14626911, -0.16337910, -0.06233662,  0.00377250,  0.08173620,  0.13173445, -0.28600647,  0.13993835,  0.03259820, -0.17955030,  0.04226358,  0.03336003,  0.02194365, -0.06391849,  0.15793846,  0.00478151, -0.06016274, -0.09822025,  0.12521258,  0.17470597, -0.09377583, -0.09288690, -0.10585778,  0.39486990, -0.29124562,  0.17561981, -0.19130888,  0.06319162, -0.06938114, -0.09581818,  0.10454333,  0.04700570,  0.12410790, -0.06473800,  0.22088925, -0.02793165, -0.27511297
 -0.09698951,  0.04209634,  0.18937916, -0.14513119,  0.03831551, -0.01178419,  0.00886669, -0.12917331,  0.10639962, -0.08045076,  0.06684830, -0.01995290,  0.18364470, -0.18041550,  0.09772726, -0.23658032,  0.05541930,  0.16393572, -0.01022462, -0.05264072, -0.16758280,  0.24965017, -0.22010671,  0.05636602,  0.03914351, -0.02866182, -0.00693794,  0.06953369,  0.09190900, -0.07532368, -0.06445500,  0.06724125,  0.12333847,  0.05442307, -0.23796903,  0.10258269,  0.00207684,  0.19710499, -0.28906144,  0.24570293, -0.29348376,  0.13709820, -0.13487503,  0.02784468,  0.18582424, -0.04506908,  0.08933225, -0.01497886,  0.15515363, -0.30550815
  0.06561167, -0.14031892,  0.09552325, -0.04584783,  0.02707339,  0.00110795,  0.00692880,  0.05518789, -0.16791827,  0.21836210, -0.23355124,  0.21104136, -0.18707107,  0.16384443, -0.12097767,  0.19163003, -0.20687417,  0.08749682, -0.13181571,  0.28098501, -0.28147488,  0.25173811, -0.19210351,  0.08069357, -0.08384758,  0.13994261, -0.10651305,  0.02284948, -0.06127855,  0.11823647, -0.09750587,  0.04350319, -0.07093192,  0.05782159,  0.03714546, -0.08992616,  0.04543381, -0.01002704,  0.00482250, -0.00773175,  0.08018717, -0.07973955,  0.10896148, -0.18778727,  0.15345582, -0.15761483,  0.19041965, -0.22138104,  0.22684871, -0.08510384
  0.00935659, -0.08157677,  0.14517016, -0.07574092, -0.06013694,  0.17060427, -0.22744442,  0.21779317, -0.16850274,  0.08574099, -0.03464918,  0.01517611,  0.07067417, -0.02013206, -0.08512902,  0.16669355, -0.32314194,  0.30667685, -0.10532372, -0.06569275,  0.09616193, -0.11385181,  0.15276774, -0.23616347,  0.18500629, -0.05902087, -0.04246000,  0.13587155, -0.05668407, -0.07523728,  0.10117932, -0.13187001,  0.19857914, -0.05339097, -0.10798301,  0.10476418, -0.07928499,  0.17068336, -0.18483773,  0.06504287,  0.03586063, -0.14325206,  0.17928593, -0.18205334,  0.06974192,  0.13677546, -0.17744297,  0.23016201, -0.06063239, -0.09867753
  0.07125877, -0.16056737,  0.07410085,  0.09808711, -0.18590504,  0.13572957,  0.03501807, -0.12655811,  0.13528275, -0.15456753,  0.11855789, -0.08451964,  0.04646923,  0.06533276, -0.13506296,  0.17886899, -0.10818752, -0.15672986,  0.27528959, -0.18912577,  0.07259848,  0.03024370, -0.00309199, -0.05150902, -0.10765492,  0.24593819, -0.14941534, -0.02242048,  0.10903348, -0.11512082,  0.08700841, -0.02829784, -0.12218615,  0.26677636, -0.21789466,  0.09341813, -0.07044795,  0.08022889, -0.01525386, -0.09434584,  0.18653247, -0.11987469,  0.02370342,  0.02604177, -0.17037621,  0.19739914, -0.03170235, -0.17802555,  0.35063503, -0.20440580
  0.03354126, -0.08288984,  0.11051511, -0.12941570,  0.08254455, -0.00534497, -0.01820623,  0.05685680, -0.10477413,  0.08646722, -0.02113162, -0.03820949,  0.10766791, -0.20246016,  0.25762527, -0.18729210,  0.16308611, -0.22430104,  0.19334299, -0.15186754,  0.18258309, -0.13837394,  0.07117583, -0.10135533,  0.06655608,  0.09238757, -0.21361445,  0.22673985, -0.27538570,  0.31994686, -0.27136697,  0.16780980, -0.13658057,  0.10152087, -0.04066585,  0.01298554, -0.00471655, -0.01494866,  0.00843071, -0.00733116,  0.09337362, -0.14595098,  0.16806066, -0.19871427,  0.18529741, -0.12392641,  0.03096095, -0.00743706,  0.05247472, -0.02628158
  0.01926731, -0.03572060,  0.04930545, -0.05532893, -0.03096971,  0.11200226, -0.05248415, -0.01230440,  0.02254907, -0.08436629,  0.18475645, -0.21812511,  0.17541210, -0.21383446,  0.16523267,  0.01667320, -0.02654554,  0.00059738, -0.10644177,  0.15110820, -0.08002344,  0.16566832, -0.26459876,  0.21785644, -0.18126960,  0.29979311, -0.32688783,  0.12982934, -0.06254528,  0.06494648,  0.10308670, -0.24998983,  0.18284219, -0.18392223,  0.21807033, -0.14263916,  0.07881569, -0.12303972,  0.08699743, -0.00729573,  0.07894860, -0.09187623,  0.02303255,  0.03455167, -0.04586123,  0.09752646, -0.23629167,  0.13171001, -0.03140055,  0.05324349
  0.03980705, -0.14649837,  0.05855133,  0.15488285, -0.01449319, -0.13933555, -0.05295080,  0.12715461,  0.03012964, -0.06252615, -0.07426536, -0.02712240,  0.23361857,  0.00660537, -0.11031399, -0.18555728,  0.05315895,  0.13361349,  0.13069437, -0.08388863, -0.26958129,  0.09197605,  0.22170535,  0.02617592, -0.36832301,  0.09555354,  0.14714088,  0.20143537, -0.23948681, -0.13161203,  0.05241098,  0.19084829,  0.06557924, -0.15496809, -0.04057232, -0.06302266,  0.14160876,  0.10555245, -0.05329986, -0.19696991,  0.05760402,  0.09792819,  0.06106709, -0.18149571, -0.11229815,  0.21349994,  0.19826743, -0.08033993, -0.19806684,  0.04984236
 -0.08740313,  0.07844768,  0.12518423, -0.02831257, -0.15323577, -0.05336543,  0.13903829,  0.04910840, -0.09270923, -0.06799523,  0.04092041,  0.17673339,  0.00896805, -0.18951301, -0.12818933,  0.08757400,  0.21787280,  0.07989961, -0.17733122, -0.19107655,  0.08427858,  0.23397492, -0.02792491, -0.29046958,  0.04255526,  0.22173351,  0.10732603, -0.24705040, -0.16067949,  0.14188152,  0.19842865,  0.00480089, -0.17871860, -0.11194610,  0.07103035,  0.12030024,  0.09269653, -0.11677820, -0.14815896,  0.04874304,  0.12407988,  0.01941007, -0.18202104, -0.05192643,  0.23289529,  0.16545819, -0.15675214, -0.21109812, -0.01959170,  0.15643605
