 -0.14164736, -0.14164093, -0.14163596, -0.14163389, -0.14163319, -0.14163296, -0.14163282, -0.14163182, -0.14162641, -0.14161861, -0.14160922, -0.14159851, -0.14158681, -0.14157353, -0.14155901, -0.14154402, -0.14152787, -0.14151142, -0.14149578, -0.14148117, -0.14146668, -0.14145211, -0.14143827, -0.14142482, -0.14141222, -0.14139936, -0.14138684, -0.14137466, -0.14136279, -0.14135138, -0.14134010, -0.14132955, -0.14131955, -0.14130952, -0.14129961, -0.14129068, -0.14128244, -0.14127419, -0.14126612, -0.14125813, -0.14125023, -0.14124284, -0.14123588, -0.14122947, -0.14122345, -0.14121785, -0.14121145, -0.14120431, -0.14119748, -0.14119022
  0.37062611,  0.39007447,  0.38864346,  0.35882694,  0.30965583,  0.24699068,  0.17549862,  0.10319471,  0.04681205, -0.00161166, -0.04332231, -0.07896733, -0.10667860, -0.12551257, -0.13613217, -0.14113995, -0.13794680, -0.13154157, -0.12525859, -0.11811448, -0.11156902, -0.10496948, -0.09975710, -0.09630224, -0.09424027, -0.08861501, -0.08065522, -0.07418577, -0.06621636, -0.05843870, -0.05112046, -0.04575629, -0.04065312, -0.03547525, -0.03090803, -0.02742773, -0.02370063, -0.01883797, -0.01335591, -0.00934436, -0.00601046, -0.00466558, -0.00514178, -0.00736904, -0.01034777, -0.01348194, -0.01330806, -0.00961940, -0.00568450,  0.00000192
 -0.10988886, -0.04655451,  0.02016581,  0.08240204,  0.13665608,  0.18024935,  0.21042766,  0.22678101,  0.23721975,  0.24094479,  0.23752990,  0.22790142,  0.21210330,  0.19369049,  0.17379628,  0.15245585,  0.13259586,  0.11447455,  0.09610503,  0.07666314,  0.05937152,  0.04456283,  0.02985970,  0.01600525,  0.00107204, -0.01276624, -0.02636694, -0.03851124, -0.05007632, -0.06089919, -0.06986386, -0.07863629, -0.08751277, -0.09474658, -0.10089323, -0.10876846, -0.11779011, -0.12586987, -0.13318149, -0.13884767, -0.14330188, -0.14783489, -0.15265146, -0.15862541, -0.16600420, -0.17521376, -0.18302004, -0.18894923, -0.19477052, -0.19834480
 -0.56509655, -0.35292950, -0.10948918,  0.07565133,  0.20683997,  0.27145643,  0.25374176,  0.17826801,  0.14265797,  0.10998851,  0.07247326,  0.01823413, -0.03747715, -0.08602181, -0.12373588, -0.15630087, -0.15909230, -0.15206319, -0.14200433, -0.11578301, -0.09185348, -0.06691683, -0.04640909, -0.04388580, -0.06066303, -0.06198167, -0.04769139, -0.04712028, -0.03780081, -0.02587416, -0.01386810, -0.00987777, -0.00239087,  0.00637862,  0.01061746,  0.00993676,  0.01070412,  0.01885423,  0.03625287,  0.05357183,  0.07958640,  0.10550788,  0.12826456,  0.13878096,  0.13145062,  0.10808785,  0.09096187,  0.08917087,  0.09426158,  0.11668112
 -0.22724344,  0.10773919,  0.25739031,  0.22335243,  0.00398854, -0.25526108, -0.34583597, -0.18015801, -0.01736942,  0.13170935,  0.21440368,  0.21796456,  0.14367934,  0.03437168, -0.07761597, -0.12829830, -0.16884134, -0.15447436, -0.05156264,  0.05544162,  0.13407874,  0.14322486,  0.10054903,  0.04800446,  0.01322760, -0.03737640, -0.11256777, -0.12301039, -0.10776837, -0.04504856,  0.04640318,  0.13972290,  0.17246403,  0.12267972,  0.02047473, -0.08828904, -0.16633316, -0.17933062, -0.12943906,  0.00331520,  0.13089626,  0.18938346,  0.15247277,  0.03133669, -0.10932311, -0.16217513, -0.11484711, -0.02839060,  0.07338071,  0.09890660
 -0.06491937, -0.10015433,  0.01921824,  0.17697718,  0.24546173,  0.15088757, -0.05791354, -0.23701923, -0.30520423, -0.26078210, -0.13103799,  0.03362888,  0.17250770,  0.24351630,  0.23146333,  0.15642537,  0.04288948, -0.08040266, -0.16285699, -0.17470584, -0.11816166, -0.02643006,  0.05699623,  0.11184618,  0.13706883,  0.12758592,  0.06905052, -0.01737648, -0.10178319, -0.15569008, -0.15046622, -0.07650850,  0.04140297,  0.15300194,  0.21051692,  0.19019804,  0.09967594, -0.02558605, -0.13906380, -0.18632223, -0.14164223, -0.03103461,  0.08716997,  0.15020578,  0.12323811,  0.02976995, -0.06560737, -0.11450196, -0.09803300, -0.03753431
  0.39592539, -0.04050908, -0.23821546, -0.29082256, -0.14838216,  0.06576350,  0.13701308, -0.02046236,  0.02108445,  0.11421460,  0.21241219,  0.26546576,  0.23926358,  0.13819873,  0.00394640, -0.17690103, -0.22523363, -0.20129041, -0.22206178, -0.21609398, -0.15762685, -0.04475100,  0.03713443,  0.04167611, -0.05505454, -0.13204048, -0.12139400, -0.10189159, -0.00139056,  0.10301085,  0.18164745,  0.18173098,  0.15173011,  0.12828968,  0.09996819,  0.04920626,  0.00005356, -0.02498451, -0.01200351, -0.03978191, -0.05926657, -0.05846106, -0.03891943,  0.01001315,  0.07940705,  0.06602224,  0.00620424, -0.02358163, -0.06610142, -0.01219089
 -0.03786334,  0.04130002,  0.04492967,  0.02245512,  0.00492922, -0.01268060, -0.03960880, -0.03552606, -0.05256603, -0.06896599, -0.06746460, -0.03684836,  0.06504797,  0.15610645,  0.18011823,  0.12644931,  0.00228817, -0.11924441, -0.11992353,  0.04430731,  0.22194016,  0.29121675,  0.21029287, -0.01158058, -0.21844118, -0.32300097, -0.28297089, -0.18857191, -0.09185642, -0.03270720, -0.04446485, -0.07961437, -0.10332296, -0.12053284, -0.14274156, -0.10637329,  0.02439983,  0.16826121,  0.25323378,  0.21936327,  0.10251249, -0.00634218, -0.01709095,  0.07936241,  0.18252632,  0.22819545,  0.14127349, -0.04206418, -0.18416989, -0.22393014
  0.03246649, -0.07266386, -0.06867667,  0.08150244,  0.12526319, -0.02174984, -0.12699263, -0.03793341,  0.00369016,  0.00989740,  0.02927549,  0.06456247,  0.08160130,  0.00700791, -0.10713873, -0.15825531, -0.16742657, -0.10651306,  0.04551769,  0.23131999,  0.28195740,  0.09947714, -0.17717091, -0.34620625, -0.26403190, -0.06868010,  0.13707545,  0.26074090,  0.25685090,  0.14797239, -0.00255827, -0.05967249, -0.02517480,  0.00647749,  0.03906333,  0.12998712,  0.20155086,  0.15416945,  0.02477364, -0.12140351, -0.18588932, -0.08982378,  0.06628732,  0.15189953,  0.10758504, -0.02557166, -0.20495531, -0.26871154, -0.11932061,  0.04853111
 -0.09561924,  0.11117097,  0.24285496, -0.14617298, -0.36089203, -0.05850180,  0.21111888,  0.10569393, -0.00754726, -0.06126924, -0.00263889,  0.02499073,  0.09480721,  0.17378706,  0.14558392, -0.02259210, -0.08169918, -0.01262896,  0.14420830,  0.23450046, -0.04295419, -0.33518595, -0.27411389, -0.11011734, -0.06095052, -0.00103565,  0.05984017, -0.15350200, -0.31826365, -0.24066595, -0.04849520,  0.03872146,  0.05702011,  0.03762981,  0.01411165,  0.07353660,  0.15866567,  0.16034588,  0.11448770,  0.04653934,  0.05562918,  0.08452093,  0.14312393,  0.16617538,  0.04340272, -0.09520751, -0.11090066, -0.07218102, -0.04417141,  0.01504075
  0.10523117,  0.08771875, -0.08638825, -0.14645421,  0.01611368,  0.12617014,  0.07170677, -0.01899990, -0.09275263, -0.10989509, -0.03630678,  0.07234135,  0.14933242,  0.07605501, -0.10965709, -0.21635270, -0.14369396,  0.04004822,  0.18003084,  0.20017983,  0.13505597,  0.10409758,  0.14108705,  0.15244641,  0.14334410,  0.08122025, -0.04131460, -0.15143960, -0.10664398,  0.00137843, -0.02094949, -0.14678945, -0.25353224, -0.31222907, -0.26046011, -0.10138133, -0.01121740, -0.08258304, -0.19077414, -0.24029505, -0.17480212,  0.02308138,  0.19613984,  0.19811030,  0.11037963,  0.07250096,  0.06214574,  0.10132724,  0.20628178,  0.20122794
 -0.11401311, -0.04931575,  0.18559595,  0.13592951, -0.11657561, -0.13264689,  0.05848186,  0.14952456,  0.09452008, -0.05566244, -0.15317285, -0.14987673, -0.08130641,  0.08577142,  0.17468133,  0.05900614, -0.15259853, -0.28803057, -0.22279525, -0.03253426,  0.08381122,  0.03772577,  0.03330843,  0.14735505,  0.17543918,  0.14949604,  0.11654477,  0.07267313,  0.01351251,  0.08566021,  0.26998314,  0.29655889,  0.11197032, -0.12230974, -0.23504736, -0.16982961,  0.00984476,  0.14384602,  0.06313406, -0.12380730, -0.26142128, -0.27661377, -0.15026991,  0.01826245,  0.06004981, -0.03934811, -0.05537311,  0.00245454,  0.04478691,  0.10249930
  0.20798129, -0.06730869, -0.27925972,  0.01262432,  0.21275076, -0.02405502, -0.15275716, -0.02135227,  0.13302830,  0.11177792,  0.00081354, -0.02610549, -0.00757712, -0.03811828, -0.03277918,  0.02056818,  0.08886050,  0.11643874,  0.00835012, -0.04057627,  0.06357032,  0.04228717, -0.13970126, -0.14824928,  0.08019879,  0.19142797,  0.08221220, -0.11397712, -0.25094279, -0.29898214, -0.18624187,  0.08758158,  0.26082828,  0.10824484, -0.17327899, -0.28366834, -0.18042727,  0.02691750,  0.20766943,  0.14179527, -0.06700521, -0.08746898,  0.01286253,  0.08812895,  0.18809086,  0.14327733, -0.10988774, -0.16305392,  0.06113483,  0.19334988
 -0.12991522,  0.22494623,  0.16536899, -0.24162827, -0.16366495,  0.14739444,  0.06368945, -0.05213765, -0.02072934,  0.06590625,  0.06234486, -0.03990242, -0.07832831,  0.05547211,  0.04373266, -0.06189951, -0.17079030, -0.15807334,  0.00918624,  0.04617453,  0.04144141,  0.09841696,  0.12745079, -0.00818368, -0.11872469,  0.11575885,  0.32156942,  0.28631722,  0.02664853, -0.12954548, -0.17831668, -0.17528051,  0.01686332,  0.18573994,  0.09641987, -0.13340617, -0.26625042, -0.21867504, -0.11031342,  0.08272967,  0.03864000, -0.17166859, -0.14077467,  0.02865791,  0.10146636,  0.19001615,  0.23536636, -0.04372384, -0.15990192,  0.09399755
  0.26777104, -0.38678021,  0.08157004,  0.31625345, -0.23276146, -0.28668658,  0.20597881,  0.05297609,  0.01717139, -0.01817052,  0.04916865,  0.14432088,  0.00242865, -0.11128078,  0.04636739, -0.00967002,  0.00577790, -0.01200056, -0.12163135,  0.06393050,  0.18213754, -0.00815001, -0.13238276,  0.07415889,  0.06815938, -0.12528101,  0.03243166,  0.16395933,  0.06946477, -0.22958597, -0.19551833, -0.08391248, -0.10506280, -0.02747415,  0.07945652, -0.00233168, -0.14514252, -0.14326612, -0.05144976, -0.11324272,  0.02992732,  0.11945634, -0.05812967, -0.01269245,  0.25330111,  0.10881550, -0.00449528,  0.22043443,  0.03690775, -0.07527264
 -0.06915656,  0.16161742, -0.08154647, -0.00892675,  0.04424560, -0.22052435,  0.05410798,  0.22798936, -0.04558961, -0.05339900,  0.07402156, -0.09061772, -0.00591017,  0.08676379,  0.14461086, -0.04086480, -0.14179796, -0.08137676, -0.02951604,  0.04545356, -0.12057186,  0.01071472,  0.10841106, -0.10589301, -0.02575006,  0.13809671,  0.06714100, -0.12068312,  0.17620276,  0.05983713, -0.26624467,  0.05970351,  0.11199708, -0.19307783,  0.00030490,  0.28957351, -0.09090555, -0.27812741,  0.21487837,  0.05297156, -0.19205115,  0.12218913,  0.16485455, -0.23005186, -0.05052619,  0.29655093, -0.14556647, -0.07635677,  0.21854745, -0.16574470
  0.05828262, -0.08895897,  0.04193709,  0.05930072, -0.01044882, -0.08613261, -0.08673533,  0.02468624,  0.14438463, -0.12024808,  0.00703824,  0.25248287, -0.02491301, -0.14472073,  0.12081844,  0.15114738,  0.04772243, -0.01533387, -0.12184402,  0.01137113,  0.02813191, -0.22460930, -0.03888150,  0.14485632, -0.13364649, -0.13582112,  0.09937160, -0.04428447, -0.05380525,  0.18011712, -0.06479366, -0.24123889,  0.15347625,  0.05725788, -0.31118681,  0.05152467,  0.29680101, -0.23411326, -0.18128647,  0.25044173, -0.06545886, -0.20486310,  0.15386002,  0.02884240, -0.17872068,  0.13884286,  0.19417401, -0.11595500,  0.05278959,  0.17837833
 -0.05188218,  0.21428571, -0.20528783,  0.03114393,  0.08051591, -0.31991610,  0.13102318,  0.09850625,  0.17420047,  0.11533191, -0.36545440, -0.04443969,  0.22019528,  0.11863606,  0.11638176, -0.07309019, -0.16120348, -0.01900786,  0.00857991, -0.25105782,  0.10428029,  0.14316995, -0.31273668,  0.02397402,  0.12634303,  0.08399696, -0.03057224, -0.00523606,  0.08306848, -0.04186717,  0.07750595, -0.19985567, -0.14622226,  0.11325898,  0.05211967, -0.02824903, -0.01032834,  0.07915548, -0.18012847,  0.07307089,  0.16794554, -0.03062760,  0.21995723, -0.10659749, -0.12200013,  0.05844463,  0.05168570,  0.03495777, -0.13907695,  0.04313806
 -0.00142659, -0.04454662, -0.07809739,  0.03697179, -0.02578713,  0.07011661,  0.19180688,  0.09026444, -0.05479608, -0.21779522, -0.10987185,  0.11275879, -0.00263472, -0.18608283, -0.26723795, -0.25486975, -0.14496537, -0.03065740,  0.02366358,  0.13959346,  0.22362089,  0.11883203,  0.20941230,  0.33752717,  0.21482233,  0.09169761, -0.00730618, -0.03481470, -0.08466494, -0.10309587, -0.12779375, -0.06168713,  0.13573628,  0.14804172,  0.07861684,  0.11129469,  0.15613779,  0.10587229,  0.14347263,  0.22375944,  0.03827920, -0.06951395, -0.12618718, -0.21440356, -0.13465224, -0.10093130, -0.14163109, -0.18427836, -0.12713925, -0.06553758
  0.03273358, -0.04309217,  0.09490902, -0.15729564,  0.17124119, -0.09858811, -0.12027270,  0.14373787, -0.15969457,  0.08975189,  0.07969006, -0.04872749,  0.32933571, -0.15545391, -0.04733907,  0.00939636, -0.00508774, -0.11812742, -0.16081091,  0.11638875, -0.22409146,  0.02081605, -0.03207838,  0.03309789,  0.23115636, -0.11599831,  0.31796566, -0.01319638,  0.07594335,  0.00510114, -0.13130508,  0.01793964, -0.23330946,  0.05347598, -0.15600818, -0.11263366,  0.12739193,  0.03275339,  0.13782606, -0.06622466,  0.35150495, -0.09811761, -0.13662126,  0.21414094, -0.17684362,  0.10497858, -0.13003975,  0.01997788,  0.06345135, -0.13377165
  0.00088407,  0.01666812, -0.02236168,  0.08101520, -0.08266982,  0.11115517, -0.05750688, -0.10724538, -0.01908933, -0.20410393,  0.06514029,  0.18285502,  0.15017325,  0.26038794, -0.06319867, -0.04321796, -0.01082148, -0.01888566, -0.16566787, -0.16000299, -0.03673365, -0.25416125, -0.05085625, -0.01402761,  0.09114204,  0.19778209,  0.04310212,  0.29539392,  0.12655405,  0.14507397, -0.03703637, -0.14320777, -0.09725005, -0.27695628, -0.16224010, -0.24372119, -0.09824687,  0.08386680,  0.17573524,  0.27402225,  0.12084471,  0.31634124, -0.02464265, -0.11211158,  0.04335727, -0.13103033, -0.01083763, -0.15157582, -0.00356971,  0.02147304
  0.02886695,  0.02987094,  0.02292165,  0.00629063, -0.07207100, -0.08788797, -0.17830333, -0.16909977,  0.18569428,  0.35596937,  0.26077945,  0.03960621, -0.13672715,  0.00269229,  0.03631044, -0.00687390, -0.08860057, -0.10472973, -0.10134405, -0.18100662, -0.04685738,  0.06854155,  0.11257813,  0.03988468,  0.03882621,  0.16978972,  0.06533058, -0.00970003, -0.15274932, -0.18712772, -0.16485044, -0.25940131, -0.23240738, -0.16967271,  0.07137739,  0.23121556,  0.27732375,  0.29493696,  0.13966072,  0.00086640, -0.14704599, -0.06994458, -0.04698357, -0.08712896, -0.03714162, -0.09172864,  0.06593204,  0.11909491,  0.07974240,  0.08536267
  0.05088959, -0.02872230, -0.00506407, -0.01024263, -0.10418991,  0.05107347, -0.21040287,  0.19494237,  0.38722015, -0.08824657, -0.06876906, -0.27639299,  0.10846663,  0.12689723, -0.09178165,  0.01150612, -0.11734950,  0.09127161, -0.18117543,  0.05157419,  0.14357836, -0.03607329,  0.06186561, -0.16068786,  0.20607088, -0.00417104, -0.09602425, -0.00193894, -0.20144042,  0.18459642, -0.17190006, -0.02457576,  0.02366242,  0.07928057,  0.24971057, -0.06892009,  0.17406786, -0.13575335, -0.10828716, -0.11466864, -0.05195212,  0.21170186, -0.21600383,  0.13207125, -0.04285267,  0.00508083,  0.22739614, -0.13563301,  0.10941084, -0.12911729
  0.07972996, -0.24798138,  0.30333541, -0.17795561, -0.03296382,  0.19589957, -0.22073721,  0.09475574,  0.12924847, -0.12043830, -0.08583923,  0.12509430, -0.17345781,  0.09970517,  0.20300326, -0.31144137,  0.10776425,  0.09350636, -0.08571675, -0.03464554,  0.00532412,  0.18792479, -0.15924046, -0.05480041,  0.14229850,  0.02890379, -0.04733641, -0.15483152,  0.17001189, -0.02856448, -0.01189767, -0.02551202, -0.04512863,  0.06824597, -0.09797590,  0.17445802, -0.15568521, -0.02455952,  0.23262661, -0.17184006,  0.04549798,  0.06386250,  0.08260964, -0.05370940, -0.20375710,  0.05253180,  0.08117353, -0.02742649, -0.21395285,  0.19988522
 -0.06041946,  0.09507482,  0.04749415, -0.17630045,  0.16275355, -0.08716431, -0.13368535,  0.15050642,  0.04503264, -0.02972135,  0.03254277, -0.02695262, -0.01474775,  0.29480620, -0.22478846, -0.07839659,  0.36905628, -0.21587824, -0.13013097,  0.16196595,  0.08014912, -0.19820057, -0.07653185,  0.17445379, -0.08912098, -0.06204622, -0.12999531, -0.00145595,  0.07079621, -0.11740786,  0.00302785, -0.12683689,  0.09248781,  0.07061334, -0.00875758,  0.06559837,  0.00883289,  0.18666187, -0.19482507, -0.14504349,  0.09653772, -0.02302916, -0.15605932, -0.30521901,  0.19323373,  0.19007411, -0.08134251,  0.02468451,  0.15942085,  0.11830795
 -0.09116472,  0.08382796,  0.03475001, -0.04399711,  0.04845765, -0.04367387,  0.11159509,  0.00672997, -0.26638704, -0.08684038,  0.28127346,  0.00838678, -0.02982323, -0.03832039,  0.07121886,  0.07418451, -0.11214464,  0.21600821,  0.00396703, -0.16506650,  0.17269811,  0.02278091, -0.22527880,  0.07042121,  0.12761475, -0.30976690, -0.11161136,  0.15938584, -0.04021672, -0.05450831, -0.07981554,  0.13888571, -0.02561023, -0.09788750,  0.19130816, -0.11197622, -0.02427749,  0.18153235,  0.04626418, -0.10557179, -0.08430285, -0.05157837, -0.05130761, -0.09257194, -0.25500294,  0.20365684,  0.17289381, -0.27714755,  0.20860957,  0.23946362
 -0.02028523,  0.03826737, -0.07283911,  0.09642741, -0.13079085,  0.22903966, -0.01521963, -0.21563371, -0.02359636,  0.24118930, -0.08308736, -0.11296966, -0.11520843,  0.00044444,  0.22750950, -0.26388815,  0.02085264,  0.24450986, -0.27284089,  0.07078034,  0.18521626, -0.13988758,  0.02223731,  0.17659408, -0.15574069, -0.00347883,  0.19987437, -0.06787283, -0.03632510,  0.05472566,  0.07679021,  0.11630550, -0.20289253,  0.17713391, -0.01665193, -0.17801608,  0.11619453,  0.00117917, -0.06186056, -0.03436739,  0.00799909,  0.11460816,  0.11129075, -0.16029835, -0.04905414,  0.23187187, -0.24252316, -0.06037308,  0.13413453, -0.15952382
  0.11150079, -0.10979633,  0.09421467, -0.17713286,  0.07679608, -0.08063643,  0.09051158, -0.03548136,  0.04408677,  0.11919537,  0.16128875, -0.19037392, -0.27448784, -0.01866468, -0.12350556,  0.10187060,  0.02871024, -0.13120946,  0.04684149, -0.13342417,  0.09851211,  0.04456200, -0.06437245,  0.24715830,  0.11421845, -0.03151267,  0.21933695, -0.02795447, -0.10952074,  0.18175213,  0.02567663, -0.12100309,  0.21870773, -0.19226126, -0.02790593,  0.00653026, -0.09173045,  0.10464637, -0.12525434, -0.13353304,  0.10691007,  0.22234532,  0.31081366,  0.10716655,  0.05192515,  0.03926396, -0.03917167, -0.27389607, -0.21417824, -0.24766308
  0.02646429, -0.06069571,  0.10044682, -0.09916814,  0.07630491, -0.05563576, -0.11973578,  0.13849123,  0.11516079, -0.18640994,  0.00277071,  0.16545412, -0.03585068,  0.00378216, -0.03522284, -0.05699684, -0.00131148,  0.10929319, -0.05252913, -0.12007122,  0.14090528, -0.12924534,  0.04144224,  0.10263160, -0.24510281,  0.18489250,  0.10189526, -0.23992078,  0.17968220, -0.00590089, -0.19158445,  0.21853319, -0.09924958, -0.21302048,  0.36651783, -0.14543666, -0.13412366,  0.18750941, -0.15941794,  0.15816031,  0.05157598, -0.29490547,  0.11975910,  0.19469973, -0.03079452, -0.06916622,  0.00745188,  0.07539710,  0.06491073, -0.15263396
  0.01067829,  0.02807661,  0.02456055, -0.09300396,  0.07064039, -0.16683271,  0.05860359,  0.14864903, -0.08084208, -0.08563430,  0.26357896,  0.01425445, -0.17790064, -0.04283306, -0.07715464, -0.01405691,  0.13443605, -0.03584474, -0.16425006,  0.10383042, -0.04741947, -0.05088623,  0.13232367, -0.15359373,  0.15454618,  0.20899394, -0.23158535,  0.11557500,  0.11664140, -0.23057970,  0.17080620,  0.03423654, -0.22309204,  0.24522636, -0.00221091, -0.27514310,  0.20919508, -0.04655478, -0.04052635,  0.07098913, -0.23965979,  0.05602024,  0.31356789,  0.05408575, -0.05438184,  0.06056124,  0.09782504, -0.03256913, -0.19184141, -0.13954954
  0.07738991, -0.12454673,  0.00929741, -0.03603813,  0.16345698, -0.10981904, -0.00295004,  0.07904074,  0.05446750, -0.16492652,  0.06361563, -0.07674917, -0.17988255,  0.31384856,  0.06073776, -0.23891581,  0.03484507,  0.06589937,  0.04611997, -0.05644860, -0.07010058,  0.14747393,  0.04608834, -0.02679859,  0.00240785, -0.21431545,  0.12379571,  0.24845430, -0.31792822, -0.06136371,  0.31960429, -0.11149510, -0.13490361, -0.02897529,  0.10314163,  0.09707155, -0.04570381, -0.20012551,  0.02122377,  0.26933611,  0.06439728, -0.17898337,  0.01973965,  0.09048358, -0.02426466, -0.10678629, -0.18804387, -0.01105681,  0.25768130, -0.06849954
 -0.05933409, -0.00013884,  0.02702575,  0.14557023, -0.10313529, -0.00553335,  0.04333019,  0.02551117, -0.18689456, -0.03501856,  0.09232999,  0.02181845,  0.15621154,  0.11316319, -0.26722176, -0.07163316,  0.20544173, -0.01191757, -0.05320191, -0.02980656,  0.06340186,  0.08853779, -0.18451190, -0.06781651, -0.04403601,  0.02782163,  0.20824149, -0.13778045, -0.21122170,  0.31348084,  0.01306707, -0.22275006,  0.07358069,  0.20342544,  0.04536054, -0.10018536, -0.17232713,  0.11077453,  0.22942360, -0.04929787, -0.30611799, -0.12366993,  0.10835539, -0.06041719, -0.14806613,  0.02054980,  0.16315819,  0.29130154,  0.04098520, -0.17981869
 -0.05980083,  0.25724141, -0.31121299,  0.28174593, -0.32352213,  0.17578284, -0.19134080,  0.17483105,  0.06592750, -0.06668098,  0.03959634,  0.19344668, -0.19208927, -0.05727806,  0.04096251, -0.08128757,  0.17764925, -0.14148028, -0.02597070,  0.10127546, -0.23700672,  0.13623062, -0.07742728,  0.01917469,  0.17482881, -0.08670126, -0.07651307,  0.17680534, -0.10329527,  0.05171208, -0.12490488,  0.09073586, -0.00984118, -0.06918184,  0.00293433,  0.08650676, -0.11927984,  0.17184391, -0.15667856, -0.04549221,  0.10724370, -0.13634323,  0.13377357,  0.17386526, -0.02198272,  0.13869364, -0.06186962, -0.05475857, -0.04200931, -0.09886496
 -0.05411616,  0.07265703,  0.00251228, -0.06218386,  0.14423389, -0.19920092,  0.22960494, -0.23026779,  0.08443971,  0.03334700, -0.15527375,  0.23463792, -0.03492146, -0.14353546,  0.13058007, -0.14650618,  0.06255188,  0.11814684, -0.22122129,  0.16251965,  0.01215861, -0.16440881,  0.21427275, -0.20229454,  0.02947176,  0.13505085, -0.11928151,  0.11185828, -0.07222380,  0.01296079,  0.12565114, -0.20387231,  0.21687818, -0.07754254,  0.00556391,  0.06783308, -0.19503195,  0.15459840,  0.09490187, -0.25212875,  0.14210958, -0.08938329, -0.07241409,  0.17072385, -0.13734319,  0.04666959,  0.13090471, -0.09688281,  0.15840789, -0.17521951
 -0.03211178,  0.12963946, -0.07428405,  0.00390745, -0.03803394, -0.03555472, -0.20379434,  0.40170731, -0.19672181,  0.14209166, -0.03402209,  0.00342442,  0.05826622, -0.13689468, -0.01876531,  0.00390363,  0.00428575,  0.14640107, -0.09044136, -0.18593511,  0.14512803, -0.12983456, -0.03018251,  0.31229255, -0.22799872,  0.10649374, -0.06643737,  0.09240877, -0.02470007, -0.09800396,  0.15992471, -0.08830589, -0.11489147,  0.11281379, -0.12124797,  0.24947516, -0.16910106, -0.09476248,  0.18214149, -0.08294358, -0.08784035,  0.09717720, -0.08324414,  0.27163925,  0.12032351, -0.15908408,  0.10641604, -0.18464306,  0.02267749, -0.06276762
  0.05507044, -0.07466216, -0.10617499,  0.18519020, -0.02719511, -0.08625985,  0.13569461,  0.07156002, -0.33407809,  0.10787036,  0.24896593, -0.24629930, -0.14081364,  0.28759377,  0.07703447, -0.24548721, -0.00976507,  0.14854556, -0.07102184,  0.00039461,  0.06781931,  0.03106457, -0.01331071, -0.10046032, -0.03659369,  0.20825309, -0.09817778, -0.11312313,  0.08640577,  0.09083738, -0.17104625,  0.01041620,  0.17730316, -0.01236848, -0.22680115,  0.07767055,  0.11979483,  0.02180506, -0.22744309,  0.07411386,  0.24824219, -0.10301328, -0.18679070,  0.15406801, -0.08676040, -0.11401424,  0.12740191,  0.05787105, -0.09503381,  0.05570500
  0.00288987, -0.08126264,  0.15515737,  0.01217951, -0.15756941,  0.05979050,  0.08506827, -0.19541396, -0.00594039,  0.34149189, -0.19807313, -0.19071964,  0.23001790,  0.10214412, -0.31700885, -0.03787036,  0.27420897,  0.00138032, -0.12598850,  0.02456971,  0.02829847, -0.05829734, -0.00523449,  0.03530258,  0.11892389, -0.03958997, -0.16579281,  0.11859623,  0.08930428, -0.10156830, -0.04432417,  0.16012198, -0.01149219, -0.22047020,  0.05337290,  0.19628045, -0.05805931, -0.17112987,  0.03114599,  0.22876170, -0.11485417, -0.21024476,  0.15890997,  0.15434450, -0.13658204,  0.09539081,  0.02452145, -0.15077845, -0.03526158,  0.05134537
  0.01226584, -0.00261894,  0.05975862, -0.13448951,  0.09369865, -0.14378985,  0.14294641, -0.04092963,  0.09169282, -0.04019950, -0.06250408,  0.06954511, -0.11695706,  0.10502993, -0.12443039,  0.17916391, -0.08219525,  0.10281986, -0.11033911,  0.00177807, -0.04004713,  0.04532133,  0.04430948,  0.09778445, -0.15600124,  0.07182240, -0.15283041,  0.19339186, -0.19684005,  0.23957244, -0.25424736,  0.13509277, -0.17795778,  0.19228982, -0.13779838,  0.12075286, -0.15638779,  0.13269638, -0.06267903,  0.06113565, -0.12874003,  0.18418350, -0.11154153,  0.20836915, -0.20303949,  0.15798730, -0.33252558,  0.18865314, -0.13999287,  0.17702517
  0.00566006, -0.04856387, -0.08253620,  0.05821651,  0.23881297,  0.02731710, -0.15483967, -0.14271000, -0.01825200, -0.00911872,  0.10009753,  0.07028427, -0.02390038, -0.00822400, -0.00239910,  0.01485034, -0.17459869, -0.09934806,  0.08406714,  0.26933390,  0.11904563, -0.20092779, -0.28735976,  0.03924335,  0.10309468,  0.18479116,  0.02930224, -0.03529396, -0.21605877,  0.00546247,  0.22618617,  0.22713345, -0.18255565, -0.13124298,  0.00086389,  0.24072865, -0.11049613, -0.06801508, -0.04380887,  0.14297930,  0.00865641, -0.00334925, -0.19381573, -0.09675773, -0.04681293,  0.24471518,  0.25930419,  0.08555820, -0.22276711, -0.18196226
  0.09530594,  0.02927086, -0.15078120, -0.17615513,  0.02382607,  0.20920967,  0.07444042,  0.06667179, -0.07946694, -0.07024180, -0.07264647,  0.01879657,  0.02492491, -0.05551463,  0.04494120,  0.17646408,  0.12610870, -0.24916506, -0.28771464,  0.02841869,  0.28730867,  0.21659241, -0.07468345, -0.14977280, -0.17156775,  0.04475017,  0.14572022,  0.13260782, -0.10979790, -0.25723941, -0.02599528,  0.17062427,  0.09105505, -0.11846305, -0.08470334,  0.09605735,  0.03422633, -0.02905173, -0.11292082, -0.00109824,  0.06417777,  0.20478767,  0.10654294, -0.06560441, -0.30774230, -0.24334469,  0.08405597,  0.16922658,  0.15850682, -0.03095996
 -0.08521787,  0.16946364, -0.07831238, -0.00417691,  0.01288984, -0.04556058,  0.08448727, -0.18242034,  0.26042688, -0.26811707,  0.24762356, -0.17180291,  0.08657963,  0.00219964, -0.13924245,  0.07471963, -0.05893081,  0.27149366, -0.27227016,  0.04912627,  0.01456432,  0.01855058, -0.03244273,  0.07032991, -0.01658827, -0.06369328,  0.05518618,  0.03965781, -0.01384455,  0.00135749, -0.07771849,  0.16723226, -0.09467197,  0.06447754, -0.16782174,  0.18822730, -0.03840979, -0.09592335,  0.14915982, -0.19602103,  0.18946543, -0.25001004,  0.24062983, -0.15036922,  0.23289013, -0.21103621,  0.08137862,  0.03571911, -0.11999430,  0.02675299
 -0.13148415,  0.15685098,  0.05723313, -0.09408561,  0.02974291,  0.01289252, -0.02964540, -0.06716184,  0.00740323,  0.03643359, -0.10009007,  0.28789119, -0.17289387,  0.14678043, -0.16319718, -0.06249115,  0.00333635,  0.08156212,  0.13241103, -0.28621150,  0.13943788,  0.03204091, -0.17949242,  0.04182478,  0.03306822,  0.02151899, -0.06446716,  0.15762532,  0.00505603, -0.05994779, -0.09843076,  0.12473037,  0.17489833, -0.09319420, -0.09231112, -0.10620447,  0.39517129, -0.29075116,  0.17624665, -0.19116057,  0.06324886, -0.06954420, -0.09622271,  0.10451794,  0.04687287,  0.12468256, -0.06465863,  0.22151646, -0.02714134, -0.27419827
 -0.09714029,  0.04215623,  0.18946410, -0.14511430,  0.03832322, -0.01179930,  0.00882605, -0.12923612,  0.10638503, -0.08042731,  0.06673053, -0.01974453,  0.18358374, -0.18022441,  0.09767444, -0.23668151,  0.05532424,  0.16397652, -0.00999544, -0.05287769, -0.16762811,  0.24957743, -0.22025135,  0.05630163,  0.03909476, -0.02875531, -0.00710897,  0.06958036,  0.09199029, -0.07533588, -0.06458299,  0.06723240,  0.12351056,  0.05451082, -0.23794214,  0.10246423,  0.00239945,  0.19705988, -0.28883636,  0.24564220, -0.29346503,  0.13702587, -0.13503956,  0.02790347,  0.18584807, -0.04487527,  0.08933241, -0.01468172,  0.15534753, -0.30551968
  0.06558129, -0.14039433,  0.09556449, -0.04580405,  0.02706415,  0.00116607,  0.00692474,  0.05515770, -0.16794716,  0.21831173, -0.23356383,  0.21099401, -0.18700704,  0.16388319, -0.12098973,  0.19160847, -0.20702564,  0.08747734, -0.13176349,  0.28095012, -0.28149592,  0.25165845, -0.19210499,  0.08057718, -0.08388544,  0.13989826, -0.10658917,  0.02284499, -0.06125743,  0.11823284, -0.09751113,  0.04348899, -0.07086418,  0.05795824,  0.03714490, -0.08988810,  0.04545206, -0.00989657,  0.00488880, -0.00767910,  0.08026035, -0.07978357,  0.10898812, -0.18784987,  0.15346222, -0.15749876,  0.19049319, -0.22122716,  0.22702706, -0.08502974
  0.00934273, -0.08168503,  0.14520011, -0.07564663, -0.06019716,  0.17068972, -0.22739967,  0.21767230, -0.16843489,  0.08558802, -0.03458290,  0.01505090,  0.07077823, -0.02009730, -0.08515002,  0.16666401, -0.32325495,  0.30652121, -0.10512935, -0.06582939,  0.09620384, -0.11395649,  0.15277622, -0.23627405,  0.18491169, -0.05899433, -0.04257321,  0.13585197, -0.05661579, -0.07528081,  0.10119037, -0.13186307,  0.19858634, -0.05314629, -0.10805497,  0.10483738, -0.07928777,  0.17082455, -0.18473829,  0.06505520,  0.03599172, -0.14330531,  0.17929704, -0.18205693,  0.06965634,  0.13696201, -0.17736311,  0.23026331, -0.06034546, -0.09864924
  0.07140574, -0.16059141,  0.07403562,  0.09803683, -0.18593058,  0.13567649,  0.03532372, -0.12660079,  0.13529314, -0.15469504,  0.11871498, -0.08467638,  0.04644018,  0.06493192, -0.13508643,  0.17875995, -0.10772721, -0.15703552,  0.27513447, -0.18912394,  0.07289271,  0.03047692, -0.00291185, -0.05143638, -0.10759608,  0.24633468, -0.14910129, -0.02251767,  0.10875888, -0.11489887,  0.08719118, -0.02805451, -0.12251980,  0.26661444, -0.21793798,  0.09349300, -0.07059126,  0.07994634, -0.01544919, -0.09441738,  0.18670878, -0.11971000,  0.02380669,  0.02607164, -0.17026785,  0.19731701, -0.03171789, -0.17858822,  0.35030082, -0.20448466
  0.03345909, -0.08285259,  0.11044145, -0.12938602,  0.08269216, -0.00539907, -0.01821580,  0.05681832, -0.10479859,  0.08649002, -0.02122611, -0.03823610,  0.10768820, -0.20236578,  0.25772990, -0.18748510,  0.16300697, -0.22432137,  0.19333369, -0.15177056,  0.18246763, -0.13853812,  0.07113718, -0.10134156,  0.06651412,  0.09210310, -0.21362381,  0.22676156, -0.27533789,  0.31995655, -0.27150942,  0.16784806, -0.13643336,  0.10157902, -0.04053752,  0.01293351, -0.00463927, -0.01484763,  0.00861938, -0.00724182,  0.09328588, -0.14588908,  0.16804465, -0.19871329,  0.18531146, -0.12397308,  0.03115648, -0.00713028,  0.05251663, -0.02607869
  0.01927303, -0.03572500,  0.04931794, -0.05534302, -0.03096964,  0.11200507, -0.05249705, -0.01229530,  0.02254390, -0.08435132,  0.18475620, -0.21811901,  0.17541550, -0.21384268,  0.16525229,  0.01667697, -0.02653619,  0.00058863, -0.10641888,  0.15109209, -0.08000711,  0.16565840, -0.26459649,  0.21785084, -0.18125751,  0.29980410, -0.32691461,  0.12985081, -0.06255980,  0.06496548,  0.10306262, -0.24998656,  0.18282688, -0.18391444,  0.21805779, -0.14263853,  0.07881033, -0.12304310,  0.08698986, -0.00730173,  0.07895020, -0.09189863,  0.02304386,  0.03453723, -0.04585231,  0.09751020, -0.23630454,  0.13170156, -0.03139318,  0.05322455
  0.03996593, -0.14671072,  0.05816952,  0.15500508, -0.01396556, -0.13920495, -0.05339262,  0.12697505,  0.03038740, -0.06232775, -0.07445281, -0.02764169,  0.23365483,  0.00725871, -0.10985697, -0.18592889,  0.05241760,  0.13338002,  0.13124859, -0.08330607, -0.26995642,  0.09115900,  0.22169687,  0.02697841, -0.36853672,  0.09469899,  0.14672181,  0.20217290, -0.23897074, -0.13203288,  0.05171317,  0.19082713,  0.06622865, -0.15454979, -0.04066508, -0.06339710,  0.14144112,  0.10601519, -0.05268406, -0.19703447,  0.05720216,  0.09787012,  0.06155409, -0.18136603, -0.11297340,  0.21304552,  0.19886771, -0.07942385, -0.19785990,  0.04958597
 -0.08805370,  0.07826225,  0.12566188, -0.02767676, -0.15316045, -0.05415020,  0.13865240,  0.04954732, -0.09285246, -0.06814575,  0.04029692,  0.17721972,  0.01020847, -0.18912274, -0.12815388,  0.08660566,  0.21790781,  0.08062986, -0.17672298, -0.19180837,  0.08272620,  0.23382661, -0.02785018, -0.29135764,  0.04087627,  0.22121119,  0.10707379, -0.24661158, -0.16155529,  0.14168998,  0.19801174,  0.00534546, -0.17822632, -0.11208338,  0.07162259,  0.12019819,  0.09401213, -0.11587352, -0.14758461,  0.04855256,  0.12416938,  0.01950020, -0.18252710, -0.05292127,  0.23299108,  0.16653296, -0.15568635, -0.20998232, -0.01923215,  0.15802062
