 -0.14063380, -0.14064139, -0.14065195, -0.14066545, -0.14068093, -0.14069928, -0.14072292, -0.14075241, -0.14078748, -0.14082811, -0.14087294, -0.14092181, -0.14097365, -0.14102612, -0.14107880, -0.14113205, -0.14118340, -0.14123806, -0.14129646, -0.14135466, -0.14141332, -0.14147189, -0.14152912, -0.14158296, -0.14163300, -0.14167831, -0.14171820, -0.14175100, -0.14177715, -0.14179854, -0.14181697, -0.14183190, -0.14184346, -0.14185151, -0.14185657, -0.14185946, -0.14185942, -0.14185604, -0.14185130, -0.14184512, -0.14183892, -0.14183174, -0.14182325, -0.14181416, -0.14180535, -0.14179869, -0.14179420, -0.14178962, -0.14178573, -0.14178287
  0.07523889,  0.10292476,  0.12805371,  0.15006541,  0.16853682,  0.18340708,  0.19473632,  0.20243745,  0.20683211,  0.20813614,  0.20619625,  0.20128425,  0.19335308,  0.18254909,  0.16893850,  0.15312949,  0.13612300,  0.11752235,  0.09775496,  0.07775417,  0.05773597,  0.03768707,  0.01785147, -0.00102349, -0.01886573, -0.03513109, -0.04949958, -0.06220061, -0.07364045, -0.08412614, -0.09368174, -0.10258985, -0.11065123, -0.11815063, -0.12519031, -0.13167460, -0.13780978, -0.14342611, -0.14859954, -0.15334938, -0.15745321, -0.16048224, -0.16313496, -0.16579756, -0.16796140, -0.16922549, -0.16968118, -0.16929863, -0.16818871, -0.16647218
 -0.37780237, -0.34978797, -0.31640204, -0.27850300, -0.23609438, -0.19036825, -0.14400703, -0.09870611, -0.05484239, -0.01325757,  0.02561993,  0.06111441,  0.09270311,  0.12142553,  0.14654210,  0.16763641,  0.18777219,  0.20054515,  0.20479319,  0.20443058,  0.19839030,  0.18621742,  0.16870518,  0.14869635,  0.12666239,  0.10462698,  0.08429656,  0.06746408,  0.05379878,  0.04172629,  0.03004387,  0.01896585,  0.00912259,  0.00048257, -0.00732196, -0.01462454, -0.02096831, -0.02541152, -0.02958007, -0.03328620, -0.03722085, -0.03948244, -0.04076808, -0.04231800, -0.04393863, -0.04649807, -0.05026200, -0.05318052, -0.05604629, -0.05934791
 -0.34855325, -0.26630218, -0.18318667, -0.10099067, -0.02466404,  0.04225872,  0.10089949,  0.15141485,  0.18897246,  0.21154658,  0.21896467,  0.21158404,  0.19240864,  0.15926747,  0.11652127,  0.06584717, -0.00525568, -0.07052811, -0.12122269, -0.16832136, -0.20474571, -0.22344334, -0.22209837, -0.20886966, -0.18290562, -0.15203314, -0.12351390, -0.10371153, -0.09145020, -0.08074372, -0.06747615, -0.05072499, -0.03308469, -0.01369931,  0.00809777,  0.03182038,  0.05538641,  0.07301165,  0.08901394,  0.10252480,  0.11480017,  0.11735830,  0.11513821,  0.11405889,  0.11132642,  0.10783736,  0.10504305,  0.09558528,  0.08153186,  0.06471235
  0.23246662,  0.18937929,  0.12184250,  0.03442101, -0.06907669, -0.17210919, -0.24778721, -0.27908308, -0.26097303, -0.19372940, -0.08937967,  0.03674857,  0.16274633,  0.25924866,  0.31138245,  0.31241340,  0.24795479,  0.15937058,  0.06758609, -0.02986461, -0.10968843, -0.15649701, -0.16696203, -0.15232216, -0.11705405, -0.07374607, -0.03462025, -0.01319832, -0.00998719, -0.01714853, -0.02624773, -0.03783064, -0.05318675, -0.07116423, -0.08695932, -0.09493092, -0.09545287, -0.09090727, -0.07250767, -0.04393580, -0.00483226,  0.03048426,  0.05692197,  0.07519971,  0.08420706,  0.09064057,  0.09735364,  0.09678841,  0.09798855,  0.10747336
  0.28811200,  0.14435841, -0.01491369, -0.15702809, -0.24764221, -0.26482798, -0.21184924, -0.10682309,  0.02987930,  0.16563725,  0.26517325,  0.30127403,  0.25806779,  0.15253086,  0.00536196, -0.14510077, -0.22458843, -0.25966848, -0.25398504, -0.17978962, -0.06473330,  0.05090575,  0.13298177,  0.17724487,  0.16991204,  0.12828826,  0.07638304,  0.03961596,  0.02305862,  0.01500304,  0.00596969, -0.00643615, -0.01750559, -0.02763380, -0.03592855, -0.03933519, -0.03193286, -0.00318905,  0.02902388,  0.05574154,  0.06385517,  0.06718923,  0.05369203,  0.01393156, -0.03544889, -0.08208936, -0.11567010, -0.11022310, -0.06985913, -0.00726118
  0.05076737, -0.03203343, -0.06722226, -0.06444886, -0.04834131, -0.02232512,  0.02085840,  0.06271804,  0.09191839,  0.10224307,  0.07886719,  0.04099754, -0.00447125, -0.05320995, -0.09450798, -0.10577808, -0.09152098, -0.04740137,  0.01641538,  0.07065308,  0.10721807,  0.11215710,  0.08628262,  0.04682683,  0.00621126, -0.01497711, -0.01052616, -0.00492451, -0.01193113, -0.02905170, -0.04283130, -0.06532745, -0.08587152, -0.11023811, -0.13262348, -0.14121838, -0.14944773, -0.15927000, -0.16365795, -0.16979756, -0.16198713, -0.13510198, -0.11194316, -0.09170243, -0.04385756,  0.05707032,  0.19466525,  0.33203718,  0.45236914,  0.53841637
  0.27310877,  0.09418848, -0.07183368, -0.16871456, -0.19252730, -0.15161333, -0.05343599,  0.06600781,  0.14702463,  0.15687557,  0.09400885, -0.00905998, -0.10170621, -0.15560933, -0.13129658, -0.03087883,  0.05136572,  0.15333383,  0.24885594,  0.24151329,  0.14100702, -0.00534992, -0.14419901, -0.25050611, -0.27199550, -0.20639965, -0.08851571,  0.02129246,  0.08678746,  0.10136826,  0.07931364,  0.03349650, -0.03145361, -0.09024939, -0.11058558, -0.07405969,  0.01014832,  0.10191150,  0.18789623,  0.23456798,  0.23244067,  0.14729643,  0.00862186, -0.11876205, -0.19501676, -0.19027897, -0.11220312, -0.02765256,  0.03073901,  0.04112567
  0.18824743, -0.00920281, -0.13445857, -0.16361379, -0.10219329,  0.01251441,  0.10862402,  0.13387604,  0.08754557,  0.00180768, -0.06999992, -0.09782553, -0.07981206, -0.01311113,  0.06146482,  0.09910456,  0.14449382,  0.10296231, -0.04186389, -0.17908835, -0.25139152, -0.23305959, -0.13670736,  0.02118328,  0.17025847,  0.26229635,  0.26899256,  0.21408057,  0.12509153,  0.01634734, -0.09215873, -0.16370087, -0.17514059, -0.11927016, -0.01519418,  0.09351362,  0.17528556,  0.21757426,  0.17937080,  0.06929056, -0.09193345, -0.21995841, -0.26420880, -0.21553650, -0.09326735,  0.02960401,  0.08550346,  0.08420766,  0.03503217, -0.02601391
 -0.00301406, -0.03945511, -0.01573109,  0.04804671,  0.08522601,  0.05758660, -0.01432099, -0.08466092, -0.10507905, -0.05404763,  0.03441240,  0.11251176,  0.13119563,  0.06645242, -0.05099477, -0.15635111, -0.19616293, -0.11570489,  0.04807726,  0.18364894,  0.21551777,  0.12300422, -0.04384497, -0.18555003, -0.20760984, -0.08578277,  0.11535522,  0.26975370,  0.28130893,  0.14101714, -0.07249615, -0.25746386, -0.32499101, -0.25001512, -0.07685750,  0.10256868,  0.18640839,  0.13519724,  0.00122139, -0.12682900, -0.16110258, -0.08384324,  0.05315244,  0.16945984,  0.20333465,  0.15159656,  0.05102575, -0.05123053, -0.10440450, -0.09931942
  0.03133229, -0.00640438, -0.06482528, -0.06996800, -0.00129742,  0.08454230,  0.11505787,  0.07072225, -0.02487890, -0.11396260, -0.13499974, -0.07822336,  0.03030658,  0.12950148,  0.16755003,  0.11573640, -0.02498229, -0.16915050, -0.20970319, -0.12104173,  0.03900475,  0.18020149,  0.21717312,  0.11012493, -0.07801397, -0.23423676, -0.26004051, -0.12947740,  0.08494157,  0.26007515,  0.29970343,  0.19694061,  0.00093455, -0.18225151, -0.25677541, -0.19005480, -0.02048807,  0.14246315,  0.20250335,  0.13742589, -0.00398569, -0.14161101, -0.18638691, -0.10912439,  0.02584505,  0.12418675,  0.13738829,  0.06668340, -0.04147760, -0.11706370
  0.34982094,  0.00010763, -0.22170407, -0.17691677, -0.03167866,  0.04103756,  0.04402490,  0.03112280, -0.00894164, -0.05453711, -0.06923002, -0.04860115,  0.00209456,  0.03531034,  0.10855291,  0.17531747, -0.00032729, -0.10942197, -0.01622634,  0.06683660,  0.12688788,  0.18001333,  0.18411985,  0.04548642, -0.10155097, -0.17792578, -0.18901051, -0.19970807, -0.24113179, -0.29356848, -0.27091858, -0.13323516,  0.01238875,  0.12678005,  0.21606740,  0.27532333,  0.28496202,  0.17614334,  0.02932701, -0.08285385, -0.07500795, -0.04987858, -0.02016285,  0.02934975,  0.02995284, -0.00687582, -0.02559396, -0.05287043, -0.01568911,  0.10331458
 -0.01334153, -0.06140945, -0.05167171,  0.00318414,  0.06657074,  0.06783444, -0.01469235, -0.08542543, -0.10526435, -0.07737074,  0.04643696,  0.13924520,  0.13249356,  0.09034883,  0.03136078, -0.06435393, -0.05120454, -0.01644723, -0.03296896, -0.03503709, -0.05810666, -0.09813050, -0.14684861, -0.16908981, -0.13207870, -0.06678193, -0.02295963,  0.05194528,  0.15858673,  0.24188045,  0.24846577,  0.23644892,  0.20981901,  0.21979865,  0.23446693,  0.18445405,  0.11064440,  0.04189091, -0.04109166, -0.09881525, -0.18922510, -0.25584354, -0.20943529, -0.11421477, -0.08374019, -0.16625541, -0.25655217, -0.18195648,  0.04873223,  0.33415908
  0.05089156, -0.13182348, -0.12600429,  0.15203309,  0.30510883,  0.07263733, -0.27335847, -0.32813349, -0.05651674,  0.26126888,  0.33337114,  0.08328187, -0.25035883, -0.32428034, -0.05335385,  0.20992496,  0.17710246,  0.05927590, -0.04688975, -0.15290232, -0.12117413,  0.04410368,  0.14299784,  0.05718753, -0.04202861, -0.03632098,  0.01780308,  0.01697060, -0.03070843, -0.03932946,  0.03882223,  0.10991969,  0.01731697, -0.15608772, -0.18979223, -0.02922497,  0.15242926,  0.16207347,  0.03891631, -0.07256335, -0.07724570, -0.03575173,  0.01819932,  0.05301684,  0.03601766, -0.00428739, -0.03739385, -0.04706217,  0.00430740,  0.04762699
 -0.13451899, -0.01952659,  0.23807790,  0.22667101, -0.10070467, -0.35111107, -0.23732521,  0.11155469,  0.34075485,  0.23665880, -0.08104111, -0.31001170, -0.21794914,  0.09592915,  0.25239143,  0.12451458, -0.00869296, -0.10823955, -0.16603637, -0.06085249,  0.09779992,  0.11426314, -0.01574154, -0.08779551, -0.03966155,  0.01616713, -0.00809973, -0.03746982,  0.01444826,  0.11844040,  0.12486968, -0.02321397, -0.15922352, -0.08862790,  0.12004467,  0.22847390,  0.13909833, -0.02096791, -0.11190918, -0.08584703, -0.04329983, -0.01311353,  0.00667491,  0.00185341, -0.02079974, -0.05785506, -0.06939431, -0.00617987,  0.04591584,  0.03034981
 -0.18062847,  0.12529767,  0.30095825, -0.01667443, -0.30949712, -0.12223253,  0.16776646,  0.09931101, -0.12944145, -0.09119787,  0.17814398,  0.22443772, -0.11252881, -0.34107322, -0.02066149,  0.32220330,  0.06018269, -0.17673515, -0.02010693,  0.11005233, -0.01132103, -0.14629547, -0.02266942,  0.15620196,  0.11139435, -0.14904252, -0.21915776,  0.01107001,  0.20310552,  0.12125118, -0.09301085, -0.15049564,  0.01398986,  0.13365662,  0.03571833, -0.04984240,  0.04900077,  0.12659383,  0.04410296, -0.11281714, -0.14853730, -0.07946605,  0.05773385,  0.09701927, -0.02670999, -0.08572387,  0.01291097,  0.05648129,  0.01193452, -0.01472443
 -0.07148799,  0.12994533,  0.11835770, -0.22493677, -0.22660168,  0.21684991,  0.24884547, -0.20723347, -0.20328620,  0.27347219,  0.23829074, -0.28801939, -0.28960832,  0.22562928,  0.28051903, -0.12469930, -0.18141231,  0.03637327,  0.09027492, -0.01716711, -0.10373049, -0.04097968,  0.08033441,  0.06599773, -0.11027530, -0.14900361,  0.06345714,  0.20871279,  0.05803391, -0.10227336, -0.02521559,  0.10381987,  0.09017667,  0.00695039, -0.02394068,  0.00905799,  0.04059696, -0.00573578, -0.11757877, -0.11436610,  0.00400679,  0.08489636,  0.02873291, -0.05181678, -0.03348771,  0.01978505,  0.03054089,  0.00596330, -0.03809031, -0.00885186
 -0.15846188,  0.23429861,  0.15042190, -0.30288727, -0.06632932,  0.29967316, -0.12375404, -0.32483418,  0.26217920,  0.29493088, -0.29758810, -0.13510573,  0.31974498, -0.03933581, -0.30669015,  0.11509408,  0.17609705, -0.04782840, -0.04679389,  0.01039156, -0.02318012, -0.03514558,  0.05006928,  0.03720812, -0.03462451, -0.05689069,  0.00957990,  0.00175232, -0.02920255,  0.06743671,  0.07565108, -0.09289685, -0.06452451,  0.09382195,  0.02966237, -0.04042012,  0.06396940,  0.04448457, -0.06161808, -0.03928014,  0.01491223, -0.08203220, -0.03069070,  0.09499347,  0.00800114, -0.04965010,  0.04654288,  0.00955118, -0.04651986,  0.02579391
  0.02581709, -0.22032348,  0.18567487,  0.31182260, -0.18875574, -0.13235269,  0.20408933, -0.17291054, -0.32385787,  0.20584812,  0.14632716, -0.17508071,  0.18537071,  0.20070040, -0.31506879, -0.14610093,  0.18629770,  0.07526100, -0.03012839,  0.03863913,  0.09020917,  0.00606332, -0.03835631,  0.01107823,  0.09320332,  0.02451818, -0.11765244, -0.15813626, -0.13158752, -0.08656143,  0.03827272,  0.02065175, -0.15050150, -0.05882001,  0.12003726,  0.02702912,  0.01048078,  0.18494794,  0.18772510,  0.01212321,  0.02414113, -0.05176608, -0.19020648, -0.04131775,  0.05736123, -0.05863786, -0.00636299,  0.10294736,  0.04644250, -0.02836446
 -0.22283345,  0.14557029,  0.26638569, -0.05264008,  0.09377983,  0.05008928, -0.33568337, -0.11960494,  0.07579260, -0.13682531,  0.07844845,  0.22139721, -0.06337649,  0.08680682,  0.12381523, -0.29652811, -0.18627355,  0.18356578,  0.19171219,  0.07121389,  0.01212650, -0.06124066, -0.03023150,  0.12326341,  0.08730381, -0.04998042, -0.12229953, -0.18539797, -0.19646724, -0.05015962,  0.00532981, -0.08272929, -0.01773927,  0.00021696, -0.05342373,  0.12529227,  0.23870022,  0.12819903,  0.15540524,  0.16067423, -0.09214345, -0.13041510, -0.06780163, -0.19333666, -0.16380398,  0.04809499,  0.13070970,  0.13095882,  0.06441450, -0.08814506
 -0.10937065,  0.36701075, -0.17007987, -0.17469099,  0.21287678, -0.25004407, -0.14254286,  0.29879742, -0.09443823, -0.00901865,  0.27052148, -0.18089807, -0.01255490,  0.20568667, -0.31946639, -0.09083110,  0.25411579,  0.08756995, -0.07311269, -0.02396712, -0.04484914, -0.07617121,  0.11748077,  0.03802205, -0.10478826, -0.11033990, -0.03583486, -0.01819583,  0.07077209,  0.11602587, -0.03441528, -0.02556839,  0.12939587,  0.02846531,  0.02514719,  0.15178819, -0.02479333, -0.09173633,  0.05957265, -0.18637422, -0.16440060,  0.05669969, -0.01723236, -0.05098520,  0.08522799,  0.07412992,  0.08191749,  0.07084672, -0.04644384, -0.11896254
  0.15340651, -0.08978938, -0.05630081,  0.18569825, -0.18294012, -0.23234941,  0.03451264, -0.03056098,  0.14687163,  0.15248483, -0.14678254,  0.16182290,  0.17123715, -0.18574454, -0.05446408, -0.07431216, -0.07547142,  0.13951056,  0.18214287, -0.08185708, -0.17347789,  0.03830965,  0.03138975, -0.01463821, -0.09483409, -0.14809456, -0.06240300,  0.09023931,  0.07308367, -0.06587271,  0.03987175,  0.21137842,  0.16813851,  0.07230823,  0.08757210,  0.06272768,  0.06129226,  0.01666921, -0.23236912, -0.20415053, -0.08007142, -0.03799279, -0.04306617, -0.12703652, -0.08115309,  0.23991223,  0.37200697,  0.11461585, -0.20836915, -0.22326902
 -0.05008549,  0.13974297, -0.28363250,  0.10356257,  0.28431477, -0.14982616,  0.01463315, -0.09960137, -0.10254134,  0.26794864, -0.12398524, -0.18742743,  0.16217904,  0.00257867,  0.16062387,  0.09136314, -0.26591512, -0.26612567,  0.13827282,  0.34594204, -0.05718112, -0.20837325, -0.12007440,  0.02472623,  0.17680627,  0.13524387, -0.09129340, -0.11694332,  0.06094292,  0.08294011, -0.09850590,  0.01542710,  0.15665522, -0.05090007, -0.05665612, -0.02740225, -0.06698755,  0.20602117,  0.05465731, -0.09881808, -0.00108992,  0.00723501,  0.02848123, -0.00469455, -0.13574800, -0.11603248,  0.02574316,  0.13269731,  0.02151516, -0.06060122
  0.12730470, -0.09725961,  0.02110395, -0.11603093, -0.03280381,  0.15708168, -0.11371985, -0.05663697,  0.01644848, -0.00178898,  0.17549742,  0.01585813, -0.10869711,  0.03956579,  0.01718873,  0.06290608,  0.07455351, -0.17615664, -0.26208564,  0.06043972,  0.35885788,  0.08773574, -0.28359841, -0.25935727, -0.03349956,  0.15964957,  0.15576951, -0.00388667, -0.08123700, -0.05111040,  0.05484819,  0.09658769,  0.15951141,  0.24173455,  0.02727649, -0.11770426, -0.04378294, -0.01633124,  0.06586607, -0.06899098, -0.20290261, -0.05626922,  0.04579842, -0.01107887, -0.13704836, -0.06710743,  0.22270802,  0.28595061, -0.02759233, -0.30382123
  0.18458840, -0.28840196,  0.05067254,  0.05078170, -0.09360093,  0.20188480, -0.24820328,  0.09319969,  0.21650658, -0.18665903,  0.15490548, -0.18990240, -0.04929569,  0.24727873, -0.17770400,  0.04510173, -0.00044389, -0.15481113,  0.11223292,  0.22596365, -0.05876089, -0.30921620, -0.03703334,  0.16013275,  0.12736184,  0.02179670, -0.14280601, -0.06994555,  0.16707435, -0.03043406,  0.02186989,  0.13869681, -0.08093410,  0.04598265, -0.10164358, -0.14465740,  0.15958297, -0.00565978, -0.07129161, -0.13844097, -0.02940623,  0.15646790,  0.02258182, -0.01653355,  0.00492492,  0.08949104,  0.12885173, -0.18975886, -0.14415463,  0.13177677
  0.05369726, -0.04094581, -0.14237322,  0.15550962, -0.06240242,  0.09683182, -0.05307322, -0.09849861,  0.23801665, -0.15410440, -0.03291000,  0.00150278, -0.06697527,  0.19960513, -0.02825741, -0.10683210, -0.01877550,  0.12297623,  0.07003232, -0.13842934, -0.16196562,  0.03046416,  0.16994008,  0.02817446, -0.02704202, -0.09725186, -0.10335330,  0.03011517,  0.25638167,  0.04335369, -0.20739491,  0.05238821, -0.01805395,  0.03638040,  0.12537327, -0.13104558, -0.01042905,  0.06986379,  0.00515986, -0.03163255, -0.05691268, -0.05029166,  0.05245877,  0.24183061,  0.04440217, -0.43965942, -0.15512865,  0.33365486,  0.22976395, -0.25423420
  0.08400310, -0.24485934,  0.26397291, -0.18833618,  0.10583618,  0.07617225, -0.27765746,  0.35636564, -0.25484596,  0.08289207,  0.04833070, -0.24369573,  0.33703852, -0.19992097,  0.09241478,  0.02785123, -0.13065407,  0.04699503,  0.09183674, -0.05869057, -0.16852703,  0.13542248,  0.03102278, -0.01295841, -0.03952849,  0.01727683, -0.11079196,  0.14782030,  0.09405833, -0.17585258,  0.10980902, -0.03340604, -0.01583384,  0.13425466, -0.11811064,  0.06378323, -0.01368704, -0.01507309,  0.03502337, -0.04825874,  0.03342117, -0.01589021, -0.05754284,  0.12648597, -0.07641155, -0.04650952, -0.10641168,  0.07786547,  0.18324247, -0.14983871
 -0.00373476, -0.08792087,  0.15983427, -0.15883534,  0.16327104, -0.07126707, -0.01298965,  0.11772216, -0.12304381,  0.03278531, -0.11086753,  0.14620074, -0.10779378,  0.04115073,  0.09151694, -0.21807441,  0.20634314,  0.01972453, -0.16061054,  0.05040237,  0.06199832, -0.15942077,  0.19544766,  0.00957904, -0.18781795,  0.18448090, -0.06760437, -0.03302342,  0.10836342, -0.05623029, -0.07949166,  0.09652918, -0.02628293, -0.16131532,  0.11917240, -0.03497448, -0.04834824,  0.18296329, -0.13239677, -0.07400720,  0.27891545, -0.17341320,  0.00974386,  0.27532248, -0.28522699, -0.17856043,  0.25901934, -0.00081599, -0.20930056,  0.15286998
 -0.13174402,  0.18195821, -0.07072494,  0.05771530, -0.00843633, -0.01431224,  0.04438391, -0.04944534, -0.01918977, -0.10483261,  0.15561240, -0.08527481,  0.02383958,  0.07102893, -0.11868433,  0.09560291,  0.04387530, -0.12988240,  0.01838764,  0.09828494, -0.25308654,  0.24451258,  0.17092404, -0.37277923,  0.10753665,  0.15380852, -0.16520581,  0.07884842,  0.10025371, -0.19379723,  0.00705663,  0.12737585, -0.18879494,  0.03033603,  0.12454481, -0.08244051,  0.05763559,  0.00729402, -0.10503658,  0.27892944, -0.04848659, -0.19949784,  0.23112236, -0.06036315, -0.29662889,  0.14374244,  0.09636895, -0.16297963,  0.12773085, -0.01714052
 -0.10064664,  0.14145878, -0.10547058,  0.23017107, -0.27988370,  0.21874485, -0.10101197, -0.00066357,  0.02233895, -0.16965556,  0.23191828, -0.19154521,  0.23697063, -0.23407979,  0.11050416,  0.03068652, -0.10704393,  0.17112198, -0.23192594,  0.17015545, -0.09186341,  0.06263854,  0.04798294,  0.04330044, -0.21213121,  0.07187321,  0.23542824, -0.27649811,  0.09504966,  0.03761962, -0.13748507,  0.03931016,  0.04368985, -0.10739257, -0.02185045,  0.20103259, -0.10930097, -0.02570506,  0.03566368,  0.06922172,  0.02675576,  0.04704585, -0.15887911,  0.07183399, -0.06453371, -0.10396124,  0.19569347, -0.04983196, -0.07565706,  0.06880577
  0.04193244, -0.13393270,  0.21381563, -0.08715276, -0.09174069,  0.05985727, -0.00173654, -0.05485625, -0.00858607,  0.13367337, -0.12625486,  0.14543049, -0.10328525,  0.04592842, -0.05705057,  0.02951631,  0.07606335, -0.24968105,  0.22383737,  0.03650670, -0.13177128, -0.02331539,  0.22505367, -0.13574106, -0.25311489,  0.33299691, -0.00005880, -0.25834221,  0.15846671,  0.07236470, -0.20830297,  0.06544187,  0.20691123, -0.15596496, -0.03281200,  0.20067439, -0.08087179, -0.23755481,  0.23670847,  0.03128386, -0.14215509,  0.00533733, -0.01415635, -0.09974620,  0.10718194,  0.13642452, -0.10050641,  0.00864154,  0.08289325, -0.08822610
 -0.04315246,  0.10389549,  0.02202968, -0.17897085,  0.05196809,  0.11717543, -0.05352223, -0.06725053,  0.06969213, -0.04511607,  0.03839569,  0.04563086, -0.04258888, -0.06757437,  0.00628383,  0.09212988, -0.13748377,  0.12738690,  0.07005854, -0.20370240,  0.08736796,  0.16296412, -0.14559124, -0.15680124,  0.24996990,  0.11330575, -0.29927566, -0.02444416,  0.18499560, -0.11219373,  0.00051167,  0.16396242, -0.18002598, -0.20322525,  0.26244949,  0.12797557, -0.32118726,  0.10022521,  0.18676199, -0.26736728,  0.01038442,  0.24343675, -0.10978324, -0.07939123,  0.10056615, -0.02174726,  0.06324695,  0.01354422, -0.15514227,  0.09931358
  0.00820238, -0.08083712,  0.18508761, -0.17938096,  0.08532976, -0.20561457,  0.29289787, -0.07799525,  0.12679929, -0.23248869,  0.06848131, -0.08221180,  0.11434156,  0.05960302, -0.19118278,  0.21823198, -0.23479972,  0.14801936,  0.03450176, -0.06539249, -0.00827714, -0.04758827,  0.10040199, -0.13166975,  0.01785497,  0.09915075,  0.08980294, -0.01144533, -0.21324282,  0.03685342,  0.03920757,  0.20023001,  0.02603924, -0.11134110, -0.35350119,  0.22384711,  0.09861028,  0.06420277, -0.06221171, -0.02008517, -0.15789695,  0.02419018,  0.17913528,  0.11693080, -0.05370500, -0.21270736, -0.01781997,  0.15608029, -0.15738570,  0.09469685
  0.04407229,  0.05757664, -0.15827591,  0.01860768, -0.18280778,  0.23276077,  0.02752090,  0.16014277, -0.21716003,  0.06268367, -0.12324112,  0.06067106,  0.04930518, -0.05976010,  0.05494332, -0.16961261,  0.19950038, -0.00794614,  0.06902059, -0.11227666, -0.07582038,  0.09475670, -0.13544603,  0.04297251,  0.11572572,  0.06951082, -0.04163652, -0.20564174, -0.07468130,  0.17338707,  0.23401918, -0.01381359, -0.07539427, -0.27054703, -0.00617095,  0.06670576,  0.28056488, -0.09885734, -0.05829926, -0.17013020, -0.18529436,  0.19024013,  0.40193530,  0.01613251, -0.20728776, -0.13792290, -0.01253487,  0.06150509,  0.00908450,  0.00722018
 -0.04642911,  0.20577258, -0.02393659, -0.01402949, -0.22261255, -0.04926219, -0.06306419,  0.20748434,  0.09250658,  0.03056208, -0.05075878,  0.00015769, -0.04502577, -0.02854365,  0.04253259, -0.11948444, -0.00168382,  0.02667128,  0.13341998,  0.09346143, -0.03293408, -0.02126690, -0.06700680, -0.08395317,  0.01801951,  0.07737998,  0.11275343, -0.03426773, -0.19560072, -0.27417147,  0.15416290,  0.24140962,  0.14283696, -0.15491316, -0.04183816, -0.23448671, -0.02625009,  0.22209386,  0.14885846, -0.13237674, -0.19397970, -0.27075760, -0.01834842,  0.34881485,  0.31469306,  0.04214220, -0.08233992, -0.18633898,  0.05043089,  0.00978191
  0.01824980, -0.04491903,  0.05234257, -0.07329330,  0.10055666, -0.11178384,  0.14037581, -0.17097514,  0.17995918, -0.18786912,  0.19848070, -0.20736494,  0.21582490, -0.22203470,  0.22713419, -0.22712154,  0.22252432, -0.20201568,  0.17598338, -0.16798676,  0.16432109, -0.17381950,  0.18082298, -0.17588516,  0.17652363, -0.17337718,  0.16180301, -0.17957806,  0.19570968, -0.16252103,  0.15744740, -0.16446141,  0.13711321, -0.10804045,  0.09442562, -0.06700030,  0.06094506, -0.06687420,  0.04711106, -0.04715239,  0.04407939, -0.02120615,  0.03394175, -0.04363853,  0.01434464, -0.00210355, -0.00302957,  0.00859892,  0.00206434, -0.00663809
 -0.08338882,  0.04812415, -0.05083851,  0.19793206, -0.12365142,  0.12751606, -0.17605036,  0.12415359, -0.09052476,  0.00043379,  0.01469658, -0.06089009,  0.04699299,  0.07288993, -0.11310065,  0.16495771, -0.09798058, -0.08726404,  0.14531618, -0.23052677,  0.20554914, -0.08133077,  0.06593618, -0.00018836, -0.10473694,  0.12427563, -0.15502043,  0.26133859, -0.01851681, -0.15406166,  0.06910417, -0.23997875,  0.35435213, -0.22627053,  0.06431659, -0.03001515,  0.02035636,  0.02434356, -0.08340768,  0.22802857,  0.02981383, -0.12744027,  0.09770570, -0.19982066,  0.12834519, -0.20810959,  0.07705658,  0.12639695, -0.22349447,  0.14656692
  0.03062108, -0.09187199,  0.09412635, -0.04366803,  0.01651097,  0.01924265, -0.06113842,  0.05651176, -0.05734727,  0.09275339, -0.07280847, -0.01075178,  0.07271959, -0.09383751,  0.08820957, -0.04444053, -0.03908936,  0.14109381, -0.20261744,  0.14738858, -0.00649677, -0.14107722,  0.25495952, -0.29901041,  0.25834251, -0.12911040, -0.07649135,  0.21989416, -0.21252054,  0.22570089, -0.23545662,  0.07090108,  0.12219858, -0.17668742,  0.18860769, -0.19372058,  0.16217038, -0.15452297,  0.06817782,  0.12137099, -0.23546390,  0.22158717, -0.12431699, -0.00980880,  0.09435646, -0.12665333,  0.15852421, -0.13148105,  0.04583168, -0.00141162
 -0.10158836,  0.01120788,  0.07652150,  0.05321803,  0.04751773, -0.03548087, -0.07216211,  0.06046493, -0.04100300, -0.00153499, -0.05081634, -0.00835459,  0.01657330,  0.06943388, -0.02383258, -0.01580931,  0.14378081, -0.28354586,  0.16590926, -0.05303434, -0.12885989,  0.32981146, -0.24286220,  0.04131781,  0.15887498, -0.30380084,  0.21250166,  0.10354334,  0.01539448, -0.04408902, -0.32142660,  0.22545980,  0.03937929, -0.04229452, -0.08461923,  0.00044952,  0.12394576, -0.20349313,  0.22107637,  0.05768457,  0.09017952, -0.07409931, -0.11366499,  0.09045498, -0.09054018, -0.12497681,  0.05610408,  0.11452855, -0.27127536,  0.20771206
  0.04649741, -0.01312962, -0.03788742, -0.02440364,  0.05836348, -0.06854529,  0.01808066,  0.00268695, -0.04284628,  0.17069343, -0.00317952, -0.16256684,  0.07796722, -0.05544774,  0.01947070,  0.04369320, -0.15493051,  0.17855876,  0.11642919, -0.31731161,  0.31577313, -0.16393408, -0.09188763,  0.22375847, -0.10066471, -0.00444522, -0.02094385, -0.12923779,  0.14030660,  0.07237628, -0.20740963,  0.17109996, -0.17831726,  0.09758936,  0.11878382, -0.12603825, -0.02237102, -0.17578321,  0.16372680,  0.24048000, -0.28180215, -0.19325311,  0.22849933,  0.14096415, -0.10717974,  0.08245899,  0.09662776, -0.18012887, -0.00869340,  0.04757189
 -0.02828613,  0.04357658,  0.03642282, -0.08708790,  0.04011268,  0.00207627, -0.03339656,  0.10441162, -0.14072443, -0.04421481,  0.11431015,  0.04325694, -0.04129483,  0.04758293, -0.13376599,  0.22441877, -0.17124207, -0.15676153,  0.32861727, -0.21588600,  0.03198754,  0.04258266,  0.00685365, -0.04817150, -0.05646196,  0.01157867,  0.28517332, -0.24348670, -0.13752805,  0.21997863,  0.00099918,  0.04606899, -0.08227309, -0.08586022,  0.24556104, -0.18385123,  0.12848521,  0.12190493, -0.29819369, -0.01378074,  0.16995901,  0.10039303, -0.27683085,  0.04770142,  0.00388234, -0.06623562,  0.15303225, -0.08828741,  0.18369707, -0.15107042
  0.12898801, -0.07199275,  0.01163793, -0.12419567,  0.01385314, -0.02068538,  0.04446817, -0.07941969,  0.11997902, -0.02936076,  0.21807979, -0.16913468, -0.01083859, -0.08446369,  0.11018644, -0.19732177,  0.15573193, -0.04280183,  0.15243536,  0.00031232, -0.15161650,  0.20750931, -0.21997838,  0.06196571,  0.01696070,  0.18105671, -0.28781793,  0.00568959, -0.15865801,  0.34841049, -0.08317511, -0.16085178,  0.11431458, -0.00642488,  0.04186843,  0.00758468, -0.14751274,  0.09278283, -0.27226537,  0.25771800, -0.15010210, -0.05760933, -0.10805587,  0.23830072,  0.10945349,  0.10595778, -0.01520514,  0.04798568, -0.18329258,  0.03981300
 -0.04720137, -0.05788697,  0.08554588,  0.02558606,  0.04440807, -0.00065405, -0.03051420, -0.01010937,  0.08179517, -0.15741323, -0.01297414, -0.02905371,  0.13328225, -0.04317251,  0.04257365, -0.03879857,  0.16787055, -0.25966722,  0.06073579,  0.02154665, -0.02429931, -0.05245364,  0.01599204,  0.26053397, -0.26350290, -0.10012312,  0.13099610,  0.29798104, -0.24389097, -0.01568587, -0.04642668,  0.17751395, -0.10159587, -0.13881203,  0.18378954,  0.06232020, -0.31813134,  0.30312529,  0.05734948,  0.02343737, -0.23683061,  0.21131467,  0.15634412, -0.19648923, -0.14384934, -0.03437526, -0.00789100, -0.05830097,  0.15441598, -0.02853794
  0.02502090,  0.00519280, -0.04350045,  0.03571381, -0.07260913,  0.07209757, -0.06080569,  0.06063113, -0.06478865,  0.08224279, -0.02641878,  0.01821478, -0.03169039, -0.02431187,  0.07750799, -0.12912573,  0.12405586, -0.09879013,  0.13166291, -0.10687730,  0.06387075, -0.05008582,  0.08227543, -0.16753028,  0.17696707, -0.06335234, -0.01513238, -0.02531000, -0.04346366,  0.13733862, -0.10380835,  0.07798003, -0.15396420,  0.27965677, -0.32433535,  0.28849445, -0.21371022,  0.12325365, -0.10134522,  0.01236392,  0.07814186, -0.15504317,  0.14112161, -0.16001109,  0.29815900, -0.29825848,  0.30793994, -0.22923171,  0.09657755, -0.03293065
  0.05638760, -0.09209265,  0.04336238, -0.04049112,  0.01531935,  0.02727474,  0.00015319, -0.01646718, -0.00202830,  0.07027527, -0.10423295,  0.06641977, -0.09766881,  0.16517503, -0.15369577,  0.06617967,  0.00628054,  0.05150764, -0.08759922, -0.00319351,  0.04967741,  0.03383158, -0.15714020,  0.04430147,  0.23588932, -0.27979915,  0.07438263, -0.07326824,  0.22794450, -0.16402854,  0.05739236, -0.13275512,  0.31800165, -0.24904409, -0.06959469,  0.27625497, -0.19752262,  0.09767122, -0.17135689,  0.22013660, -0.16748546,  0.05753991, -0.05849646,  0.21681451, -0.19348354,  0.02267710,  0.10000823, -0.22929646,  0.22880310, -0.08893669
  0.07917662, -0.12466009,  0.03352241, -0.00226632,  0.01831993,  0.03272768, -0.10763577,  0.10102218, -0.07928847,  0.11678669, -0.03672813,  0.02493783, -0.12819954,  0.07362207, -0.01098766,  0.05340783, -0.12135964,  0.06338236,  0.06302243,  0.09252870, -0.23827808,  0.01200004,  0.21593589, -0.13217701,  0.07619557, -0.21780401,  0.29912745, -0.21988688, -0.00358004,  0.06235945,  0.19185959, -0.23252202, -0.12644732,  0.15362700,  0.18792569, -0.09698577, -0.30751814,  0.14370444,  0.08334775,  0.10357813, -0.20795290, -0.03777761,  0.16760862, -0.01865354,  0.00561291,  0.01485480, -0.02302027,  0.18333029, -0.34297571,  0.16324282
  0.08945101, -0.13375024,  0.06000118, -0.02660806, -0.02912037,  0.05634671, -0.02273610, -0.03840578,  0.08095307, -0.06609474,  0.10913996, -0.09637940,  0.00646406,  0.04899501, -0.07400391,  0.07793612, -0.10907573,  0.11076764, -0.02529729,  0.02313190, -0.08290355,  0.07547194, -0.06214343,  0.01666324,  0.07538134, -0.10193083,  0.01290630,  0.05315408, -0.18790346,  0.28756790, -0.09323139, -0.12848089,  0.20377919, -0.18442859,  0.15593086,  0.01073223, -0.12158622, -0.05100470,  0.21767025, -0.32293338,  0.33627515, -0.40120138,  0.32480403, -0.05495422, -0.08886106,  0.10633179,  0.05204729, -0.14344423,  0.12162571, -0.06701924
  0.02792511,  0.06873424, -0.16569648,  0.11540917, -0.14841345,  0.15606317, -0.08536455,  0.02424211, -0.02133054, -0.00317904,  0.06033364,  0.03828977, -0.04640201, -0.02569116, -0.00635783,  0.03891813,  0.00532314, -0.13280626,  0.14260440, -0.04818281,  0.16456092, -0.31707845,  0.20238303, -0.11063723,  0.14408642, -0.09391476, -0.05926659,  0.17208952, -0.23253172,  0.09262899,  0.08540566,  0.10303847, -0.15646194, -0.02414849, -0.00820037,  0.30102587, -0.15608195, -0.16944118,  0.02533986,  0.01620007,  0.08792509, -0.08442387, -0.19046206,  0.33307832, -0.25937522,  0.23439320, -0.16276801,  0.19171968, -0.05115989, -0.07232158
 -0.08082469,  0.01761437, -0.01832645,  0.18073649, -0.05853391, -0.03171551,  0.02841540, -0.03497003,  0.04766215, -0.02965528, -0.06701820, -0.03054936, -0.01359045,  0.11387788,  0.00880274, -0.04990605, -0.00122142,  0.01323583,  0.12212940, -0.25818532,  0.02007747,  0.12641053,  0.12094361, -0.14199022, -0.08257043,  0.12928002, -0.03650638,  0.08159455, -0.05885043,  0.08899756, -0.03654546, -0.31442168,  0.15479659,  0.26484081, -0.21479625, -0.14544395, -0.01837812,  0.16819404,  0.28867599, -0.22450143, -0.09422104,  0.26007665, -0.12420031,  0.17784149, -0.33560801,  0.03754448,  0.12685569, -0.23508547,  0.01614751,  0.14277221
 -0.06338313,  0.02290178,  0.07770523,  0.02461702, -0.09682409,  0.08990474, -0.11759142,  0.11979969, -0.04304278,  0.00851992, -0.04837799, -0.04900794,  0.09189150, -0.00655850, -0.01091389, -0.06092473,  0.06011938,  0.09563251, -0.10022061, -0.13405575,  0.18659471,  0.00215733,  0.03514934, -0.16703437,  0.12514940, -0.04467852,  0.07437462, -0.11580294,  0.10222045,  0.10208259, -0.39512100,  0.15567362,  0.13203738, -0.00233563, -0.14319688, -0.10332407,  0.01334623,  0.39140908, -0.23858636, -0.03326932,  0.05261582,  0.02860163,  0.11155505, -0.17007752, -0.07529372,  0.32842690, -0.37552932,  0.12855281, -0.03284262,  0.06697092
