 -0.02335052, -0.02752708, -0.03206487, -0.03697730, -0.04194654, -0.04704011, -0.05241879, -0.05792578, -0.06306737, -0.06821486, -0.07332167, -0.07835604, -0.08355838, -0.08831152, -0.09282904, -0.09745624, -0.10226181, -0.10690184, -0.11167592, -0.11611676, -0.12057670, -0.12455048, -0.12828227, -0.13199450, -0.13550366, -0.13917554, -0.14326589, -0.14727663, -0.15108717, -0.15469832, -0.15818864, -0.16167702, -0.16525712, -0.16855274, -0.17166859, -0.17455488, -0.17734771, -0.18023729, -0.18311990, -0.18566288, -0.18803732, -0.19030086, -0.19268876, -0.19536280, -0.19794282, -0.20043409, -0.20299494, -0.20501569, -0.20689652, -0.20898827
  0.14222830,  0.15985770,  0.17876504,  0.19733674,  0.21348988,  0.22677620,  0.23656833,  0.24116274,  0.24041432,  0.23634291,  0.22940873,  0.22048525,  0.21020405,  0.19822602,  0.18503804,  0.17162063,  0.15848524,  0.14511363,  0.13241809,  0.11966709,  0.10745891,  0.09487741,  0.08241622,  0.07028741,  0.05822662,  0.04703260,  0.03688161,  0.02711755,  0.01720499,  0.00711874, -0.00272582, -0.01238875, -0.02180672, -0.03159015, -0.04146913, -0.05114253, -0.06039120, -0.06918795, -0.07740424, -0.08588625, -0.09403787, -0.10189285, -0.10922739, -0.11609620, -0.12292609, -0.12994748, -0.13678201, -0.14410681, -0.15124843, -0.15813065
  0.38127491,  0.40563648,  0.39275368,  0.34748401,  0.27974692,  0.19501950,  0.10620700,  0.03388337, -0.02064339, -0.06436923, -0.09719594, -0.12310422, -0.14042740, -0.15119956, -0.15367852, -0.14993864, -0.14294531, -0.13284780, -0.12371961, -0.11530783, -0.10746905, -0.09858148, -0.08907791, -0.07762432, -0.06484492, -0.05400535, -0.04454091, -0.03884785, -0.03420617, -0.03001681, -0.02842748, -0.02652900, -0.02253134, -0.01522202, -0.00476258,  0.00566366,  0.01576100,  0.02756176,  0.03756214,  0.04777660,  0.05401969,  0.05707180,  0.05794605,  0.05958866,  0.06102350,  0.06515321,  0.07129587,  0.07702194,  0.08204626,  0.09006820
 -0.61135826, -0.32982822, -0.05964916,  0.15667421,  0.30344412,  0.33506230,  0.26055434,  0.18518129,  0.14139034,  0.09844659,  0.06536596,  0.02278189, -0.01960505, -0.06397329, -0.09189721, -0.10377095, -0.10704151, -0.09074051, -0.08013697, -0.07572428, -0.08610073, -0.09693089, -0.10859420, -0.10797403, -0.08802789, -0.06442818, -0.03475969, -0.01369152,  0.00862952,  0.02904303,  0.02571860,  0.00758956, -0.01675924, -0.03275331, -0.03525976, -0.03806475, -0.04036455, -0.02641596, -0.01114740,  0.02419302,  0.05373370,  0.07037636,  0.07075698,  0.06674368,  0.05172085,  0.04293406,  0.04064260,  0.04039457,  0.03796528,  0.06317494
 -0.20588329,  0.00344319,  0.14369351,  0.17688955,  0.09178418, -0.01105921, -0.05764320, -0.10858533, -0.17474144, -0.20248042, -0.19103216, -0.11800774, -0.00712194,  0.11352410,  0.19856883,  0.22966037,  0.20673466,  0.11659280,  0.00380883, -0.11020586, -0.17901153, -0.18901334, -0.12506410, -0.01551611,  0.09279687,  0.19201227,  0.25159533,  0.26241544,  0.20229674,  0.07611644, -0.05424348, -0.14850577, -0.18421304, -0.17147101, -0.12555522, -0.04516032,  0.05845159,  0.13512083,  0.17310443,  0.13164810,  0.05091784, -0.04817492, -0.12354877, -0.16375867, -0.15513062, -0.11776674, -0.06185628,  0.00339059,  0.07172055,  0.09703021
 -0.05457954, -0.00537020,  0.02405592,  0.03035671,  0.02680061, -0.00945807, -0.08003090, -0.11062611, -0.05615081,  0.04543890,  0.16828077,  0.25998028,  0.28415987,  0.23731440,  0.13404039, -0.00463595, -0.14456211, -0.22943970, -0.25591022, -0.21106521, -0.12657069, -0.01307032,  0.08815305,  0.14954177,  0.16506517,  0.11779173,  0.01717369, -0.10526450, -0.20638933, -0.25797649, -0.25872503, -0.20839864, -0.12348309, -0.01544277,  0.08418039,  0.13928667,  0.13100542,  0.07020710, -0.02438666, -0.09712398, -0.13370899, -0.12462454, -0.07708718, -0.00395768,  0.07366654,  0.13943522,  0.16972958,  0.16882532,  0.12863914,  0.07587283
 -0.16720538, -0.02465855,  0.11886594,  0.17051754,  0.08789820, -0.04111548, -0.09870948, -0.09134566, -0.06016600, -0.01700883, -0.00163369, -0.01568026, -0.06280213, -0.12781711, -0.19638510, -0.23486774, -0.21954972, -0.17506778, -0.10330941, -0.02930508,  0.04172290,  0.09920734,  0.15421972,  0.19734535,  0.20465127,  0.19377031,  0.17836763,  0.16943777,  0.15235044,  0.11982780,  0.10806803,  0.13117387,  0.18564026,  0.23201898,  0.23095327,  0.18550968,  0.12478626,  0.05215530, -0.00649519, -0.06686976, -0.11186326, -0.13882177, -0.13770507, -0.12063417, -0.10227671, -0.11162261, -0.14446099, -0.18104179, -0.19333548, -0.18263545
 -0.33582274,  0.07630271,  0.37353171,  0.33968144, -0.02776921, -0.33638766, -0.31244864, -0.14929720, -0.00669308,  0.10375334,  0.10445090,  0.05857507, -0.00778339, -0.05130255, -0.07377149, -0.03587102,  0.07317835,  0.15100465,  0.19857185,  0.16370965,  0.09997819,  0.03325283,  0.01946199,  0.02355778, -0.01585939, -0.03421426, -0.02436458,  0.01755887,  0.01027041, -0.07258760, -0.11611785, -0.08066847,  0.00332722,  0.03053884, -0.05066020, -0.16056915, -0.20291770, -0.20024067, -0.13173818, -0.10182968, -0.04753025,  0.00796081,  0.08720056,  0.14741937,  0.17288603,  0.11839743,  0.03518470, -0.00483149,  0.03920092,  0.08550536
  0.03047550, -0.11805924, -0.11645373,  0.04677962,  0.21942350,  0.23280674,  0.09238488, -0.07227915, -0.18971073, -0.23853601, -0.21768898, -0.16457102, -0.09887278, -0.04354569, -0.00845798,  0.00073050,  0.01202863,  0.05850134,  0.13339712,  0.21449582,  0.26795734,  0.26973120,  0.21755680,  0.14503498,  0.07442524,  0.00558269, -0.04317062, -0.05078465, -0.01216604,  0.02779830,  0.01659286, -0.03228322, -0.07467990, -0.07512856, -0.04646874, -0.03643366, -0.06674018, -0.11387957, -0.15910818, -0.18575522, -0.20518674, -0.20882344, -0.18712877, -0.12412428, -0.02061014,  0.10320272,  0.19445139,  0.21844125,  0.19075065,  0.14337135
 -0.08741653,  0.14549516,  0.06096746, -0.17005163, -0.23950773, -0.06837641,  0.13440529,  0.23987948,  0.25193717,  0.14999221,  0.01095136, -0.10984896, -0.17704805, -0.18166310, -0.12550367, -0.05975715, -0.04551151, -0.05517008, -0.08311018, -0.08289995, -0.03366753,  0.08645747,  0.20852436,  0.26876757,  0.27118879,  0.22893130,  0.13614144,  0.00702030, -0.09229695, -0.10836472, -0.06097155, -0.00815511, -0.03221317, -0.11996602, -0.19107263, -0.19101741, -0.12915257, -0.04935350, -0.00567357,  0.03132856,  0.07206639,  0.07229584,  0.02876044, -0.05337497, -0.14779217, -0.17096161, -0.09031128,  0.07192041,  0.21045826,  0.27556244
  0.11159494, -0.07304317, -0.13361783, -0.03456604,  0.06817805,  0.06641206,  0.03265202, -0.00032872, -0.03531122, -0.02353967, -0.00034948,  0.00563084, -0.03004596, -0.07552555, -0.11906750, -0.13380876, -0.09630672, -0.03468736,  0.04883212,  0.12845838,  0.16470418,  0.12954275,  0.07608160,  0.06307951,  0.10433267,  0.15661357,  0.17951190,  0.16228586,  0.08290104, -0.04939763, -0.19655516, -0.32210274, -0.35062647, -0.26571072, -0.13153228, -0.01506181,  0.04156743,  0.05002519,  0.06648097,  0.08363371,  0.09055529,  0.13421675,  0.18946099,  0.22391575,  0.22787164,  0.15036651, -0.01011227, -0.18779909, -0.27329846, -0.24544757
 -0.07146929, -0.10663774,  0.00234788,  0.13174044,  0.12441352,  0.03519793, -0.01482104, -0.04582762, -0.04506102, -0.03441858, -0.05663055, -0.08768858, -0.12055083, -0.07753533, -0.00291060,  0.05494094,  0.10132830,  0.14577885,  0.16124607,  0.14905277,  0.09533769,  0.05902777,  0.06253949,  0.07075334,  0.04956236, -0.03464677, -0.18523011, -0.28423788, -0.31296669, -0.30213715, -0.24328048, -0.13461133,  0.00116829,  0.13856953,  0.20506426,  0.20693012,  0.18709892,  0.16208147,  0.16217980,  0.15996998,  0.15766589,  0.13426776,  0.06898044, -0.05056588, -0.14652828, -0.21061187, -0.23993910, -0.14951645,  0.01168498,  0.09786999
  0.12830538,  0.00638462, -0.17260567, -0.09728832,  0.09789253,  0.14250028,  0.03175386, -0.04766780, -0.08638189, -0.04145122,  0.02607971,  0.01687634, -0.00583285, -0.06743385, -0.03151034,  0.05367419,  0.09441353,  0.07729191,  0.06168509, -0.02246416, -0.07959138, -0.16699869, -0.21758560, -0.12611440,  0.06029923,  0.24974000,  0.30113408,  0.13980152, -0.03000408, -0.09790322, -0.11445971, -0.04914339,  0.07134592,  0.16398985,  0.22820388,  0.14537842, -0.09165766, -0.28696438, -0.34517345, -0.26698563, -0.08144712,  0.09698509,  0.20205804,  0.17255082,  0.00041290, -0.11292722, -0.11125782, -0.09945774,  0.05585324,  0.24982461
 -0.23177992,  0.23177799,  0.22306624, -0.22313803, -0.24672855,  0.10596952,  0.17738775,  0.11112256,  0.03992090, -0.10747785, -0.10185625, -0.01897197,  0.09322500, -0.04934422, -0.15324917, -0.05163938,  0.07342551,  0.13582083,  0.10212537,  0.01591371,  0.01525295,  0.08725593,  0.04394524, -0.10841809, -0.26438570, -0.17368457,  0.13808439,  0.15758919, -0.01628609, -0.12290414, -0.13748855, -0.02575035,  0.03658586, -0.04632036, -0.01024908,  0.14912508,  0.29520273,  0.29132711,  0.00376595, -0.22459066, -0.23142739, -0.16977624, -0.02452990,  0.16729323,  0.06009786, -0.06375164,  0.02076843,  0.02252311, -0.08597185,  0.07548126
  0.12922389, -0.08426781, -0.10074199,  0.02717192, -0.02153983, -0.08568444, -0.03398389,  0.07895785,  0.20564216,  0.20618963,  0.02591475, -0.14870887, -0.08326937,  0.10360342,  0.10589931, -0.11086321, -0.24933945, -0.08582089,  0.16519610,  0.17880588, -0.01459025, -0.16815682, -0.13267887, -0.00036275,  0.04784142, -0.07912889, -0.14683533,  0.03008065,  0.22168920,  0.19463511, -0.04939579, -0.21607536, -0.13950675,  0.03396685,  0.10914315,  0.06510430,  0.00234553,  0.10562008,  0.16990465, -0.01146580, -0.25809775, -0.28223961, -0.08895635,  0.12597484,  0.15331567, -0.06262298, -0.23570002, -0.08554508,  0.21109243,  0.27829832
 -0.07657917,  0.07971486,  0.07764677,  0.03576809, -0.08003505, -0.13364719, -0.03102769, -0.00345546,  0.00946052,  0.11029856,  0.15303016,  0.08259465, -0.11226511, -0.10816895,  0.04952499,  0.09046384, -0.04296477, -0.17670722, -0.11275901,  0.12566998,  0.24440435,  0.10626880, -0.10153242, -0.20167379, -0.10893458,  0.03870343, -0.03565472, -0.06716609,  0.07392834,  0.19315974,  0.17604048, -0.06274737, -0.32702394, -0.24833727,  0.06769386,  0.30819496,  0.29101880, -0.03265477, -0.24346724, -0.15671279,  0.10610109,  0.19196228,  0.05140862, -0.20787640, -0.20543115, -0.02888618,  0.00485407,  0.03402640,  0.12337168,  0.07861863
  0.11100199, -0.16292589, -0.07070504,  0.17955508,  0.11385739, -0.12974294, -0.09002290,  0.05131056,  0.02515274, -0.09554095, -0.12216890,  0.03642804,  0.14555571,  0.16910569, -0.02422490, -0.16883719, -0.04057288,  0.10492290, -0.00472582, -0.11368571, -0.10038473,  0.04571020,  0.16271708,  0.09349973, -0.00120194, -0.11760876, -0.12190252,  0.08205980,  0.12306771,  0.01322482,  0.03796177,  0.05487021, -0.01186780, -0.07040647, -0.14686553, -0.06231304,  0.11534992,  0.12716801, -0.06512822, -0.24456101, -0.20012840,  0.23457930,  0.43068149,  0.11648888, -0.19679011, -0.28529110, -0.13588149,  0.18143308,  0.19109966, -0.15508778
 -0.03409279,  0.05292201, -0.06536756,  0.04932864,  0.14563589,  0.02979699, -0.09942404, -0.12548307, -0.13132209, -0.00106232,  0.07281257,  0.02550766, -0.04573084, -0.08065215,  0.09990012,  0.22658754,  0.09914750, -0.14992300, -0.16944539, -0.10076331,  0.09774551,  0.11848175,  0.02662594,  0.00075956,  0.00627746,  0.09993665,  0.02213603, -0.20715600, -0.17503379,  0.06265304,  0.23524306,  0.25801198,  0.06773567, -0.20741571, -0.23231102, -0.10317278,  0.06648461,  0.15677710,  0.11871174, -0.10404236, -0.18720768, -0.14122286,  0.13247963,  0.28735142,  0.15155167, -0.02380959, -0.18561312, -0.32418036, -0.04467909,  0.23828907
 -0.19395703,  0.20080578,  0.24251814, -0.28052036, -0.06839412,  0.28103782,  0.02886168, -0.21380961, -0.07498296, -0.06842092, -0.17415324, -0.03825445,  0.06574864,  0.15484420,  0.19949531,  0.00981826, -0.15541729, -0.03921866,  0.04730195,  0.10055002, -0.08119432, -0.15818343,  0.10621345,  0.23966766,  0.09000836,  0.00342994, -0.17208759, -0.22637464,  0.10567562,  0.18461360,  0.05784076,  0.00174349, -0.09351738,  0.00001837,  0.07333918, -0.04473436,  0.02496173, -0.08990391, -0.27315884,  0.04453048,  0.20680134,  0.01074167,  0.08400473,  0.23000670,  0.05957694, -0.09003320, -0.16570420, -0.04122896,  0.04061077, -0.14618622
  0.12524652, -0.35517696,  0.24486751,  0.20735022, -0.33977711, -0.02439146,  0.27719465,  0.03433491, -0.12754271, -0.06748898, -0.01727854, -0.13943786,  0.10739262,  0.09149838, -0.04296208,  0.06847147, -0.00649563, -0.05727780, -0.00244134,  0.04731612, -0.00846370, -0.07298050, -0.15292446,  0.13695604,  0.23330608, -0.12170614,  0.04818211, -0.02599951, -0.24393019,  0.15229262,  0.14089207, -0.06192236,  0.04541151, -0.05530974, -0.03654110,  0.10428770, -0.11582009,  0.09891188, -0.03338320, -0.24066479,  0.02388947,  0.26241906, -0.15474047,  0.02449588,  0.19132311, -0.05979983,  0.00096073, -0.01482828, -0.15369062,  0.06964987
 -0.06517693,  0.03043855,  0.02517340, -0.00063568,  0.06611849, -0.05844472, -0.13053289,  0.07318988,  0.27971758,  0.06360494, -0.21106028, -0.30080787, -0.10672889,  0.19333500,  0.15631993,  0.02340252, -0.04346313, -0.13280113, -0.04435117,  0.27615143,  0.15620682, -0.13186834, -0.25576600, -0.14934126,  0.15811250,  0.23770249,  0.09638066, -0.02620888, -0.22457743, -0.21458749,  0.08097758,  0.12268798,  0.07181966,  0.06064580, -0.11987358, -0.03793391,  0.17174671,  0.03598922, -0.06278804, -0.01722916, -0.10802067, -0.04427619,  0.05750676,  0.07025030,  0.02281894, -0.03057174,  0.10545824,  0.25229288, -0.12766627, -0.24905904
 -0.04216873,  0.09035807, -0.08762127,  0.05608659,  0.05074786, -0.16139896, -0.05645350,  0.26154662,  0.07623420, -0.13822174, -0.22639076,  0.06012237,  0.22046203, -0.03635453, -0.01730594, -0.00551955, -0.15270663, -0.07743191,  0.32572261,  0.05246425, -0.12674046, -0.18363007, -0.03306873,  0.17003068,  0.00648491,  0.06743567,  0.02995591, -0.23508636, -0.02564408,  0.13360118, -0.05478304,  0.07640073,  0.09079776, -0.22599445,  0.00541855,  0.15933136, -0.00098965, -0.07626477,  0.06477796, -0.05609527,  0.01658608, -0.04654068,  0.12726487, -0.01358124, -0.26486140,  0.12621401,  0.35642711, -0.25629704, -0.16638292,  0.14042585
 -0.12063852,  0.24853609, -0.14619427,  0.02084017,  0.01683254, -0.09450288,  0.09676672,  0.09344270, -0.00492554, -0.29070047,  0.08577511,  0.04297647,  0.02026272,  0.13062854, -0.12335802, -0.06980950,  0.09854442,  0.02463252,  0.00842139,  0.12425830, -0.26417453,  0.00767103,  0.09594585, -0.06454583,  0.19846827,  0.02432341, -0.27319426,  0.09482300, -0.07615775, -0.04110376,  0.30658563, -0.09324958, -0.14022367,  0.12581111, -0.13850638,  0.11789211,  0.16476749, -0.28660706,  0.05604602,  0.09432272, -0.13836958,  0.05414169,  0.04682439, -0.12912893,  0.17466370,  0.08005472, -0.18099373,  0.08666334, -0.24455703,  0.18050698
 -0.01348397, -0.03625469,  0.06287282,  0.02778297, -0.08319883, -0.09022974,  0.12056102,  0.20062329, -0.00389895, -0.17849436, -0.05749316,  0.05620312, -0.11080560,  0.03242320,  0.16965522, -0.17636299, -0.09366167,  0.29126503,  0.03412764, -0.15861660,  0.04136164, -0.06199634, -0.04866726, -0.07098781,  0.06837728,  0.20457344, -0.07063759, -0.08303723,  0.05442607, -0.23616655,  0.06617372,  0.31460364, -0.19410944, -0.09669410,  0.24608716, -0.08667004, -0.04976085,  0.18057601, -0.09278042, -0.10473094, -0.04551563,  0.02561907, -0.00876012, -0.16198271,  0.14401419,  0.37498095, -0.18386423, -0.18022773,  0.15487072, -0.09248276
  0.03068612,  0.02381076, -0.14104349,  0.10384279, -0.00245174, -0.08306785,  0.01136173,  0.16343168, -0.16214426,  0.04733599,  0.07325971, -0.01519398,  0.08158915,  0.05898604, -0.16639478, -0.25425557,  0.30175415,  0.02739949, -0.12254684,  0.05186050,  0.16681938, -0.31108844, -0.01765993,  0.23435854, -0.13028535,  0.00292419,  0.06563868, -0.03613545, -0.12025274,  0.05129700,  0.19678600, -0.07105170, -0.24215865,  0.16490724,  0.13095577, -0.32603513,  0.19178837,  0.12779160, -0.13721614, -0.02624566,  0.21897335, -0.25080748, -0.00270480,  0.08131888, -0.06012965, -0.07060138,  0.10338096, -0.01332783, -0.02282499,  0.07266660
  0.10198664, -0.20499828,  0.09716477,  0.04583060, -0.05332224, -0.04588649,  0.09644890, -0.07472519,  0.03185857,  0.18021396, -0.14773452, -0.10386884,  0.12248891,  0.11966203, -0.19411633, -0.03487047,  0.04730175,  0.04571885,  0.07460867, -0.04965533, -0.13792646,  0.00234021,  0.27315927, -0.28626765, -0.12286531,  0.26356827,  0.12997046, -0.25644296, -0.01816682,  0.16507208, -0.02577377, -0.12733338,  0.08339679,  0.17888088, -0.28823438,  0.00710574,  0.21915130,  0.01419176, -0.26031181,  0.19357928, -0.05670290, -0.03397852, -0.00649270, -0.09965692,  0.02504605,  0.20288902, -0.07234494, -0.16320435,  0.13639679,  0.00930327
  0.02441455, -0.05877531,  0.06569027, -0.04966545,  0.02290415, -0.01905718, -0.07462721,  0.09533653,  0.08508192, -0.03690520, -0.22077423,  0.20721104,  0.20633476, -0.08766784, -0.29489604, -0.09414462,  0.25732419,  0.15321575, -0.14273536, -0.15962812,  0.22823283,  0.04150187, -0.27212819, -0.09100245,  0.30492817,  0.10099111, -0.21072538, -0.14686909,  0.12809164,  0.11210807, -0.11629824,  0.07162400,  0.01640743, -0.15384621, -0.03336493,  0.20344693,  0.00642077, -0.12532549,  0.00490532,  0.13854802,  0.03459513, -0.16423994, -0.14073040,  0.14753382,  0.12690233, -0.17376938, -0.04329170,  0.09289870,  0.08796579, -0.05551444
  0.03739236, -0.10587807,  0.14131344, -0.16761306,  0.21097509, -0.27364269,  0.24099610, -0.09315947,  0.09188734, -0.14672485,  0.04760568,  0.17225345, -0.17671552,  0.04358435, -0.21218665,  0.25501613,  0.01371844, -0.03440124, -0.14483715,  0.15556672,  0.05460687, -0.24273513,  0.08647541,  0.05710853,  0.08907560, -0.17975503,  0.07576282, -0.05082756,  0.13597956, -0.11639243,  0.01370192,  0.09245561, -0.17060550,  0.12433684, -0.04647272,  0.12095866, -0.18779717,  0.17388259, -0.14607152,  0.19626655, -0.20978973,  0.01596372, -0.02362283,  0.20168850, -0.23291556,  0.09884296,  0.04340382, -0.00870561, -0.03382814,  0.01439727
 -0.04657673,  0.17018590, -0.24394954,  0.16276450,  0.02959298, -0.16560718,  0.21476387, -0.29203207,  0.24921534, -0.13833984,  0.12754622, -0.20912894,  0.17467271,  0.06455675, -0.08832396,  0.01648325, -0.18835857,  0.28386056, -0.14298770, -0.01902931, -0.01016773,  0.20390098, -0.22849219,  0.14197394, -0.12984525,  0.06289540,  0.10451561, -0.18694171,  0.09409633, -0.01253529,  0.07214211, -0.15212843,  0.17018395, -0.12831491,  0.04541193, -0.02784031, -0.00595076,  0.05569435, -0.06604615, -0.02045593,  0.14216939, -0.01340979, -0.13443599,  0.14328304, -0.12859960,  0.11209185, -0.15308709,  0.11568338, -0.04995859,  0.02467886
 -0.07793561,  0.16715764, -0.02973435, -0.22978563,  0.35974452, -0.20957775, -0.02479601,  0.04323584, -0.11910525,  0.14653974, -0.06035170,  0.02108987, -0.15117606,  0.35442032, -0.06632180, -0.16275322, -0.11538380,  0.08947739,  0.22418801, -0.23164189,  0.01058156,  0.17567495, -0.04333155, -0.11757704,  0.11429644, -0.15949853,  0.19374885, -0.02991486, -0.20161877,  0.11527238,  0.07529937,  0.00786673, -0.11463959,  0.07929642, -0.09402436,  0.07135191, -0.07433455,  0.06128451,  0.03170942, -0.14970971,  0.18767767,  0.13083875, -0.24961008,  0.05937872,  0.05811076, -0.10993877,  0.04000569, -0.06464897,  0.05709646,  0.01074476
 -0.03807951,  0.09323450, -0.11518920,  0.12461779, -0.12792306,  0.08878365, -0.02086362,  0.00998179, -0.02123881,  0.00029630,  0.00104809,  0.01134984, -0.03662282,  0.05040376, -0.09643701,  0.13797541, -0.11740548,  0.08123658, -0.03287534, -0.01855992,  0.08912961, -0.13626885,  0.15559969, -0.21260722,  0.29090890, -0.29656572,  0.26524939, -0.26767464,  0.27564102, -0.27713155,  0.23793414, -0.18126255,  0.11417604, -0.05587636,  0.02776657,  0.00381150, -0.00575991, -0.01077505,  0.03377402, -0.05752265,  0.09753459, -0.15370134,  0.18438605, -0.17511809,  0.18599431, -0.17712491,  0.14568687, -0.09906039,  0.09030475, -0.06635748
 -0.02667879,  0.10243147, -0.18503529,  0.20449555, -0.14067632,  0.02719698,  0.12542569, -0.20823629,  0.13464142,  0.01003710, -0.10718366,  0.08554076, -0.07722162,  0.01999393,  0.05423800,  0.05696680, -0.12292461,  0.06309560,  0.04236053, -0.22783511,  0.31300554, -0.24451620,  0.11933525,  0.03278490, -0.04793663, -0.03903022,  0.02840837,  0.03620041, -0.07784565,  0.17739455, -0.27678042,  0.24593309, -0.17759920,  0.21922139, -0.24483635,  0.17531455, -0.06074761, -0.03024236,  0.05271904, -0.11267342,  0.13811540, -0.12262479,  0.15531487, -0.13831818,  0.08279379,  0.01694451, -0.11009974,  0.16613336, -0.18896763,  0.08248087
 -0.04119256,  0.06002167, -0.01147447, -0.03717085,  0.04280968, -0.15485990,  0.27581819, -0.05284679, -0.17630395,  0.19157623, -0.08242435, -0.06346725,  0.16285638, -0.23038279, -0.04881943,  0.23708908, -0.00898126, -0.21616809,  0.33241106, -0.26266913,  0.11275329,  0.02559425, -0.17752213,  0.01812616,  0.24680999, -0.15661280, -0.04564151,  0.08057054, -0.02744053, -0.03364448,  0.03838912, -0.06796146,  0.00707758,  0.06173866,  0.09842012, -0.23631289,  0.23675038, -0.09560845,  0.02681406,  0.01955876, -0.08684271, -0.06206934,  0.12337884,  0.00896257, -0.12181262,  0.23030694, -0.16694591,  0.10989879,  0.06783594, -0.15292303
 -0.04910165,  0.11681606, -0.13956655,  0.13649662, -0.11011821,  0.05902654, -0.03726931,  0.11895254, -0.17660924,  0.09166023,  0.05149241, -0.16189370,  0.08514358,  0.07944639, -0.21901778,  0.25439182, -0.13085165,  0.01416462, -0.01415245,  0.11102619, -0.20869762,  0.27237448, -0.23701793,  0.08372609,  0.05279651,  0.00547586, -0.16159812,  0.17337394, -0.03914361, -0.03360503, -0.08651409,  0.19484780, -0.18391144,  0.14837484, -0.12555509,  0.13705396, -0.15678825,  0.22396386, -0.25476816,  0.12368672,  0.08545083, -0.19731295,  0.16027717, -0.05961592,  0.04098642, -0.05990085,  0.12273634, -0.16137623,  0.15841815, -0.09910482
  0.01297109, -0.04723340,  0.04918417,  0.00670230, -0.02400334,  0.04869590, -0.09475067, -0.02815201,  0.08506102,  0.08904604, -0.23135656,  0.15032527,  0.10544007, -0.18463823,  0.08769690, -0.00454871, -0.18787437,  0.24578813, -0.02849495, -0.07103359,  0.02577125,  0.02596117, -0.11325458,  0.24854976, -0.21016788, -0.11373012,  0.27439078,  0.04639484, -0.30567800, -0.02412494,  0.35533159, -0.07888181, -0.20009754,  0.02319435,  0.01492804,  0.14653863, -0.03700028, -0.16526742,  0.00647510,  0.32849484, -0.25604953, -0.00505241,  0.05218338, -0.05787880,  0.08669780, -0.07398629, -0.02101834, -0.00746910,  0.11166810, -0.05591528
  0.08169624, -0.11933227, -0.00375330,  0.07027156,  0.01939851, -0.00943568, -0.01557732, -0.14438873,  0.04803703,  0.12769692, -0.00281748, -0.20539154,  0.16215869,  0.15227472, -0.03015712, -0.13837703,  0.04415596, -0.12253562,  0.08620030,  0.00310312, -0.00228367, -0.08698496,  0.19844478, -0.02553318, -0.01168051, -0.22270916,  0.03516631,  0.29961081, -0.03238380, -0.31144513,  0.05124775,  0.32810112,  0.00341329, -0.38431685,  0.03467163,  0.17806873,  0.07672531, -0.19771800, -0.14512017,  0.17148544,  0.21336772, -0.11606719, -0.12113960,  0.09318383, -0.04044725,  0.03723145, -0.12729800, -0.05542153,  0.01769060,  0.14185475
  0.03483432, -0.00459199, -0.06797609, -0.03766029,  0.09591984, -0.01489575, -0.01873129,  0.04272157, -0.09034335,  0.12333385,  0.04830388,  0.09117627, -0.22499890, -0.11091514,  0.15797652, -0.04206365, -0.05010083,  0.20345451, -0.06286344, -0.01328363,  0.01652543, -0.16322134, -0.18467060,  0.33589007,  0.06486526, -0.14549754, -0.11651140,  0.09653814,  0.15545969, -0.10903029, -0.09667680, -0.04525602,  0.29570372, -0.00584865, -0.38138089,  0.05469021,  0.37718938,  0.00138577, -0.25910830, -0.00462254, -0.00857282,  0.12015672, -0.14723782, -0.09049648,  0.11889108,  0.07507495,  0.08522633, -0.14448761,  0.00068960,  0.04713164
  0.00919391, -0.05027569,  0.02659304,  0.00731383,  0.00193067, -0.05463761,  0.05829559,  0.06518087, -0.04219178,  0.12460874, -0.08149861,  0.05445318, -0.36516867,  0.25707075, -0.18952617,  0.13405304,  0.12247797,  0.08402461, -0.19121720,  0.13275594, -0.24113263,  0.06694083, -0.04091720,  0.18587962, -0.04773743, -0.13279169,  0.17928703, -0.08865629, -0.10098645,  0.21447535, -0.21464648,  0.09397269,  0.06916816, -0.23078062,  0.21949582, -0.00543292,  0.16384104, -0.24691158,  0.12529183, -0.07467798, -0.01533790, -0.16867900,  0.19257482, -0.09373875,  0.08511733,  0.15120684, -0.12379246,  0.08186782,  0.02295911, -0.13067345
  0.01570366,  0.00038692, -0.00860380, -0.04305090,  0.05690169, -0.03292100,  0.07760086, -0.08596616, -0.13908771,  0.24293866, -0.07611212, -0.04950214,  0.11835793,  0.06418339, -0.22750396,  0.12675611, -0.05038009, -0.06640629,  0.09785618,  0.03955528, -0.03001943, -0.03544807, -0.05774606,  0.17985217, -0.26402432,  0.21637149, -0.00695143, -0.21355590,  0.32911227, -0.24778866, -0.01233684,  0.24856087, -0.19087047,  0.00849336,  0.04098586, -0.08600910,  0.07128138, -0.09150521,  0.16266129, -0.06043088, -0.13444877,  0.25923214, -0.13957129, -0.13408378,  0.23881174, -0.23001114,  0.05750955,  0.09947061, -0.12355509,  0.08653598
  0.07734000, -0.12681225,  0.01083845,  0.05010827, -0.01052265,  0.03226798, -0.05691028, -0.14025434,  0.29903380,  0.11199250, -0.38970045,  0.23173990, -0.08875192, -0.04012414, -0.09246500,  0.26717723, -0.11926454,  0.11296286, -0.10044010, -0.01248321, -0.15984271,  0.10534641,  0.08285572, -0.07423210,  0.04964203,  0.04124201, -0.22622035,  0.22311728, -0.02320420, -0.09027711,  0.14482561, -0.07344162, -0.11586461,  0.09778403,  0.11764639, -0.20060884,  0.15876276, -0.00926678,  0.01672915, -0.26957555,  0.22692640, -0.03971896, -0.12202709,  0.12045880, -0.04888438,  0.03117493,  0.14225073, -0.14614617, -0.09752345,  0.12493627
  0.06069338, -0.10083484,  0.13109280, -0.07294079, -0.02357969,  0.05591361, -0.03194099, -0.00804507, -0.00322653, -0.29840575, -0.01513638,  0.30911617,  0.14557710,  0.18457764, -0.06737832, -0.09247325, -0.26486327, -0.16097695,  0.00413156,  0.23392230,  0.16391311,  0.17331918, -0.26863623, -0.07111762, -0.00240316, -0.11186455,  0.18329949,  0.03415484,  0.00831360, -0.02753857, -0.12980403,  0.11987607,  0.06528632,  0.09332651, -0.10175677, -0.34585694,  0.13203652, -0.04097088,  0.01205658,  0.13390473,  0.11975034,  0.00008782,  0.08153478, -0.19291404, -0.04078384, -0.04040738, -0.16256763, -0.06238811,  0.03678709,  0.26098767
 -0.05786155,  0.09960500, -0.03454065,  0.06378610, -0.13801850,  0.01159185,  0.15690006,  0.07235147, -0.35581282,  0.07992790, -0.03544352,  0.15658439, -0.06748462,  0.24361013, -0.15428198,  0.06835437, -0.28139010,  0.09923346, -0.06810849,  0.09378792,  0.27108444, -0.20760936,  0.06305552, -0.09036348, -0.14177803,  0.26697406, -0.18924925,  0.19424800, -0.11817632, -0.06522262,  0.08382132, -0.11659426,  0.23853132, -0.10620081, -0.05345920,  0.03643707, -0.06901777, -0.13027142,  0.20586601,  0.03874908, -0.03260375,  0.02252219, -0.05010970,  0.16356746, -0.18463695, -0.01089311, -0.02261296, -0.04904262,  0.18274811, -0.08366316
 -0.05179530,  0.12772685, -0.11844871,  0.08234101, -0.01912685, -0.17140743,  0.34272718, -0.15249684, -0.20360287,  0.29240883, -0.33943328,  0.20307218,  0.07877660, -0.13744658,  0.29804470, -0.32617928,  0.12791834, -0.04558375, -0.19024687,  0.32489937, -0.15501691,  0.12147434, -0.02894334, -0.12914603,  0.08593566, -0.04766630,  0.04890573, -0.02892354,  0.05335417, -0.04838990, -0.03942194,  0.04102560,  0.03706780,  0.01131937, -0.02578669,  0.03345019, -0.15991569,  0.08795332,  0.02313865,  0.00418310,  0.00793771, -0.01932564,  0.05981178, -0.01206745, -0.03420336, -0.03544938,  0.01239778, -0.00387260, -0.03638631,  0.05444085
 -0.03314991,  0.07116998, -0.13138859,  0.22095361, -0.22712105,  0.09920344,  0.04102311, -0.06701100,  0.13777235, -0.06779249, -0.16823970,  0.22600431, -0.34061285,  0.28400802, -0.01111612, -0.08277603,  0.26157466, -0.35967982,  0.24777979, -0.22835803,  0.05165804,  0.16160437, -0.13120851,  0.13933888, -0.12517244,  0.03481824, -0.01930146, -0.02942729,  0.10073466, -0.11118119,  0.09348343, -0.12806445,  0.08611747, -0.02452818,  0.05934499,  0.02903862, -0.08242136,  0.07744668, -0.17834837,  0.17047717, -0.10557301,  0.06399367, -0.02755494,  0.07427525, -0.00890928, -0.01580410,  0.02816527, -0.04793017, -0.00452554, -0.00481698
 -0.03703914, -0.02032048,  0.02997102,  0.06563601,  0.03670437, -0.25332619,  0.06402243,  0.42463828, -0.08149908, -0.10192077, -0.21305326, -0.22383043,  0.05597740,  0.08979834,  0.27137541,  0.18192848, -0.06271180, -0.09356516, -0.30378709, -0.18102728,  0.18689715,  0.20170557,  0.13800341, -0.00484933, -0.16626080, -0.09556794, -0.00057799,  0.01224031,  0.15322913, -0.02428774, -0.13445609, -0.09650479,  0.02122936,  0.17148139,  0.11168966,  0.01083448,  0.00271494, -0.22847467, -0.11792365,  0.11079514,  0.04159935,  0.02034771, -0.00364270,  0.13888415,  0.10913573, -0.06445368, -0.02440966, -0.09267550, -0.12449874,  0.09359364
  0.03762819, -0.14872852,  0.18991020, -0.02286806, -0.14537370,  0.03995686,  0.20423128, -0.19461647, -0.03429859,  0.01768709,  0.22284015, -0.15507120, -0.15303962,  0.13086055,  0.13968739, -0.21095563, -0.01788838,  0.19284741,  0.00009710, -0.17165192,  0.00975092,  0.17769028, -0.14366068, -0.03889143,  0.10441109,  0.03910223, -0.06626523, -0.06489135,  0.08559322, -0.04237073,  0.01163663,  0.09186080, -0.17017963,  0.11202804, -0.04512083, -0.00401298,  0.15134330, -0.27532595,  0.17735986,  0.06861359, -0.10452260, -0.14672434,  0.18134737,  0.13616666, -0.23605006, -0.10532088,  0.36438933, -0.16187144, -0.08365024,  0.05632697
  0.06465130, -0.09224124, -0.06106126,  0.17365456, -0.04730432, -0.13905557,  0.09399730,  0.10998196, -0.13482708, -0.11032993,  0.16129367,  0.23147867, -0.18487416, -0.19841744,  0.12714654,  0.07944338, -0.23730565,  0.06126802,  0.24749129,  0.00599159, -0.22261998,  0.02112901,  0.10936881, -0.15380585,  0.00277304,  0.11681391,  0.07357870, -0.07835079, -0.06770816,  0.05296607, -0.04672570,  0.11787857, -0.00976484, -0.12291965,  0.05184463, -0.09711813,  0.16116320,  0.02136897, -0.19483099,  0.18292815,  0.06736458, -0.17285572, -0.16155706,  0.23267740,  0.10838547, -0.30971395,  0.03283011,  0.29474251, -0.10395125, -0.05507765
  0.03751786, -0.10983908,  0.08591257, -0.03792838,  0.06909347, -0.18008315,  0.18681098,  0.00479828,  0.10546962, -0.23419178,  0.05289363,  0.06546026, -0.00421440, -0.12427307,  0.07675943,  0.00593817,  0.10543890, -0.21897906,  0.09461036,  0.08113921, -0.09065157,  0.01732925, -0.04645699,  0.13658509, -0.21319972,  0.10862516,  0.04568427,  0.00073624,  0.03040603, -0.16454800,  0.10029370, -0.03335989, -0.00388215,  0.15055031, -0.23813910,  0.20181122,  0.00429851, -0.17184470,  0.20122757, -0.25203127,  0.29673206, -0.22067117, -0.00267160,  0.03974808,  0.14064140, -0.05531493, -0.05013932, -0.08638160,  0.34516388, -0.25441423
  0.01164497,  0.00171897, -0.07719406,  0.15784870, -0.20617919,  0.23723229, -0.25276806,  0.21797833, -0.14020990,  0.06833022, -0.02444254,  0.04367792, -0.01448062, -0.04242803,  0.01009135, -0.00382719,  0.00397492,  0.01010243, -0.01180683,  0.07527798, -0.10674534,  0.05928544, -0.03788281, -0.00404851,  0.06578729, -0.12985716,  0.20226150, -0.19958153,  0.15445443, -0.10501363,  0.01606902,  0.10199389, -0.17980995,  0.20180962, -0.18817083,  0.08831734,  0.04862399, -0.11826672,  0.13582865, -0.10306913,  0.02835624,  0.08794539, -0.24569796,  0.31891486, -0.30764913,  0.27196252, -0.20922875,  0.11892745,  0.00508006, -0.03474333
 -0.07759925,  0.19128609, -0.22131555,  0.16981527, -0.08898050, -0.01120188,  0.09415243, -0.10661217,  0.17379376, -0.16336173,  0.02637358, -0.04384167,  0.07200494, -0.04272893, -0.00524130,  0.01903759,  0.06301465, -0.05503600, -0.07447376,  0.10440313,  0.01060928, -0.08461543,  0.08663343, -0.07105924,  0.09224180, -0.12560270,  0.06847055,  0.04430577, -0.12166337,  0.15949294, -0.21640351,  0.17285471, -0.09816733,  0.04229705,  0.08851796, -0.16199001,  0.18485823, -0.14598139,  0.05463762,  0.05115466, -0.18938680,  0.29715421, -0.25938655,  0.09432999,  0.08645830, -0.10666358,  0.17050804, -0.29533100,  0.33794253, -0.19220626
