  0.19773737,  0.21045101,  0.22180597,  0.23171610,  0.24002115,  0.24616584,  0.25002892,  0.25163996,  0.25078801,  0.24801156,  0.24304889,  0.23565127,  0.22644259,  0.21608869,  0.20454233,  0.19178863,  0.17801470,  0.16351466,  0.14855062,  0.13340832,  0.11821354,  0.10300570,  0.08838060,  0.07462524,  0.06169284,  0.04981982,  0.03936252,  0.03027566,  0.02229773,  0.01534891,  0.00940398,  0.00422980, -0.00058439, -0.00507500, -0.00900546, -0.01234347, -0.01510309, -0.01741244, -0.01935352, -0.02107236, -0.02255622, -0.02372491, -0.02467345, -0.02533283, -0.02586604, -0.02643389, -0.02686057, -0.02715515, -0.02720490, -0.02697967
 -0.34944928, -0.31813921, -0.28239770, -0.24231860, -0.19849797, -0.15344176, -0.10823291, -0.06355002, -0.02121398,  0.02009425,  0.05827033,  0.09092660,  0.11940337,  0.14548913,  0.16803916,  0.18586849,  0.19865497,  0.20657469,  0.20994565,  0.20918642,  0.20407948,  0.19428668,  0.18199101,  0.16834920,  0.15328347,  0.13795953,  0.12432065,  0.11270024,  0.10258857,  0.09405426,  0.08737302,  0.08181885,  0.07585109,  0.06924339,  0.06309688,  0.05770059,  0.05326465,  0.04942630,  0.04598597,  0.04240534,  0.03863450,  0.03510159,  0.03204034,  0.02937351,  0.02639362,  0.02246792,  0.01840215,  0.01417775,  0.01034256,  0.00723356
 -0.40957884, -0.29314447, -0.17921682, -0.07683110,  0.00789028,  0.08094469,  0.14104852,  0.18523071,  0.21796708,  0.22541088,  0.21609034,  0.20380382,  0.18050712,  0.13506174,  0.07521535,  0.01090603, -0.05236297, -0.11102699, -0.16318041, -0.20714778, -0.23658975, -0.24428310, -0.23832389, -0.22187640, -0.19150704, -0.15157921, -0.11338537, -0.07966104, -0.04902479, -0.02330240, -0.00626566,  0.00453217,  0.01688316,  0.03272356,  0.04527871,  0.05238953,  0.05169895,  0.04527186,  0.03466491,  0.02400100,  0.01571561,  0.00835292, -0.00261750, -0.01461450, -0.02245796, -0.02057499, -0.01259718,  0.00211002,  0.02012348,  0.03863086
 -0.03715702,  0.02827524,  0.07562649,  0.10726939,  0.12714965,  0.13195818,  0.12337469,  0.10641637,  0.07917158,  0.04632385,  0.00877574, -0.03293239, -0.07553043, -0.11138443, -0.13607564, -0.14589286, -0.14140013, -0.12189786, -0.09431144, -0.05967580, -0.01817989,  0.02064742,  0.05566089,  0.08746849,  0.11196974,  0.13031268,  0.14438720,  0.15759520,  0.16568475,  0.16990277,  0.17246392,  0.17588633,  0.17403340,  0.16927129,  0.16218700,  0.15558268,  0.14824840,  0.14230876,  0.13895543,  0.13833989,  0.14688828,  0.16412249,  0.16557175,  0.17365952,  0.18895506,  0.20561618,  0.22047063,  0.23366323,  0.24559794,  0.25347065
 -0.21603246, -0.16585202, -0.09992177, -0.02007255,  0.06627823,  0.13999462,  0.18865448,  0.20303729,  0.17399263,  0.11976522,  0.04067079, -0.06313645, -0.16275559, -0.22728268, -0.25114864, -0.23876468, -0.19417250, -0.12548627, -0.04040172,  0.04671696,  0.11545758,  0.15330621,  0.16756861,  0.16170225,  0.13639008,  0.10151130,  0.07451231,  0.05822190,  0.05216454,  0.05530243,  0.06548821,  0.07092784,  0.05936341,  0.02517624, -0.02166577, -0.07585715, -0.12756468, -0.17265360, -0.20569493, -0.22527689, -0.23361738, -0.22845286, -0.19398444, -0.15057724, -0.11197821, -0.08596083, -0.06963794, -0.06896265, -0.08365344, -0.10836337
 -0.29445477, -0.13950229,  0.03166986,  0.16839767,  0.23476026,  0.23833703,  0.18261126,  0.07784177, -0.03919019, -0.17020326, -0.26392104, -0.26734913, -0.19952530, -0.10484622,  0.00580995,  0.11886278,  0.20930092,  0.25369107,  0.23766389,  0.16112583,  0.04962367, -0.05608768, -0.14673014, -0.20483958, -0.20451406, -0.15027179, -0.07501502,  0.00018328,  0.06434968,  0.10201111,  0.09688533,  0.05417454,  0.00149060, -0.04324428, -0.08215530, -0.10966866, -0.12339945, -0.11507034, -0.08334425, -0.02717526,  0.04265833,  0.10228732,  0.13123517,  0.12681029,  0.09768184,  0.06374446,  0.02649387, -0.00460425, -0.03039819, -0.04793986
  0.22135952, -0.01006096, -0.14525510, -0.17700010, -0.13777832, -0.04723361,  0.05746957,  0.13960756,  0.19331118,  0.15526403,  0.04998654, -0.03771973, -0.08965551, -0.13215313, -0.15073344, -0.11769521, -0.03139676,  0.08587555,  0.18777336,  0.23816886,  0.23444603,  0.18912554,  0.08467529, -0.06208234, -0.19608964, -0.28005539, -0.31872470, -0.30555454, -0.24356757, -0.15424438, -0.07314816, -0.01119707,  0.04258604,  0.09918952,  0.13541820,  0.14579051,  0.12022648,  0.07024367,  0.01069169, -0.03008711, -0.02319521,  0.02620610,  0.05357375,  0.07097043,  0.08573656,  0.09874640,  0.09123944,  0.08179341,  0.07807757,  0.07395002
  0.26299839,  0.12241574, -0.04836170, -0.14015459, -0.10578974, -0.03962647, -0.00865491, -0.02714549, -0.08113034, -0.04504344,  0.01894676,  0.00081911, -0.03124721,  0.01850422,  0.09622919,  0.13481496,  0.12493976,  0.07183304, -0.00078987, -0.05933046, -0.10107086, -0.14836290, -0.15799822, -0.13245962, -0.11011150, -0.08500199, -0.01753220,  0.06477930,  0.12716912,  0.17931399,  0.25264105,  0.33345266,  0.36865805,  0.32259872,  0.22158827,  0.08821141, -0.02389078, -0.09878224, -0.13371631, -0.15579243, -0.18820809, -0.22161991, -0.18566439, -0.08651723,  0.02811896,  0.07524451,  0.05710937, -0.01308107, -0.07097206, -0.07473016
 -0.00623983,  0.11816035,  0.09326691, -0.09788471, -0.27628600, -0.20936375,  0.04704465,  0.25024397,  0.26520987,  0.06246703, -0.13900685, -0.16290452, -0.04816888,  0.08037707,  0.15920739,  0.13419564,  0.01736506, -0.13260043, -0.20231711, -0.16871369, -0.07136030,  0.07340450,  0.15646039,  0.11823114,  0.02242339, -0.06838671, -0.10111184, -0.05402369,  0.08177341,  0.19897037,  0.17519328,  0.00959009, -0.13474580, -0.17783178, -0.12335930, -0.04462864, -0.00324266, -0.02500921, -0.07226391, -0.07623299, -0.05367530, -0.01429282,  0.18020294,  0.30348295,  0.26957432,  0.15019420,  0.00191244, -0.13529559, -0.20394434, -0.13201831
  0.24569610,  0.01726954, -0.27702392, -0.30878204, -0.03743903,  0.24129286,  0.29250299,  0.11274433, -0.15249577, -0.22901311, -0.10210192,  0.05324897,  0.14967976,  0.16428007,  0.07230023, -0.06494486, -0.15865330, -0.16541133, -0.08146892,  0.05822900,  0.15728421,  0.11932397, -0.01211872, -0.12058384, -0.13956704, -0.06156769,  0.07595223,  0.20291247,  0.21948426,  0.08092617, -0.08751172, -0.14274317, -0.08060869,  0.01380143,  0.05740239,  0.01434320, -0.07187374, -0.12076762, -0.08196829,  0.00384212,  0.06674014,  0.10688427,  0.11392448,  0.07162297,  0.01373485, -0.09135343, -0.19858237, -0.17474425,  0.02979868,  0.20569303
  0.17219037, -0.11627370, -0.25091002,  0.03231777,  0.26275031,  0.04159373, -0.24247484, -0.09192068,  0.20832924,  0.14405885, -0.13040577, -0.14125453,  0.08050017,  0.12666647, -0.04959816, -0.10383036,  0.04335159,  0.11297595, -0.03393921, -0.13431666, -0.00295311,  0.09299447, -0.04754724, -0.11943468,  0.06452758,  0.20276343,  0.05174785, -0.12200298, -0.10837636, -0.02224087,  0.04571921,  0.11241454,  0.10114428, -0.02086971, -0.14705522, -0.12544466, -0.02553456,  0.02624608,  0.00666752, -0.00699876,  0.03390328,  0.06169682, -0.10571888, -0.11603801,  0.21443490,  0.30034237, -0.14463786, -0.39284040, -0.03128206,  0.27865376
 -0.00572307, -0.11175960,  0.07440390,  0.20407607,  0.01649709, -0.17151173, -0.01362877,  0.16245059, -0.03749510, -0.25790973, -0.11687406,  0.15878682,  0.16209949, -0.04268770, -0.10819041,  0.02748903,  0.08477673, -0.02508199, -0.07415181,  0.06184079,  0.12527790, -0.04577696, -0.11172133,  0.07767545,  0.16196144, -0.04454626, -0.22903963, -0.15626167,  0.00019949,  0.09713322,  0.15132152,  0.13694472,  0.01246507, -0.08230638, -0.03200417,  0.06995330,  0.08827375,  0.03978200,  0.01256754,  0.00032306, -0.05409914, -0.16737052, -0.15916090,  0.13058706,  0.16892257, -0.25835600, -0.43176810, -0.00112729,  0.35389160,  0.15619975
  0.03399695,  0.00621042, -0.05561254, -0.10472959, -0.04009887,  0.15222652,  0.16451631, -0.09155421, -0.16577993, -0.00406895,  0.13588170,  0.11326482,  0.03293501, -0.01393249, -0.04229159, -0.11894539, -0.13306246, -0.00864488,  0.18386738,  0.16083418, -0.12405767, -0.23800312, -0.07890789,  0.07907957,  0.15306363,  0.18300222,  0.11410065, -0.12340067, -0.27644316, -0.16721268,  0.05092625,  0.12304839,  0.11040184,  0.05569284, -0.04090130, -0.14143844, -0.12076492,  0.01539500,  0.11834085,  0.09980163, -0.06605646, -0.18830891,  0.19416276,  0.44804473,  0.22988044, -0.03608740, -0.08476880, -0.11018088, -0.19366487, -0.11940244
 -0.10887145,  0.00642782,  0.14741300,  0.08246578, -0.12806606, -0.18025035,  0.07755652,  0.28183636,  0.07664345, -0.19487356, -0.17003670,  0.03183346,  0.10192525,  0.03711812, -0.00903619, -0.00259711, -0.05113771, -0.10469142, -0.05289605,  0.13470693,  0.21999209, -0.01249843, -0.21879866, -0.13038011,  0.04203544,  0.12366377,  0.15909695,  0.12983326, -0.07797483, -0.27550677, -0.24705276, -0.03746978,  0.08777086,  0.10974760,  0.10184418,  0.06771155, -0.01502733, -0.06398301,  0.00201360,  0.11299806,  0.16418969,  0.01111326, -0.29683282, -0.10072685,  0.26657283,  0.25852679,  0.06660757, -0.02877566, -0.12635894, -0.22748058
  0.06166279, -0.00583472,  0.05481416,  0.08194232, -0.06483249, -0.23305499, -0.23361215, -0.06889406,  0.09956984,  0.10570304,  0.09290219,  0.18067671,  0.23227697,  0.09562611, -0.14429214, -0.28318832, -0.20586539, -0.00335036,  0.18087264,  0.22758777,  0.13616136, -0.02968684, -0.20952191, -0.26157386, -0.14044998,  0.00029697,  0.08184488,  0.13496950,  0.19422940,  0.20613379,  0.12826548,  0.00937636, -0.07496470, -0.15375832, -0.20146609, -0.18008993, -0.10361874, -0.06948391, -0.10299269, -0.13427496, -0.10473164, -0.00299844,  0.11934380,  0.08228112,  0.03682744,  0.06945567,  0.13778123,  0.16847104,  0.07842352, -0.06258142
  0.08652906,  0.10173372, -0.05855744, -0.20649205, -0.16975406, -0.03851837,  0.11108508,  0.15853032,  0.01170326,  0.00618851,  0.16783222,  0.18863572, -0.05837865, -0.31982730, -0.32550589, -0.03639168,  0.25901081,  0.33031416,  0.13326560, -0.09983701, -0.18973348, -0.23379743, -0.15062931,  0.07569848,  0.17734040,  0.08215238,  0.00422468,  0.10119811,  0.15751424,  0.05511500, -0.07823628, -0.11457068, -0.15727252, -0.14555985, -0.03757990,  0.07168806,  0.04834842, -0.05015574, -0.08764977, -0.05589327,  0.07420148,  0.21427893, -0.02543653, -0.10079774,  0.09808302,  0.12319820, -0.06087918, -0.11162382,  0.01393249,  0.03669496
  0.24368135, -0.22309714, -0.24297710,  0.10999673,  0.17939495, -0.03257105, -0.15097235, -0.10654029,  0.09521639,  0.19979313,  0.12534162, -0.01678514, -0.14171346, -0.13947354,  0.02161559,  0.16641390,  0.12431585, -0.05389774, -0.15914138, -0.09360322,  0.02740456,  0.03316273, -0.01081658,  0.00485803, -0.00670285, -0.05365647,  0.06481549,  0.19725570,  0.07850386, -0.10554212, -0.17051073, -0.11933634, -0.00457023,  0.10507922,  0.09911991, -0.04240375, -0.13697316, -0.12127432, -0.08103577, -0.04595708,  0.05146156,  0.07269029,  0.03020863,  0.22683514,  0.28514169, -0.11168921, -0.19590619,  0.23305729,  0.16165859, -0.34759141
 -0.14474639,  0.12024259,  0.15582983, -0.09648993, -0.11709009,  0.14524941,  0.05104183, -0.26921014, -0.11450949,  0.19237628,  0.19610633,  0.03454709, -0.12181816, -0.12891237,  0.05314231,  0.11275505, -0.08771936, -0.10296881,  0.05179327,  0.07926476,  0.02731232,  0.08379072,  0.10422676, -0.05302759, -0.24178683, -0.14043654,  0.06785986,  0.10537784, -0.01925133,  0.04445189,  0.17248187,  0.05829240, -0.22065120, -0.17228723,  0.00090947,  0.01163587, -0.12063316, -0.01735967,  0.16346200,  0.13767123,  0.02987939, -0.07014768, -0.40169602, -0.07949507,  0.33227227,  0.15633025, -0.18466199, -0.04666689,  0.11570243,  0.09599714
 -0.00197489,  0.10721005, -0.03973225, -0.16537928, -0.00597562,  0.05010623, -0.03978998,  0.09432729,  0.20829159,  0.07503203, -0.15412882, -0.26143596, -0.16461078,  0.06065766,  0.14606615,  0.03073655, -0.01596566,  0.11554196,  0.12858259,  0.02681472, -0.02728344, -0.10516827, -0.18715279, -0.16238910,  0.01857323,  0.24647896,  0.23093104,  0.06556339,  0.00477192,  0.01437777, -0.09813198, -0.24049468, -0.20615184, -0.01178196,  0.07222562,  0.09125691,  0.17169840,  0.24175737,  0.11503364, -0.12631152, -0.27001403, -0.28284785, -0.15609863,  0.14259006,  0.01943228, -0.17814806, -0.00383283,  0.13941919,  0.13960653,  0.14116682
  0.09863342, -0.03583211,  0.03814196,  0.01393074, -0.07265328, -0.17806962, -0.09240662,  0.16087103,  0.13566341,  0.11140455,  0.12630776, -0.04212788, -0.21732541, -0.16351612, -0.02825197,  0.07878795,  0.03618442, -0.01438563, -0.06916475,  0.08207046,  0.15899577, -0.05928397, -0.10106596, -0.03059748, -0.15062013, -0.00872405,  0.11719738,  0.10703804,  0.04970382,  0.00653074,  0.03375049,  0.15437321,  0.11193094,  0.05184787, -0.14935654, -0.13425489, -0.04784886,  0.02293563,  0.10597521,  0.22802217,  0.23111279,  0.12359730, -0.15686289,  0.17238495, -0.17760462, -0.42777131,  0.02872332, -0.11903315, -0.31341451,  0.29264597
  0.04972922, -0.05463037,  0.01829938,  0.14243064, -0.14204762, -0.19692794,  0.11765245,  0.04427090,  0.00928645,  0.14236402,  0.07723933, -0.10520368, -0.15888130, -0.11948229,  0.04096393,  0.16522620,  0.06907809, -0.18294017, -0.00048645,  0.19959792, -0.01922468, -0.06361772, -0.03155996, -0.14485598, -0.00623053,  0.05075237,  0.08948115,  0.14402813,  0.03094133, -0.12515224, -0.06162682,  0.05569213,  0.10135322, -0.08225287, -0.02522510,  0.06314313, -0.01134338, -0.04745149,  0.10549292,  0.12855514, -0.13055919, -0.17854387,  0.39806556, -0.12451563, -0.28048211,  0.24379302, -0.19327791, -0.29532089,  0.31058438,  0.01403385
 -0.07917253, -0.02692239, -0.03287542,  0.11696258,  0.19239663, -0.03375725, -0.08014468, -0.07482760, -0.15182834, -0.05260204,  0.11173409,  0.15610433,  0.07158501, -0.09383877, -0.14073064,  0.03873044,  0.18491441,  0.01448285, -0.18659267,  0.00482953,  0.08623045,  0.02065230,  0.11197864, -0.00317394, -0.13807307, -0.04303141, -0.02535513,  0.05181000,  0.10523950,  0.00282119, -0.15215022, -0.18794602, -0.07808370,  0.00657001,  0.00875604,  0.16057059,  0.13300073, -0.07036703, -0.13247121,  0.00156810, -0.05407007, -0.39293487, -0.10447680,  0.39748264, -0.04050092,  0.17891581,  0.33075325, -0.26691546, -0.07299724,  0.16930339
  0.22077025, -0.38381454, -0.00126426,  0.24419798, -0.20837144,  0.02876382,  0.22122919, -0.09568777, -0.10902493,  0.05236109, -0.02202324, -0.11685933,  0.06044327,  0.10587134, -0.03260820,  0.08043749,  0.08733089, -0.08812229, -0.01969704,  0.07666507, -0.06393570, -0.10718205, -0.02247951,  0.15821078, -0.03883912, -0.07122618,  0.16489449,  0.08300065, -0.09170554, -0.15132783, -0.02148666,  0.11192235, -0.08028797, -0.18330106, -0.12154969,  0.10935404,  0.17023997, -0.00155769, -0.19957663, -0.13890302, -0.17586432,  0.03118870, -0.00328195, -0.12710529,  0.16151443,  0.01428497,  0.08838123,  0.24484406, -0.22739364,  0.30718286
 -0.06366877,  0.02106706,  0.12297718, -0.05149055, -0.02026852,  0.19098144, -0.15443969, -0.09989716,  0.14727380, -0.04635603, -0.05222939,  0.10053545,  0.08724297, -0.14900250, -0.17920863,  0.02172887,  0.14784502, -0.07340445, -0.00465384, -0.03641697,  0.05964340,  0.15830468, -0.08286712, -0.04440894, -0.00024917, -0.16142134,  0.05183159, -0.00788107,  0.19160425,  0.07825814, -0.12133216, -0.11681006,  0.14341716,  0.03604821,  0.04495685, -0.07944382,  0.14204127,  0.13781459,  0.13439703,  0.19805419, -0.11976256, -0.27932949,  0.34611853, -0.29250239,  0.26847908, -0.11841337, -0.13671684,  0.05742183, -0.32996441,  0.02300865
 -0.04495632,  0.00205402,  0.14017906, -0.17374954,  0.10569561,  0.08620774, -0.28841188,  0.01988027,  0.20158816, -0.13281543, -0.07643557,  0.17152932,  0.03565588, -0.20756998,  0.12805629,  0.23783475, -0.11528385, -0.19864229,  0.15873804,  0.04590664, -0.06545496, -0.10244427,  0.05954797,  0.05213641, -0.06329249,  0.06774113,  0.13495146, -0.07394094, -0.09321131, -0.18428551,  0.04079637,  0.06532940,  0.02926342, -0.12179061,  0.10784754,  0.11231259,  0.01807108, -0.32871225, -0.16566166, -0.14808914, -0.04300071,  0.12586264,  0.14523528, -0.07465329,  0.17069800, -0.22169546,  0.23478065, -0.17272464,  0.16860307,  0.13937768
  0.03160891, -0.00162905, -0.21796149,  0.18227681,  0.21137078, -0.23467223, -0.08972740,  0.30863572, -0.09636035, -0.31533476,  0.21193406,  0.21520243, -0.25778041, -0.05693482,  0.22107785, -0.06387005, -0.20616141,  0.12244566,  0.17113337, -0.13565987, -0.16148834,  0.17386657,  0.11009890, -0.06480984, -0.13270758, -0.03339334,  0.13655943,  0.02304311, -0.06574042, -0.00003529,  0.04350632,  0.06492886, -0.11647650, -0.09503742,  0.06108010,  0.09718456,  0.00283039,  0.05806074,  0.03831804,  0.06019034, -0.11566645, -0.06437293,  0.08158824, -0.08768201,  0.06709304,  0.10567897, -0.12680523,  0.10888722, -0.20794231,  0.05919663
 -0.00998701, -0.13335301,  0.17835714,  0.14366082, -0.13323055, -0.14384926,  0.15508027,  0.00808753, -0.23025593,  0.07021180,  0.26032637, -0.15166323, -0.09804517,  0.13467919,  0.03632444, -0.20570381,  0.06688804,  0.13855069, -0.02345613, -0.22337368,  0.13508373,  0.14677120, -0.04932968, -0.14972494, -0.00338501,  0.13957810,  0.05426344, -0.18196857,  0.02393456,  0.01436620,  0.10128604, -0.16713700, -0.02893990,  0.06495149,  0.24716273, -0.06176103, -0.01083803, -0.14210369,  0.04976422, -0.07343195,  0.00178932,  0.01227666,  0.13533893, -0.13225498,  0.27532656, -0.29755589,  0.18904248, -0.25779192,  0.11415115,  0.00742492
  0.16151603, -0.07744278, -0.22477024, -0.02081190,  0.14127131, -0.04153773,  0.12500209,  0.08871152, -0.00632481, -0.07165378, -0.06158563, -0.04712582,  0.06286184, -0.01574624,  0.02763711, -0.04572189, -0.02313626, -0.04440191,  0.10720759,  0.01572532, -0.05153054, -0.15332511,  0.13162972,  0.12995719, -0.05594589, -0.18218510, -0.05952519,  0.15816611,  0.17512908, -0.11277265,  0.08748178,  0.03593452,  0.08414621, -0.20198307, -0.17624292, -0.17289408,  0.20049444,  0.19686309,  0.33102001,  0.01177696,  0.03718014, -0.11335390, -0.12284723, -0.16280241,  0.14589561, -0.15020651,  0.34471478, -0.20108170,  0.15807045, -0.28333565
 -0.08652929,  0.06049957,  0.12434425, -0.10831505,  0.00393903,  0.07368829,  0.04939574, -0.03757773, -0.13270020, -0.05686917,  0.07746225,  0.15005637, -0.01553176, -0.14981289, -0.02379491,  0.07447070,  0.06587548,  0.01813933, -0.18335901, -0.13506361,  0.18493671,  0.22969460, -0.01391605, -0.24447118, -0.08820403,  0.07849112,  0.09891528,  0.12170135, -0.13395110, -0.18216038,  0.03603658,  0.18253957,  0.13241130, -0.07317636, -0.18757171, -0.04528348,  0.24892157,  0.36760524, -0.01687244, -0.43530618, -0.09327037,  0.21390723,  0.06175706,  0.11366516, -0.03330211, -0.01267893, -0.07920547, -0.06322541,  0.01100883, -0.12894129
  0.17112760, -0.39894235,  0.32221628,  0.03775743, -0.22744475,  0.11565799, -0.06552861,  0.07801463,  0.11050723, -0.07563030, -0.20017648,  0.09541628,  0.15530345, -0.03286606, -0.14611683, -0.02032748, -0.05162368,  0.18635395,  0.16562838, -0.21899525, -0.23087799,  0.10717095,  0.27466081, -0.07507843, -0.18683096,  0.00247143,  0.05391573,  0.16275041, -0.04394662,  0.00850959, -0.04689331, -0.04793721,  0.02826135,  0.12245149,  0.06760609, -0.00066197, -0.16522646,  0.01222878,  0.22769661,  0.03106348, -0.11455434,  0.02147415, -0.09279201,  0.16853317, -0.13858693,  0.02147553, -0.05333097, -0.08984852,  0.06067626, -0.04252979
 -0.10922501,  0.13827931, -0.04168004, -0.03736965,  0.01251423, -0.08269693,  0.02000801,  0.09888343, -0.08483372, -0.06219981,  0.07978794, -0.01671336,  0.03491715,  0.03699516, -0.04379741,  0.11216986,  0.06665972, -0.00292615, -0.11216319, -0.00154675,  0.00672948,  0.00746512,  0.00199278,  0.16942288, -0.13683660,  0.08634729, -0.08513475, -0.15819779,  0.22769749, -0.12373046, -0.31534669,  0.10130572,  0.05879942,  0.12797717, -0.14246179, -0.19474802, -0.34573339, -0.01142082,  0.24366287, -0.02715248, -0.49575147,  0.19873877, -0.02932570, -0.00417634,  0.11618167,  0.04621195,  0.11149064,  0.10696638,  0.09932055,  0.19834023
  0.00703352,  0.00608596, -0.02976286, -0.00462702,  0.02131486, -0.03001430,  0.07562299, -0.04219029, -0.02452191,  0.04855706, -0.06865532,  0.06655327,  0.01226508, -0.12672205,  0.14856905, -0.02950760, -0.09722572,  0.16372027, -0.11941434, -0.08393058,  0.20716660, -0.09710503, -0.07167805,  0.13169543, -0.06130526, -0.08686957,  0.17140833, -0.02276860, -0.25584091,  0.25958479,  0.07106223, -0.35136745,  0.31175732,  0.03198926, -0.38373788,  0.29191686,  0.05742026, -0.27948173,  0.23541552,  0.01876636, -0.15031886,  0.08385225,  0.00383549, -0.03777730,  0.01800292,  0.02902669, -0.02371850,  0.03651270,  0.01204120, -0.04259098
 -0.01280255,  0.02536995, -0.00940208, -0.02327413,  0.02269441, -0.01131119, -0.02764027,  0.08551326, -0.09032870,  0.03235457,  0.03693879, -0.09326775,  0.11593000, -0.04614431, -0.09790480,  0.20472278, -0.14132134, -0.00765987,  0.13694351, -0.16035857,  0.01623374,  0.15628335, -0.17851556,  0.06896618,  0.04679540, -0.03955532, -0.08044938,  0.15681402, -0.05124688, -0.20939992,  0.29351239, -0.07431751, -0.28186494,  0.43645533, -0.21403345, -0.19794558,  0.30607552, -0.14101688, -0.13629831,  0.26636798, -0.19678380,  0.04378554,  0.01365177,  0.00144134, -0.02678207,  0.03581174,  0.01304446, -0.02294422,  0.05537198, -0.01046158
 -0.08607774,  0.21228565, -0.10720732, -0.05237341, -0.01650181, -0.22548287,  0.21081873, -0.02737506,  0.10041332, -0.00377323, -0.19303431,  0.10643670,  0.12436777, -0.08383532,  0.00298473, -0.09976106,  0.24645222,  0.10625008, -0.09724956, -0.10780477, -0.09117831,  0.08184174,  0.10728109, -0.00411524, -0.03785193, -0.18210352,  0.24888824,  0.14536013, -0.31818085, -0.13453955,  0.12395973, -0.07727290,  0.07078072,  0.01049176,  0.04358648, -0.33060366, -0.23291993,  0.02040995, -0.15448439,  0.02993526,  0.10379096, -0.19245715,  0.06702171, -0.04303292,  0.01434185, -0.05324557,  0.08307624,  0.16106764,  0.18949598,  0.21481539
  0.01947150,  0.00836699, -0.07624880,  0.06083692, -0.08570411,  0.06529541,  0.06132108, -0.09621094,  0.11349226, -0.12523276,  0.01646584,  0.15797162, -0.22388179,  0.15135957, -0.06849489,  0.00999934,  0.11937911, -0.16760275,  0.09530778, -0.09521592,  0.06991495,  0.02967397, -0.05813243,  0.02090213, -0.01435789, -0.00874178,  0.09173387, -0.03964970, -0.21513210,  0.33001115, -0.20763704,  0.05837470,  0.08885004, -0.19424912,  0.20462881, -0.35709429,  0.32066250, -0.11434356, -0.07635467,  0.24359542, -0.24263623,  0.18061402, -0.14422272,  0.09876583, -0.08148730,  0.04835202,  0.05861242, -0.04583940,  0.10446807, -0.09043694
 -0.00210346,  0.00403660, -0.03533363,  0.08010495, -0.04213394,  0.05736856, -0.05925664,  0.04863741, -0.11298908,  0.15382984, -0.15058083,  0.12893704, -0.06847078, -0.03304803,  0.08723743, -0.07960846,  0.02430182, -0.04829864, -0.00261022,  0.10220356, -0.11138210,  0.12454690, -0.13978282,  0.10601110, -0.11132003,  0.18073270, -0.23033318,  0.15882081, -0.03739603, -0.02244584,  0.16100051, -0.23566290,  0.20925201, -0.13247557,  0.04205233,  0.17066958, -0.21620466,  0.36946438, -0.34626419,  0.29505043, -0.22837165,  0.15135954, -0.03756947, -0.02125772,  0.07759392, -0.10929892,  0.09211630, -0.13436403,  0.00826848, -0.05666905
 -0.07473244,  0.24254825, -0.37624197,  0.44509619, -0.40579359,  0.27002960, -0.15053067,  0.04948891,  0.02024933, -0.01044212, -0.06890626,  0.07670750,  0.03933710, -0.08572845, -0.00269140,  0.00582486,  0.08528042, -0.10302293,  0.08409198, -0.09786862,  0.10578052, -0.09421993,  0.09585417, -0.03110479, -0.12973090,  0.19231301, -0.07740501, -0.02473108,  0.06825551, -0.15270706,  0.20204276, -0.13912895,  0.03460724,  0.00981481,  0.07133555, -0.06687092,  0.04310826, -0.11217350,  0.17011994, -0.16918596,  0.07673466,  0.00661779, -0.01189143,  0.02613497, -0.04694469,  0.01149165, -0.03260552,  0.04916295, -0.05517380,  0.03640096
  0.14606963, -0.22969866,  0.03351285, -0.03863358, -0.11808966,  0.16808985, -0.05248014,  0.12360443, -0.04774863, -0.16464896,  0.15319060,  0.12506706, -0.16581527, -0.11514182,  0.14034601,  0.23986245, -0.04901694, -0.10916344, -0.09856696,  0.11814587,  0.00040571, -0.03172062,  0.04959528, -0.22514534,  0.29320375,  0.07684555, -0.18156244, -0.05354015, -0.13907999,  0.21931886,  0.01362351, -0.24031276,  0.00834277,  0.12357866, -0.19914246, -0.28408856, -0.15434334,  0.14356215, -0.02253190, -0.08547118,  0.12305497, -0.12107346, -0.03503823, -0.12634535,  0.05292721,  0.12855359,  0.21430587,  0.09679526,  0.06897855,  0.13043965
 -0.02817729,  0.02089576,  0.00846728,  0.02683024, -0.05799464,  0.12417505, -0.24891814,  0.31254102, -0.33023482,  0.23424253, -0.01498999, -0.17648176,  0.25142560, -0.25891566,  0.27178399, -0.20033769,  0.07768158, -0.01283059, -0.05359598,  0.18719036, -0.24962034,  0.18463429, -0.08164977, -0.01904400,  0.16750630, -0.22859274,  0.10380567,  0.00461449, -0.03663934,  0.08608242, -0.15235255,  0.04412893,  0.06996755, -0.07849022,  0.10034157, -0.14798508,  0.14904437, -0.12118356,  0.05628711, -0.04638898, -0.03765091,  0.07042483, -0.08342822,  0.08201661, -0.01152003,  0.01320827, -0.01438189, -0.01755828,  0.01047657,  0.03465640
  0.04989744, -0.07556824,  0.01567320, -0.00629332,  0.01262148, -0.05095954,  0.08681171,  0.01481109, -0.15207606,  0.26834576, -0.37381210,  0.40141224, -0.25346393,  0.00984080,  0.09236279, -0.06828519,  0.14193343, -0.23126486,  0.19285487, -0.07877164, -0.06354564,  0.18753950, -0.22753347,  0.15467824, -0.08258328,  0.04406230,  0.09267187, -0.21023959,  0.11019697,  0.06395545, -0.09188009,  0.09715199, -0.17601308,  0.20755037, -0.16644375,  0.02163716, -0.00598493, -0.00325853,  0.08759699, -0.15139613,  0.17745731, -0.09723604,  0.00972830, -0.01763437, -0.01563549,  0.02254669,  0.05072387, -0.02947178,  0.03396090, -0.01726978
  0.02613626, -0.06496118,  0.00560576,  0.10809451, -0.09105283, -0.05111768,  0.20644960, -0.27042208,  0.21099854, -0.13938696,  0.08174678, -0.03818776,  0.12644390, -0.32088787,  0.32751172, -0.06042307, -0.11422153, -0.01037785,  0.16194769, -0.12520691,  0.01871400,  0.05114355, -0.06759591, -0.01542865,  0.12905440, -0.13940642,  0.17683939, -0.34160517,  0.36393202, -0.12692446, -0.00499152, -0.10643255,  0.10802483,  0.02992910, -0.03243227, -0.04396961, -0.01004234,  0.16545382, -0.19366441,  0.07243869, -0.02186304,  0.07271239, -0.14081827,  0.12784118, -0.09238535,  0.08632774, -0.02194392, -0.05427318,  0.02317460,  0.01734649
  0.04592651,  0.01621269, -0.13451235,  0.01749229,  0.16900572, -0.20659194,  0.15290270,  0.04984246, -0.15769838,  0.11115510, -0.03165265, -0.14978725,  0.32855162, -0.18440713, -0.28748659,  0.41283618, -0.06191512, -0.24754995,  0.21560936, -0.10664155,  0.00461815,  0.10673517, -0.05733808, -0.09291726, -0.01133211,  0.11621988,  0.09917466, -0.15851039, -0.11701037,  0.25028031,  0.05826312, -0.10409278,  0.01229797, -0.13636716,  0.19135870,  0.05176319, -0.14349456,  0.11412156,  0.10967980, -0.06283608,  0.02508269,  0.05251173, -0.04172918,  0.00264317, -0.06509577, -0.01989128,  0.05295501,  0.03399573, -0.13362506, -0.04167181
  0.03883879, -0.01333475, -0.00002673, -0.09876696,  0.04644370,  0.06726400, -0.08622383,  0.08361807,  0.08427409, -0.22955860,  0.19847773, -0.09442011, -0.04000517,  0.17223985, -0.15977314, -0.16885106,  0.46047377, -0.33604402,  0.00557300,  0.15585801, -0.18983149,  0.12804345,  0.02837277, -0.11251208,  0.02489049, -0.06827129,  0.25522381, -0.17778517, -0.00039330, -0.08634800,  0.29296468, -0.13839998, -0.02448893,  0.06012953, -0.17852382,  0.20750083, -0.07934771, -0.02243339,  0.07987516,  0.05515718, -0.06004551,  0.11742399, -0.09938245,  0.03851261, -0.06484172, -0.00209766,  0.00739834,  0.04573201,  0.02497156, -0.11530497
 -0.07695611,  0.00253148,  0.16716970, -0.11061930,  0.05917965, -0.04822714, -0.09646915,  0.09419530, -0.08828396,  0.01107777,  0.17403414, -0.14848941, -0.08211597,  0.18130120,  0.01852895, -0.06787426,  0.05901960, -0.23905806,  0.44024786, -0.30184159,  0.09599662, -0.04339086, -0.05718131,  0.17756594,  0.01525586, -0.11311369, -0.16756999,  0.21693884,  0.01748864, -0.10700348, -0.08670372, -0.19666478,  0.35962219, -0.09008807, -0.05989607, -0.06251203, -0.02766041, -0.00523012, -0.06199959, -0.17951291,  0.12821723, -0.08765966, -0.03036692,  0.09714402,  0.00648165,  0.11327264, -0.13910029,  0.05971757,  0.01333033,  0.18772276
 -0.08342232,  0.15230743, -0.10396980,  0.15663617, -0.20245412,  0.11178708, -0.09491119,  0.07770432, -0.04381861,  0.01285112,  0.05080532, -0.03327121, -0.11901943,  0.28034944, -0.29817625,  0.27443768, -0.28949794,  0.18652972,  0.00941660,  0.03958476, -0.21350909,  0.17318946, -0.03935215,  0.03944979,  0.03271822, -0.24558402,  0.27614707, -0.13512893,  0.05464397,  0.01863286, -0.15708484, -0.00552855,  0.19909070,  0.01381384, -0.18692521,  0.08459994, -0.02384008,  0.08869733, -0.18128791, -0.03259508,  0.15605419, -0.07322831, -0.01432246,  0.02710996,  0.07585979, -0.10468868,  0.03119811, -0.10879142,  0.18578019, -0.03666207
 -0.03212553,  0.05740906, -0.02398999,  0.00340895,  0.00404727,  0.01812813, -0.07971001,  0.14147551, -0.20156075,  0.21615622, -0.15391892,  0.06089417, -0.02054697,  0.03671503, -0.01473880, -0.04820538,  0.06191184, -0.08310094,  0.14746383, -0.21059456,  0.27126748, -0.35311658,  0.41144675, -0.34721184,  0.22543020, -0.17123955,  0.13085370, -0.07264235,  0.03845862,  0.00208064, -0.08429254,  0.11500599, -0.06538027,  0.07434806, -0.11353098,  0.12218204, -0.06126003,  0.09655834, -0.17897127,  0.19903361, -0.15116971,  0.07159921, -0.00060156, -0.02111211,  0.06536335, -0.06738520, -0.00045599,  0.00335796,  0.00438040, -0.01969213
  0.03113703,  0.01303989, -0.03457682, -0.02602117, -0.11486528,  0.12541160, -0.04545033,  0.09386954,  0.00513120, -0.12163592,  0.18905039, -0.23277384,  0.21658502, -0.16004242,  0.10232136, -0.10538152,  0.12427492, -0.04011656,  0.06882092, -0.15588155,  0.05963615, -0.00581277,  0.02319331,  0.12680155, -0.36419654,  0.28635406,  0.03138774, -0.06148546, -0.13790508,  0.21458234, -0.23185225,  0.24011580, -0.07900825,  0.06026913, -0.25979542,  0.07833235, -0.01469434,  0.08237281, -0.22600517,  0.15759467,  0.17439655, -0.18123350,  0.06739121, -0.08467309,  0.03872407, -0.04101277,  0.01744338,  0.06114429,  0.17245747, -0.13347304
 -0.03070957,  0.10655402, -0.12551830,  0.06541892, -0.08264113,  0.00690260,  0.14420623, -0.18628593,  0.12878502, -0.04068586,  0.00464618, -0.01070659,  0.01985641, -0.03134043,  0.05092334, -0.02915750,  0.03681345, -0.04121011,  0.13199794, -0.14699946, -0.12831123,  0.33219650, -0.09094067, -0.29886223,  0.32842140,  0.01828892, -0.28261927,  0.23598276, -0.06645784, -0.01253883, -0.17269993,  0.22764354,  0.01203800, -0.10434197, -0.19994478,  0.27217028, -0.09445004, -0.22208046,  0.12083561,  0.07452279, -0.03954679, -0.05196321, -0.03610752,  0.06920824,  0.04109873, -0.17737900,  0.18481459,  0.04122927, -0.02419387,  0.04682401
 -0.11071942,  0.11037170,  0.01515644,  0.11334175,  0.05914420, -0.25140036,  0.15398503, -0.13763511,  0.04708409,  0.01736019, -0.00683501, -0.01091217,  0.02852073, -0.01916537,  0.01029237, -0.05303070, -0.00355730, -0.12121355,  0.11739024,  0.27223720, -0.34122835, -0.06647945,  0.33508717, -0.13711212, -0.13083745,  0.13797430, -0.11363781,  0.07624796,  0.00132336,  0.16076695, -0.16594678, -0.16306368,  0.11085271,  0.33974043, -0.10991885, -0.05148380,  0.26256102, -0.00381881, -0.09290423, -0.13827585,  0.03127496,  0.14583467, -0.05111241, -0.03640770,  0.18223484, -0.12418353, -0.16949534, -0.08351616, -0.06522006,  0.05501994
 -0.06013418,  0.04838344, -0.05503568,  0.20332869, -0.04216623,  0.01735660, -0.08477891, -0.09158844,  0.14001914, -0.12205055,  0.08831195, -0.04998324,  0.03807618, -0.02735784,  0.04300858, -0.08139447,  0.02348201, -0.10852044,  0.07868534,  0.02451553,  0.11777632, -0.11285892, -0.15427569,  0.21425300,  0.11232562, -0.32924308,  0.05737961,  0.23166288, -0.23266643,  0.20348832, -0.07772369,  0.04718668, -0.26660717,  0.28421210,  0.11687457,  0.10620666, -0.20945783,  0.26827133,  0.07532290, -0.22590994, -0.08325900,  0.12990252,  0.06971770, -0.02720991,  0.02360328, -0.02025894,  0.04328747, -0.31146111, -0.02043100,  0.01738726
