 -0.14059577, -0.14059889, -0.14060557, -0.14061564, -0.14062965, -0.14064895, -0.14067384, -0.14070463, -0.14074170, -0.14078196, -0.14082631, -0.14087657, -0.14092982, -0.14098319, -0.14103750, -0.14109408, -0.14115266, -0.14121299, -0.14127294, -0.14133192, -0.14139103, -0.14144959, -0.14150520, -0.14155723, -0.14160585, -0.14165064, -0.14168987, -0.14172416, -0.14175341, -0.14177812, -0.14179840, -0.14181585, -0.14183139, -0.14184621, -0.14185899, -0.14186990, -0.14187813, -0.14188440, -0.14188904, -0.14189282, -0.14189766, -0.14190306, -0.14190239, -0.14190141, -0.14190166, -0.14190324, -0.14190475, -0.14190672, -0.14190890, -0.14191051
  0.04518970,  0.07896738,  0.11004500,  0.13803627,  0.16263317,  0.18303012,  0.19903953,  0.21081939,  0.21811408,  0.22112279,  0.21965609,  0.21392977,  0.20450091,  0.19196546,  0.17657008,  0.15884794,  0.13928101,  0.11858998,  0.09682749,  0.07456090,  0.05254415,  0.03082623,  0.01002720, -0.00939178, -0.02743237, -0.04370416, -0.05805347, -0.07047669, -0.08162570, -0.09159063, -0.10047665, -0.10834389, -0.11578897, -0.12249903, -0.12840649, -0.13341815, -0.13786363, -0.14182358, -0.14539413, -0.14864681, -0.15094604, -0.15228510, -0.15492880, -0.15698783, -0.15831183, -0.15916652, -0.15959450, -0.15944107, -0.15855811, -0.15712807
 -0.38827539, -0.36048901, -0.32672304, -0.28703277, -0.24221292, -0.19522217, -0.14740546, -0.09976307, -0.05446282, -0.00964341,  0.03208553,  0.06755818,  0.09858744,  0.12744529,  0.15253751,  0.17207251,  0.18557665,  0.19308225,  0.19532799,  0.19273759,  0.18469066,  0.17098711,  0.15441550,  0.13631984,  0.11665357,  0.09675728,  0.07913512,  0.06406119,  0.05117389,  0.04049655,  0.03233533,  0.02557516,  0.01848948,  0.01052589,  0.00316198, -0.00333982, -0.00850199, -0.01285319, -0.01665482, -0.02062773, -0.02534507, -0.03021645, -0.03312523, -0.03576258, -0.03924040, -0.04417500, -0.04935760, -0.05493261, -0.06025909, -0.06474373
 -0.37605154, -0.27771363, -0.17710111, -0.08396658, -0.00541660,  0.06452112,  0.12383626,  0.16830282,  0.20196630,  0.21072800,  0.20305191,  0.19210265,  0.16979847,  0.12502076,  0.06570298,  0.00154137, -0.06172548, -0.12071324, -0.17207220, -0.21413604, -0.24144262, -0.24600433, -0.23599565, -0.21497281, -0.17939312, -0.13426905, -0.09100775, -0.05273981, -0.01713707,  0.01366468,  0.03572095,  0.05092426,  0.06772657,  0.08705928,  0.10213947,  0.11041569,  0.11018560,  0.10354146,  0.09229749,  0.08074294,  0.06991702,  0.05871700,  0.04839297,  0.03678067,  0.02853117,  0.02989915,  0.03772667,  0.05216734,  0.06936237,  0.08664418
 -0.24476095, -0.15741755, -0.06923456,  0.02030351,  0.10849966,  0.17627053,  0.21505792,  0.22151110,  0.18541704,  0.12724584,  0.04603343, -0.06128803, -0.16830168, -0.24236918, -0.27646219, -0.27257509, -0.23465952, -0.16844087, -0.08388662,  0.00756455,  0.08860148,  0.14122338,  0.17204252,  0.18461237,  0.17513279,  0.15217952,  0.13265457,  0.12164333,  0.11565336,  0.11497480,  0.12048134,  0.12424048,  0.11056173,  0.07589529,  0.02981614, -0.02121326, -0.06977785, -0.11138253, -0.14100656, -0.15823257, -0.16112657, -0.14763493, -0.12014483, -0.07986545, -0.03822896, -0.00639647,  0.01644712,  0.02514750,  0.02033469,  0.00414620
  0.29517263,  0.14461152, -0.02556409, -0.16381815, -0.23299409, -0.23991271, -0.18713328, -0.08397129,  0.03297433,  0.16510771,  0.26063035,  0.26625931,  0.20043034,  0.10712857, -0.00292113, -0.11585210, -0.20647625, -0.25084608, -0.23494837, -0.15840998, -0.04622300,  0.06033685,  0.15165976,  0.21007925,  0.20927119,  0.15382752,  0.07660438, -0.00093361, -0.06799569, -0.10865681, -0.10626560, -0.06549532, -0.01418335,  0.03026720,  0.06982325,  0.09890126,  0.11447537,  0.10799692,  0.07777590,  0.02257282, -0.04606123, -0.10423689, -0.13433942, -0.13094800, -0.10221562, -0.06826658, -0.03090329,  0.00061464,  0.02730047,  0.04600209
  0.21954232, -0.01591287, -0.15266250, -0.18367728, -0.14202255, -0.04742893,  0.06146508,  0.14557422,  0.19912533,  0.16003045,  0.05232799, -0.03986976, -0.09591510, -0.14016128, -0.15851379, -0.12476801, -0.03692687,  0.08238741,  0.18835430,  0.24338687,  0.24227951,  0.19832101,  0.09443416, -0.05346151, -0.18999831, -0.27750947, -0.31913590, -0.30907587, -0.24888298, -0.15960283, -0.07723873, -0.01477985,  0.03906432,  0.09378576,  0.12727897,  0.13394972,  0.10545117,  0.05298429, -0.00859101, -0.05101075, -0.04732758, -0.00210519,  0.02949394,  0.05071412,  0.06692627,  0.07979242,  0.07184832,  0.06038857,  0.05279028,  0.04509814
 -0.24870293, -0.13609046,  0.03386891,  0.14345058,  0.12473977,  0.05640075,  0.01410945,  0.02571826,  0.07218235,  0.03561105, -0.01923530,  0.00768642,  0.03816369, -0.02147374, -0.10781295, -0.14446432, -0.12640221, -0.06605045,  0.00810531,  0.06580922,  0.10445555,  0.13886794,  0.13495767,  0.10885201,  0.09504112,  0.07897911,  0.01953630, -0.05196230, -0.10815180, -0.16358029, -0.24150119, -0.31888138, -0.34867579, -0.29904657, -0.19645891, -0.06171716,  0.05001965,  0.12447353,  0.16142453,  0.18662857,  0.22285718,  0.25854555,  0.20634451,  0.08923425, -0.03559897, -0.08696729, -0.06252018,  0.02747832,  0.10490316,  0.10642944
  0.02056727, -0.10842693, -0.09417365,  0.09004341,  0.26937849,  0.20373480, -0.05277511, -0.25447752, -0.26868024, -0.06253509,  0.14148267,  0.16403961,  0.04818696, -0.07758698, -0.15299978, -0.12547125, -0.00834436,  0.13895735,  0.20206185,  0.16311940,  0.06541231, -0.07975740, -0.16385535, -0.12584368, -0.03036988,  0.06114174,  0.09687690,  0.05622499, -0.07341578, -0.18700036, -0.16079099,  0.00782249,  0.15198210,  0.19191837,  0.13221907,  0.04758019, -0.00027242,  0.01568591,  0.05902110,  0.06074373,  0.03933011,  0.00425722, -0.19172243, -0.31059418, -0.26530000, -0.13799288,  0.00909639,  0.14126362,  0.20975243,  0.14049138
 -0.25419061, -0.02295821,  0.27834528,  0.31420014,  0.04114602, -0.23951026, -0.29024838, -0.10957631,  0.15603737,  0.22967773,  0.10033572, -0.05412313, -0.14961832, -0.16601822, -0.07607929,  0.06025401,  0.15412524,  0.16206880,  0.08109659, -0.05585993, -0.15418752, -0.11556757,  0.01644677,  0.12503004,  0.14398383,  0.06492690, -0.07487343, -0.20479803, -0.22342444, -0.08604772,  0.08069962,  0.13327339,  0.07013131, -0.02287416, -0.06295716, -0.01535193,  0.07523216,  0.12732043,  0.09026978,  0.00553051, -0.05744573, -0.09898655, -0.10561178, -0.06629919, -0.01519064,  0.08498712,  0.19278692,  0.17270071, -0.03069018, -0.20813931
 -0.17248089,  0.11600859,  0.24900539, -0.03440873, -0.26177521, -0.03716537,  0.24563393,  0.09044131, -0.21056226, -0.14380265,  0.13144250,  0.14070724, -0.08150979, -0.12647114,  0.04992423,  0.10204215, -0.04609564, -0.11387206,  0.03597497,  0.13655731,  0.00270957, -0.09405491,  0.04723620,  0.11916656, -0.06375852, -0.19921701, -0.04691384,  0.12309233,  0.10430299,  0.01629092, -0.04993804, -0.11384282, -0.09951508,  0.02360204,  0.14826586,  0.12398502,  0.02355926, -0.02637501, -0.00466324,  0.00982045, -0.03258438, -0.06304845,  0.10604123,  0.11668464, -0.21480103, -0.29985964,  0.14533297,  0.38954760,  0.02386795, -0.28451403
  0.00264616,  0.10586325, -0.07719964, -0.20100003, -0.01129171,  0.17620254,  0.01690455, -0.16109931,  0.03914957,  0.25823834,  0.11514380, -0.16019477, -0.16202716,  0.04178773,  0.10474284, -0.03285446, -0.08915118,  0.02334827,  0.07620307, -0.05831702, -0.12471656,  0.04419116,  0.11110179, -0.07493050, -0.15436433,  0.05390406,  0.23408158,  0.15188777, -0.01114587, -0.10727303, -0.15621563, -0.13832999, -0.01236567,  0.08122991,  0.02915282, -0.07287055, -0.08745539, -0.03352750, -0.00244979,  0.01086739,  0.06170267,  0.16842413,  0.16395723, -0.12191376, -0.16358766,  0.25563212,  0.42279655, -0.00912368, -0.36287619, -0.16288882
 -0.01631762,  0.00546792,  0.04065148,  0.08145206,  0.04227847, -0.13207417, -0.17682721,  0.04610437,  0.15449587,  0.04222059, -0.09849394, -0.11057561, -0.04538754,  0.00996574,  0.04334547,  0.11442710,  0.13513537,  0.02795707, -0.16473638, -0.17587695,  0.08356854,  0.22874349,  0.10427903, -0.06630423, -0.16647646, -0.20175297, -0.13143351,  0.11048761,  0.29255940,  0.21403886, -0.00802751, -0.11442850, -0.12442900, -0.07396466,  0.02183122,  0.12510535,  0.11486757, -0.01360603, -0.12641517, -0.12543873,  0.03562671,  0.19226341, -0.13667944, -0.41994209, -0.25880783,  0.01859927,  0.10349174,  0.13010651,  0.21168527,  0.15718276
  0.11454773,  0.00096793, -0.15014510, -0.10172486,  0.11183087,  0.19523964, -0.05401355, -0.29346252, -0.10103690,  0.19441323,  0.19368499, -0.00868406, -0.09186476, -0.03743119,  0.00149373, -0.01784113,  0.02868580,  0.10451554,  0.08517897, -0.10587074, -0.23798699, -0.02874026,  0.19872751,  0.13587493, -0.02260508, -0.09601361, -0.13848713, -0.14323566,  0.04003668,  0.25217598,  0.25615820,  0.05811392, -0.07038679, -0.10156116, -0.10903806, -0.09102787, -0.00777000,  0.05973346,  0.00901492, -0.10408542, -0.17755851, -0.03851248,  0.32508265,  0.17093944, -0.22264911, -0.25017525, -0.06575664,  0.02053165,  0.09942287,  0.21127635
 -0.06628705, -0.01600800, -0.05507559, -0.04532615,  0.10192360,  0.23646031,  0.20296927,  0.03831828, -0.09647250, -0.10058518, -0.11663623, -0.20949320, -0.22387602, -0.05068267,  0.18676147,  0.28582485,  0.17267136, -0.04090785, -0.20372394, -0.21836725, -0.10433070,  0.07517635,  0.23671001,  0.24679807,  0.10807984, -0.02180712, -0.09005470, -0.14513316, -0.19902216, -0.19656525, -0.11205912,  0.00105441,  0.09020469,  0.16766201,  0.20218317,  0.16882631,  0.10011595,  0.07791009,  0.11020321,  0.13357312,  0.08827147, -0.02923014, -0.11732875, -0.08460997, -0.07212480, -0.10497087, -0.14130079, -0.15229073, -0.07198830,  0.05462816
 -0.07493475, -0.10442442,  0.06359369,  0.21879670,  0.16196597,  0.00304129, -0.14765849, -0.16740611,  0.00608478,  0.01176163, -0.15253198, -0.16130456,  0.09078417,  0.32900255,  0.29878083, -0.00670238, -0.28542609, -0.32641440, -0.10636846,  0.13072806,  0.20889665,  0.22992965,  0.11954196, -0.11398652, -0.19694930, -0.08279071,  0.00670624, -0.07869599, -0.12296159, -0.02072508,  0.09623013,  0.11213455,  0.14217841,  0.11929960,  0.00624437, -0.09731968, -0.06103908,  0.04149512,  0.07240767,  0.03602255, -0.08716733, -0.20995157,  0.04431801,  0.10828842, -0.09726988, -0.11718140,  0.07645988,  0.13446006, -0.00169454, -0.04824168
 -0.24590089,  0.22303044,  0.24422349, -0.11001396, -0.17958415,  0.03490700,  0.15417096,  0.10729716, -0.09612389, -0.20074550, -0.12705861,  0.01383663,  0.13948378,  0.14063573, -0.01724511, -0.16277520, -0.12483036,  0.05092198,  0.15686493,  0.09277042, -0.02815225, -0.03314845,  0.01294784, -0.00233352,  0.00763290,  0.05448684, -0.06422778, -0.19952362, -0.08408538,  0.10044584,  0.16901140,  0.12091424,  0.00717027, -0.10176935, -0.09641516,  0.04362465,  0.13690659,  0.12210821,  0.08367815,  0.04935491, -0.04907267, -0.07198308, -0.02972186, -0.22324112, -0.28216928,  0.11296837,  0.19729267, -0.23262724, -0.16280510,  0.34884819
  0.14458661, -0.11758353, -0.15962470,  0.09417558,  0.12139540, -0.14116455, -0.05216495,  0.26359951,  0.10830575, -0.19713995, -0.19734772, -0.03061632,  0.12839723,  0.13225334, -0.05462162, -0.11463528,  0.09106394,  0.10758301, -0.05103488, -0.08221033, -0.02967810, -0.08271946, -0.10268059,  0.05318201,  0.24334355,  0.13980536, -0.07122807, -0.10662504,  0.02270241, -0.04123455, -0.17474541, -0.06558771,  0.21542242,  0.17067430,  0.00142010, -0.00858156,  0.12181988,  0.01334917, -0.17347702, -0.15111570, -0.04376328,  0.05607821,  0.39543323,  0.07582307, -0.33008850, -0.14879935,  0.18747298,  0.04810187, -0.10962869, -0.09784075
  0.00169300, -0.10742087,  0.03776563,  0.16559169,  0.00856443, -0.04840556,  0.04019111, -0.09530192, -0.21095698, -0.07886330,  0.15179238,  0.26295676,  0.16896712, -0.05750716, -0.14604093, -0.03161438,  0.01740365, -0.11410670, -0.12929917, -0.02916472,  0.02522924,  0.10507930,  0.18833066,  0.16424694, -0.01547472, -0.24577410, -0.23329857, -0.06806141, -0.00551737, -0.01530008,  0.09557266,  0.23757570,  0.20596009,  0.01292158, -0.07020576, -0.08935283, -0.17079221, -0.24403324, -0.12050108,  0.12022726,  0.26537157,  0.27971484,  0.15801293, -0.14207652, -0.01820384,  0.18310622,  0.00773072, -0.13708750, -0.13684265, -0.14279557
 -0.08771474,  0.03286769, -0.02435090, -0.00550102,  0.02424416,  0.15032063,  0.12040506, -0.14360961, -0.10602117, -0.07030230, -0.12494285, -0.00039515,  0.17204796,  0.14777094,  0.05181218, -0.05685786, -0.05317662, -0.02090823,  0.09433380, -0.04441435, -0.16844122,  0.04839196,  0.08129259, -0.00153270,  0.15779214,  0.02389287, -0.09157259, -0.08326344, -0.05600667, -0.02382655, -0.02073211, -0.12401901, -0.09212119, -0.06941631,  0.14500233,  0.12840544,  0.03659202, -0.00579170, -0.04850195, -0.18501459, -0.23068658, -0.10156285,  0.23390985, -0.23157684,  0.13886249,  0.44123878, -0.10854568,  0.09484783,  0.37067705, -0.31398167
 -0.06264620,  0.06352009, -0.01859107, -0.15323844,  0.13545720,  0.22826409, -0.09351067, -0.06443623, -0.01516452, -0.15027076, -0.10691120,  0.09475746,  0.18357997,  0.15105460, -0.02324796, -0.17997273, -0.09302801,  0.17995029,  0.02940180, -0.20925066, -0.01426639,  0.07197838,  0.03868884,  0.14483640,  0.04050631, -0.04385586, -0.10289917, -0.16254479, -0.04819089,  0.12316570,  0.06991629, -0.06609794, -0.11515929,  0.07059178,  0.05071083, -0.05113514,  0.01107150,  0.05612523, -0.10024494, -0.15630965,  0.10092634,  0.19098410, -0.35635466,  0.06410247,  0.31232953, -0.18361854,  0.15442016,  0.33156451, -0.24677826, -0.08022181
  0.10584290,  0.01225954,  0.03451292, -0.10241533, -0.21476100, -0.01026452,  0.07648950,  0.10223015,  0.16283474,  0.07060966, -0.08676766, -0.16558746, -0.10926397,  0.06646975,  0.14204407, -0.00856677, -0.16669782, -0.02868710,  0.17132395,  0.01910186, -0.06661072, -0.03977822, -0.12946081, -0.00180461,  0.12030106,  0.04526997,  0.04627764, -0.02983177, -0.09979405, -0.01928776,  0.14616280,  0.21896253,  0.10777337, -0.00235776, -0.03617261, -0.17877997, -0.14894101,  0.05002578,  0.12835930,  0.01908899,  0.06280936,  0.39459024,  0.10621353, -0.38361972, -0.00826677, -0.22324443, -0.32685822,  0.23616921,  0.04976062, -0.10758647
 -0.20889412,  0.38231427, -0.00542832, -0.24151754,  0.20133110, -0.03238915, -0.21970799,  0.09902861,  0.11233060, -0.05105084,  0.02521105,  0.11430073, -0.06504042, -0.10875654,  0.02363411, -0.08822154, -0.08171748,  0.09228663,  0.02256737, -0.07621331,  0.06870657,  0.11437974,  0.01346113, -0.16191830,  0.03923454,  0.05876663, -0.16498310, -0.07535233,  0.10837588,  0.16263112,  0.02307518, -0.10800958,  0.09007767,  0.18205812,  0.11055970, -0.12652658, -0.16871917,  0.01697878,  0.21225606,  0.14921836,  0.16930857, -0.04340892,  0.00713831,  0.09480942, -0.16698130, -0.03193866, -0.11258786, -0.24063030,  0.20160332, -0.31555588
  0.01514501,  0.00865932, -0.05240443, -0.01930165,  0.04563205, -0.14426514,  0.05496783,  0.08870589, -0.07645661,  0.01815316,  0.02384450, -0.04746802, -0.06738968,  0.08359592,  0.20183225,  0.05099321, -0.16421468,  0.01422105,  0.03072645,  0.04224784, -0.06416822, -0.17179810,  0.08869049,  0.04703093, -0.00539331,  0.18910571, -0.02298621, -0.03237914, -0.21644330, -0.12143607,  0.11215404,  0.11243774, -0.12119746, -0.03669341,  0.00729029,  0.10676243, -0.15075798, -0.23568044, -0.17789831, -0.22068884,  0.11578963,  0.30709207, -0.27463095,  0.29455771, -0.20833877,  0.06850341,  0.19601405, -0.10238864,  0.38398339,  0.02612868
  0.07907627, -0.02019693, -0.18820007,  0.19093156, -0.08684372, -0.14946016,  0.32287160,  0.02325686, -0.23895841,  0.12801257,  0.09313373, -0.18862406, -0.06675743,  0.23898802, -0.06244663, -0.23640466,  0.05731382,  0.21233952, -0.13625003, -0.03221200,  0.03644403,  0.04875086, -0.02597610, -0.03228681,  0.05182958, -0.02700736, -0.13714009,  0.08382545,  0.03735228,  0.14982823,  0.00605170, -0.01766529, -0.07384048,  0.08688697, -0.12625096, -0.08423233, -0.04845991,  0.28038698,  0.12386452,  0.07947910,  0.06843364, -0.04257631, -0.24730641,  0.13558770, -0.24095908,  0.23628320, -0.18359640,  0.14556005, -0.07562386, -0.14714837
 -0.03830638,  0.00762449,  0.22080501, -0.17533965, -0.22014376,  0.23501619,  0.09669757, -0.31240157,  0.08946580,  0.32134304, -0.20513312, -0.21966278,  0.25476655,  0.06363405, -0.23211457,  0.05200712,  0.21783955, -0.11154611, -0.18300140,  0.12824230,  0.16915022, -0.15729581, -0.11921090,  0.05572096,  0.13798677,  0.03031226, -0.14139035, -0.02586116,  0.07284583,  0.01451760, -0.05272437, -0.07511209,  0.11954618,  0.11094309, -0.05830334, -0.10490484, -0.00731135, -0.04207375, -0.02999189, -0.04445302,  0.11388911,  0.05094975, -0.07206830,  0.08732014, -0.06760792, -0.09479055,  0.10420294, -0.09433561,  0.18811946, -0.05787441
  0.01108599,  0.13233991, -0.17733782, -0.14589999,  0.13264310,  0.14525349, -0.15475350, -0.00982857,  0.23159531, -0.06838612, -0.26264409,  0.15011507,  0.10037982, -0.13488661, -0.03658288,  0.20735202, -0.06670743, -0.14076074,  0.02377679,  0.22528191, -0.13463556, -0.15048261,  0.04968148,  0.15146667,  0.00372362, -0.13907817, -0.05487603,  0.18230677, -0.02389876, -0.01630646, -0.10007085,  0.16796801,  0.02965995, -0.06652026, -0.24826461,  0.06136760,  0.01153328,  0.13974355, -0.05055122,  0.07076534, -0.00057077, -0.01015081, -0.13759269,  0.13234632, -0.27565802,  0.29448405, -0.18454859,  0.25436185, -0.10955703, -0.00867802
 -0.16910943,  0.08619446,  0.21482292,  0.02930196, -0.13626160,  0.04012109, -0.11933298, -0.08236817,  0.00058920,  0.06392954,  0.06757474,  0.05122905, -0.06752562,  0.01778775, -0.03373684,  0.03395928,  0.03053762,  0.05485854, -0.11373755, -0.02674282,  0.05100306,  0.17160782, -0.13190735, -0.13493719,  0.05641271,  0.16867341,  0.05525323, -0.15481839, -0.16408879,  0.12248334, -0.09997685, -0.04611727, -0.07908040,  0.21247299,  0.17511737,  0.16251818, -0.19698541, -0.16626957, -0.30567275,  0.01383462, -0.04069698,  0.08992591,  0.13756349,  0.16235269, -0.13376093,  0.17104674, -0.35889246,  0.22052246, -0.18027982,  0.28053567
  0.08784387, -0.06580999, -0.12062696,  0.10978525, -0.00554957, -0.07139463, -0.04957696,  0.03772178,  0.13405654,  0.05600607, -0.08045404, -0.14892878,  0.01789241,  0.14961894,  0.02191316, -0.07562341, -0.06673791, -0.01621645,  0.18536885,  0.13230122, -0.18811520, -0.22824811,  0.01776391,  0.24325861,  0.08600004, -0.07904406, -0.09777409, -0.11947498,  0.13269907,  0.18257088, -0.03579763, -0.18420948, -0.13312580,  0.07397966,  0.18986864,  0.04774366, -0.24754326, -0.36536478,  0.02047526,  0.43736208,  0.09443513, -0.21433480, -0.06135687, -0.10982658,  0.03360285,  0.01484948,  0.07951005,  0.06224363, -0.01079217,  0.12703784
 -0.16901833,  0.39236509, -0.32187053, -0.03235397,  0.22984310, -0.11185574,  0.06480458, -0.08273102, -0.10689453,  0.07856787,  0.19584600, -0.09727421, -0.15404305,  0.03452406,  0.14611278,  0.01509766,  0.04759015, -0.18787050, -0.16037676,  0.22173470,  0.22742700, -0.11029635, -0.27338911,  0.07369249,  0.18949381, -0.00443203, -0.05156203, -0.16140596,  0.03931724, -0.00200448,  0.05578090,  0.04195378, -0.03579088, -0.12657163, -0.05717748,  0.01596968,  0.17860304, -0.01259047, -0.23195165, -0.02224163,  0.13121408, -0.02679694,  0.09544179, -0.16470958,  0.13974646, -0.01857756,  0.05273610,  0.08644913, -0.06538156,  0.03481802
  0.12466079, -0.15443060,  0.05620766,  0.03374287, -0.02703954,  0.08469663, -0.03101666, -0.09602043,  0.08795004,  0.06262123, -0.08170295,  0.01956051, -0.03451389, -0.04024681,  0.03924297, -0.10722856, -0.07205709,  0.00861219,  0.12091265,  0.00032240, -0.00900325, -0.00648512,  0.00039549, -0.17404735,  0.13116415, -0.07735071,  0.08446208,  0.16178138, -0.22605101,  0.12740366,  0.31698707, -0.09384151, -0.05696081, -0.12565941,  0.13828802,  0.19348823,  0.32874401, -0.00532431, -0.25352622,  0.01035924,  0.47975007, -0.19005644,  0.01212186, -0.00445528, -0.14217813, -0.06391452, -0.12750803, -0.12024267, -0.10140120, -0.20105189
 -0.00704127, -0.00606739,  0.02975421,  0.00461462, -0.02131698,  0.02999727, -0.07560522,  0.04220509,  0.02451912, -0.04855615,  0.06864384, -0.06655652, -0.01223804,  0.12670324, -0.14857782,  0.02953227,  0.09722262, -0.16370791,  0.11943382,  0.08387988, -0.20717241,  0.09714356,  0.07166075, -0.13169655,  0.06132890,  0.08682890, -0.17139774,  0.02282500,  0.25578397, -0.25963442, -0.07098827,  0.35133514, -0.31179564, -0.03190922,  0.38370059, -0.29200025, -0.05737009,  0.27946118, -0.23545701, -0.01871392,  0.15033070, -0.08388921, -0.00381896,  0.03777686, -0.01800318, -0.02901488,  0.02373325, -0.03649192, -0.01200781,  0.04261393
  0.01408012, -0.02677589,  0.01032255,  0.02312927, -0.02343061,  0.01207527,  0.02619458, -0.08523324,  0.09001777, -0.03222779, -0.03619704,  0.09307286, -0.11658333,  0.04622413,  0.09778450, -0.20402455,  0.14023273,  0.00745814, -0.13616528,  0.16095505, -0.01588597, -0.15655419,  0.17797608, -0.06919975, -0.04676826,  0.04081699,  0.07929604, -0.15712303,  0.05252853,  0.21011130, -0.29371150,  0.07505419,  0.28179050, -0.43653820,  0.21349175,  0.19874256, -0.30652463,  0.13989580,  0.13562706, -0.26761715,  0.19535279, -0.04276451, -0.01509883, -0.00232135,  0.02503018, -0.03701822, -0.01434665,  0.02152541, -0.05625690,  0.00959343
  0.09028518, -0.20866622,  0.10577983,  0.05239597,  0.01336601,  0.21705155, -0.21358341,  0.02712802, -0.10225858,  0.01174645,  0.18462349, -0.10298836, -0.11969446,  0.08038371, -0.00814084,  0.09978431, -0.24268243, -0.10513709,  0.09764543,  0.11440824,  0.08738585, -0.07750699, -0.11328765,  0.01176744,  0.02320781,  0.19428199, -0.24965926, -0.14295637,  0.31938366,  0.13162892, -0.11578237,  0.07979326, -0.06966958, -0.01150920, -0.04303850,  0.33525687,  0.20987890, -0.02270332,  0.13384537, -0.02941439, -0.13374182,  0.20800775, -0.07904902,  0.03190789, -0.02816493,  0.03250056, -0.09102661, -0.17374354, -0.19106868, -0.21784293
 -0.01950424, -0.00823362,  0.07617651, -0.06085863,  0.08566659, -0.06544252, -0.06121238,  0.09620634, -0.11345544,  0.12528070, -0.01663937, -0.15786194,  0.22394813, -0.15143140,  0.06850958, -0.01007859, -0.11920987,  0.16766512, -0.09536529,  0.09518467, -0.07000497, -0.02958499,  0.05815724, -0.02087365,  0.01428499,  0.00869373, -0.09163165,  0.03978975,  0.21491723, -0.33010075,  0.20777324, -0.05847162, -0.08874723,  0.19421878, -0.20459630,  0.35692061, -0.32092155,  0.11442440,  0.07611876, -0.24352431,  0.24258970, -0.18067749,  0.14421893, -0.09883519,  0.08146567, -0.04846795, -0.05856494,  0.04587927, -0.10434948,  0.09055580
  0.00432010, -0.01229125,  0.03918748, -0.07762733,  0.04285886, -0.04718500,  0.05164732, -0.04700434,  0.10871493, -0.15411960,  0.15813433, -0.13248463,  0.06269499,  0.03632858, -0.08562266,  0.08289002, -0.03377135,  0.04390673,  0.00591078, -0.09879276,  0.11451519, -0.12736876,  0.13602747, -0.10646885,  0.11469857, -0.17502920,  0.21958496, -0.16338472,  0.04846211,  0.02738446, -0.16581726,  0.23604907, -0.21053927,  0.13175812, -0.04380888, -0.15869636,  0.22690261, -0.36704278,  0.35321233, -0.29418462,  0.22833873, -0.14619465,  0.03716711,  0.02466875, -0.07478536,  0.11444432, -0.09271927,  0.13015574, -0.01454962,  0.04950060
  0.07462053, -0.24215745,  0.37607969, -0.44518415,  0.40585405, -0.27051988,  0.15084595, -0.04964427, -0.02001952,  0.01045655,  0.06863790, -0.07670763, -0.03898558,  0.08565879,  0.00246374, -0.00596264, -0.08493338,  0.10322170, -0.08418219,  0.09771527, -0.10583271,  0.09425689, -0.09568394,  0.03117525,  0.12946718, -0.19254987,  0.07799849,  0.02476844, -0.06852895,  0.15248265, -0.20192220,  0.13937663, -0.03475139, -0.00975023, -0.07119041,  0.06656347, -0.04336630,  0.11182195, -0.17018940,  0.16902781, -0.07680802, -0.00671820,  0.01189329, -0.02623976,  0.04672481, -0.01174928,  0.03245250, -0.04905576,  0.05531114, -0.03624025
 -0.14168907,  0.23173650, -0.03321840,  0.03426770,  0.11292376, -0.17486725,  0.05336142, -0.12370864,  0.05113441,  0.16475054, -0.15647437, -0.12235657,  0.16774155,  0.11216336, -0.14159867, -0.23997800,  0.05364100,  0.11378034,  0.09930637, -0.12075344, -0.00016799,  0.03227082, -0.04734689,  0.22304360, -0.29409088, -0.07869509,  0.18733144,  0.05797525,  0.13252026, -0.22101943, -0.01009411,  0.24380087, -0.00637184, -0.12392256,  0.19699077,  0.27207321,  0.14202368, -0.15527157,  0.01308556,  0.07515634, -0.12602730,  0.11625453,  0.02845699,  0.11731809, -0.06549093, -0.13936487, -0.22090378, -0.09737754, -0.06660654, -0.12561696
  0.02925190, -0.02055139, -0.00913123, -0.02748084,  0.05769304, -0.12575924,  0.24944155, -0.31235493,  0.33052975, -0.23420690,  0.01415715,  0.17688316, -0.25011865,  0.25770055, -0.27296258,  0.20125218, -0.07633172,  0.01292073,  0.05296337, -0.18662040,  0.24931030, -0.18437449,  0.08222912,  0.01801339, -0.16788208,  0.22900863, -0.10210698, -0.00476967,  0.03480850, -0.08529145,  0.15365546, -0.04352310, -0.07092542,  0.07874361, -0.10020455,  0.14625596, -0.15163281,  0.11947209, -0.05719259,  0.04477171,  0.03651734, -0.07057421,  0.08225724, -0.08400437,  0.00926331, -0.01534265,  0.01376176,  0.01743673, -0.01050796, -0.03443175
 -0.04993660,  0.07551263, -0.01569029,  0.00635919, -0.01257583,  0.05106305, -0.08679374, -0.01481621,  0.15206084, -0.26841003,  0.37388607, -0.40142723,  0.25343312, -0.00984292, -0.09232372,  0.06832908, -0.14198267,  0.23117592, -0.19289098,  0.07882903,  0.06352477, -0.18754215,  0.22752602, -0.15470250,  0.08264813, -0.04404854, -0.09271738,  0.21012331, -0.11012961, -0.06390436,  0.09185855, -0.09725973,  0.17597727, -0.20750073,  0.16643568, -0.02153127,  0.00611230,  0.00347023, -0.08747629,  0.15153519, -0.17738351,  0.09728525, -0.00964498,  0.01774741,  0.01581705, -0.02236803, -0.05058196,  0.02950510, -0.03396392,  0.01722856
 -0.02454736,  0.06494766, -0.00848516, -0.10797886,  0.09334029,  0.04852362, -0.20430195,  0.27150616, -0.21242528,  0.13937056, -0.08185749,  0.03626788, -0.12092752,  0.31728684, -0.33216415,  0.06565117,  0.11647816,  0.00569650, -0.16153394,  0.12684996, -0.02053816, -0.04879819,  0.06760848,  0.01210749, -0.12884757,  0.14112218, -0.17257096,  0.33698182, -0.36645519,  0.13115800,  0.00827489,  0.10481134, -0.11031666, -0.03043211,  0.03447965,  0.04506201,  0.00698562, -0.16399539,  0.19587015, -0.07269271,  0.02084848, -0.07065499,  0.13943762, -0.12863991,  0.09067065, -0.08734485,  0.02353657,  0.05476397, -0.02492768, -0.01919843
 -0.05112540, -0.01519483,  0.13662534, -0.01566650, -0.16621760,  0.20787597, -0.15477794, -0.04703504,  0.14938388, -0.10214269,  0.02868991,  0.14981072, -0.33255157,  0.19033293,  0.28610369, -0.40576019,  0.04675083,  0.25288705, -0.21070615,  0.09844559,  0.00234359, -0.11154532,  0.05532076,  0.10030697,  0.00934784, -0.11328233, -0.11486872,  0.17077958,  0.11470071, -0.24715140, -0.07041356,  0.10490703, -0.00673221,  0.13175085, -0.18605668, -0.05217794,  0.15114817, -0.11017112, -0.10601068,  0.06227773, -0.01744453, -0.05787897,  0.05009244,  0.00052876,  0.07495170,  0.02552207, -0.05147141, -0.03277134,  0.13237737,  0.04584381
 -0.03953604,  0.01386843, -0.00337623,  0.09930016, -0.03912475, -0.07145629,  0.08900647, -0.07967565, -0.09176653,  0.23341069, -0.19757015,  0.08834947,  0.04773283, -0.17297198,  0.14832754,  0.18263616, -0.46309363,  0.32568363,  0.00294926, -0.16009827,  0.19012599, -0.12508655, -0.03064674,  0.11125851, -0.02539109,  0.07211303, -0.25563534,  0.17505687, -0.00385505,  0.09462344, -0.29271860,  0.13296750,  0.02672906, -0.06512294,  0.18430216, -0.20258268,  0.07811216,  0.02883342, -0.07300873, -0.05566622,  0.06387368, -0.11618872,  0.10100467, -0.03572114,  0.06756228,  0.00508830, -0.00407020, -0.04335788, -0.02922617,  0.11400072
  0.08025354, -0.00349497, -0.16303721,  0.10698661, -0.06409509,  0.04443906,  0.09623971, -0.09768669,  0.09357571, -0.01145361, -0.17711540,  0.15320174,  0.08113727, -0.18785776, -0.00664855,  0.05719053, -0.05482916,  0.24595600, -0.44224447,  0.30098510, -0.09196586,  0.03824940,  0.05967820, -0.17632922, -0.01588408,  0.11198742,  0.16625316, -0.21054135, -0.01801202,  0.10200965,  0.08728142,  0.20157159, -0.36067904,  0.09301960,  0.05866403,  0.04989645,  0.02196674, -0.00516132,  0.05277042,  0.17237265, -0.13457030,  0.08551081,  0.02532311, -0.10430592, -0.01606005, -0.11966344,  0.13153402, -0.06171807, -0.01222553, -0.18239689
  0.08253554, -0.15197360,  0.10698137, -0.15807703,  0.20152084, -0.11302102,  0.09291829, -0.07662935,  0.04337809, -0.01275106, -0.04880359,  0.03225537,  0.11720683, -0.27854604,  0.30045915, -0.27684748,  0.29010946, -0.18784664, -0.00390967, -0.04320982,  0.21518687, -0.17551887,  0.03967421, -0.03616564, -0.03273079,  0.24263053, -0.27790692,  0.13948945, -0.05501796, -0.02028361,  0.15493358,  0.00338262, -0.19411946, -0.01302260,  0.18533421, -0.08885050,  0.02220851, -0.08982818,  0.17754030,  0.02779225, -0.15507538,  0.07152162,  0.01308708, -0.02762324, -0.07697558,  0.10480872, -0.03475114,  0.10838731, -0.18458362,  0.04074252
  0.03224704, -0.05757408,  0.02381061, -0.00346624, -0.00376204, -0.01801422,  0.07996769, -0.14159487,  0.20155483, -0.21612059,  0.15370578, -0.06079958,  0.02073969, -0.03699045,  0.01473578,  0.04824175, -0.06176823,  0.08303666, -0.14787010,  0.21069406, -0.27120256,  0.35330936, -0.41151266,  0.34679114, -0.22531797,  0.17171937, -0.13104444,  0.07235326, -0.03835635, -0.00208890,  0.08459939, -0.11479866,  0.06491900, -0.07467342,  0.11378045, -0.12170855,  0.06148979, -0.09657747,  0.17956017, -0.19839836,  0.15102386, -0.07145937,  0.00075697,  0.02128578, -0.06526026,  0.06755377,  0.00085264, -0.00308296, -0.00464385,  0.01935504
 -0.03131874, -0.01312721,  0.03458327,  0.02618429,  0.11515212, -0.12528612,  0.04547401, -0.09385792, -0.00524264,  0.12162103, -0.18899457,  0.23272746, -0.21658552,  0.16004110, -0.10222527,  0.10533609, -0.12431858,  0.03985178, -0.06889130,  0.15603371, -0.05956136,  0.00555113, -0.02308897, -0.12673289,  0.36417930, -0.28628674, -0.03160251,  0.06144348,  0.13791356, -0.21438051,  0.23177011, -0.24034216,  0.07877727, -0.06004179,  0.26001417, -0.07807399,  0.01513382, -0.08180555,  0.22642279, -0.15730583, -0.17426160,  0.18144642, -0.06705332,  0.08494189, -0.03818727,  0.04148150, -0.01720101, -0.06111628, -0.17257811,  0.13338352
  0.08402501, -0.11766371,  0.11225436, -0.22020327,  0.07152689,  0.02462194, -0.03737095,  0.20159031, -0.19397655,  0.11895915, -0.07311058,  0.04830731, -0.04677183,  0.04294952, -0.06496878,  0.09127573, -0.03924112,  0.13072563, -0.15779645,  0.01721867,  0.03337436, -0.08352758,  0.12027228,  0.01607372, -0.25295373,  0.23445357,  0.12980182, -0.33323776,  0.22608281, -0.18464889,  0.18738053, -0.13893270,  0.19044693, -0.22893585,  0.03603737, -0.22874812,  0.18047785, -0.09135447, -0.11163479,  0.16619947,  0.08492142, -0.10018359, -0.02677396, -0.00952567, -0.07095391,  0.13794833, -0.10916969,  0.24413163,  0.04059702, -0.04998300
  0.01366248, -0.07796255,  0.06328678,  0.04243215,  0.02525824,  0.05689821, -0.19590432,  0.12177837, -0.02821608, -0.04316571,  0.04932707, -0.01829143,  0.00057865,  0.01265355, -0.01735651, -0.01347577, -0.01395034, -0.00364270, -0.08139078,  0.07069231,  0.24164230, -0.31123882, -0.09057542,  0.38895886, -0.16422631, -0.23723922,  0.28103880, -0.06486548, -0.08473920,  0.09355452,  0.12546370, -0.11490738, -0.18707822,  0.17509026,  0.24678456, -0.14309690, -0.10784402,  0.32793467, -0.03478815, -0.16436897, -0.02536190,  0.08421100,  0.07730860, -0.06488026, -0.06124213,  0.14998861, -0.08602995, -0.19751070,  0.02194204, -0.03710417
 -0.09655398,  0.07758919,  0.04952211,  0.08826300,  0.07770203, -0.24544569,  0.10959412, -0.08102806,  0.00974351,  0.02905848, -0.00889789, -0.00686782,  0.02162958, -0.00966022, -0.00473225, -0.04232208, -0.01327197, -0.10280860,  0.07739656,  0.30095106, -0.29548270, -0.15202311,  0.34873005, -0.05303011, -0.21660687,  0.13046721, -0.03172426,  0.00777307,  0.02130516,  0.15510228, -0.11193990, -0.21815717,  0.10805584,  0.35196022, -0.05442929, -0.12718888,  0.27743341,  0.05014777, -0.12669884, -0.15407109,  0.04078057,  0.15182728, -0.04264068, -0.05586321,  0.16033056, -0.07466513, -0.21622995, -0.08910643, -0.05505771,  0.04117112
