 -0.14047699, -0.14048342, -0.14049251, -0.14050493, -0.14052063, -0.14054207, -0.14057172, -0.14060967, -0.14065461, -0.14070487, -0.14075994, -0.14081747, -0.14087686, -0.14093766, -0.14099853, -0.14106053, -0.14112483, -0.14119009, -0.14125510, -0.14132054, -0.14138562, -0.14145008, -0.14151527, -0.14157819, -0.14163795, -0.14169297, -0.14174115, -0.14178267, -0.14181827, -0.14184870, -0.14187401, -0.14189452, -0.14191125, -0.14192395, -0.14193239, -0.14193778, -0.14194036, -0.14194096, -0.14194071, -0.14194124, -0.14194274, -0.14194416, -0.14194511, -0.14194510, -0.14194483, -0.14194433, -0.14194339, -0.14194140, -0.14193815, -0.14193335
  0.05590349,  0.08665373,  0.11500939,  0.14045475,  0.16261399,  0.18101371,  0.19518993,  0.20541094,  0.21171214,  0.21415383,  0.21295720,  0.20837497,  0.20055348,  0.18977729,  0.17611441,  0.16003772,  0.14215509,  0.12253352,  0.10160232,  0.07981490,  0.05768472,  0.03585274,  0.01498101, -0.00454242, -0.02283301, -0.03958343, -0.05473658, -0.06834312, -0.08045511, -0.09106970, -0.10046288, -0.10864876, -0.11565133, -0.12190286, -0.12765038, -0.13297408, -0.13778094, -0.14202012, -0.14584514, -0.14934609, -0.15260125, -0.15545887, -0.15814081, -0.16037021, -0.16214173, -0.16331013, -0.16362402, -0.16301883, -0.16186530, -0.16051475
 -0.37944651, -0.35314016, -0.32008625, -0.28116636, -0.23678392, -0.18987620, -0.14403060, -0.10008208, -0.05832615, -0.01875127,  0.01804822,  0.05299983,  0.08557765,  0.11535875,  0.14220253,  0.16484801,  0.18213080,  0.19381738,  0.20034691,  0.20084609,  0.19579145,  0.18570698,  0.17011625,  0.15162588,  0.13065157,  0.10907065,  0.08902277,  0.07088761,  0.05462960,  0.04026415,  0.02781716,  0.01755117,  0.00914432,  0.00247535, -0.00233968, -0.00602642, -0.00837098, -0.00966053, -0.01090108, -0.01357350, -0.01815205, -0.02373105, -0.03047858, -0.03752209, -0.04529554, -0.05347695, -0.06126156, -0.06774407, -0.07310881, -0.07752345
 -0.28103695, -0.22707479, -0.17012112, -0.11206247, -0.05749894, -0.00460833,  0.05102974,  0.10517741,  0.15343690,  0.19107276,  0.21539667,  0.22087674,  0.20709910,  0.17446245,  0.12482840,  0.06299184, -0.00531978, -0.07371107, -0.13852255, -0.19274280, -0.23310269, -0.25751274, -0.26193051, -0.25019339, -0.22053465, -0.17794640, -0.12915133, -0.07738610, -0.02527423,  0.02400240,  0.06824828,  0.10386003,  0.12913932,  0.14426133,  0.14878029,  0.14436913,  0.13019802,  0.10719684,  0.07947139,  0.05293704,  0.03142511,  0.01420438,  0.00417528, -0.00048018,  0.00235244,  0.01205968,  0.02563929,  0.03969479,  0.05459650,  0.07049606
 -0.24858998, -0.17635213, -0.09485230, -0.00856866,  0.07913617,  0.15470526,  0.20133310,  0.21514515,  0.19626750,  0.14915295,  0.07947155,  0.00071104, -0.07788710, -0.14668379, -0.19700124, -0.22518715, -0.23019994, -0.21276315, -0.17294475, -0.11820510, -0.05353703,  0.01543062,  0.07863014,  0.13640674,  0.18087009,  0.21174716,  0.23122406,  0.23713254,  0.22755355,  0.20258215,  0.16332298,  0.11433080,  0.05943884,  0.00301550, -0.04868437, -0.09239643, -0.12212007, -0.13499053, -0.13318393, -0.12262701, -0.10757927, -0.08740515, -0.06666022, -0.04458436, -0.02570133, -0.01153667, -0.00116564,  0.00701395,  0.01001695,  0.00546564
  0.52562600,  0.23768608, -0.03663682, -0.24646359, -0.32919567, -0.29577076, -0.21071476, -0.09671310,  0.02028638,  0.11822538,  0.16613308,  0.17615037,  0.14575159,  0.08835408,  0.02757377, -0.02868967, -0.07441840, -0.10436375, -0.09949607, -0.07754412, -0.03894851,  0.01092822,  0.03661206,  0.05870076,  0.04939932,  0.02677043,  0.02528471,  0.04705144,  0.08150490,  0.11953412,  0.14659185,  0.16208420,  0.15964640,  0.12777119,  0.06991723, -0.01349347, -0.08853072, -0.12727477, -0.12887456, -0.11746383, -0.10875466, -0.08765065, -0.07067550, -0.04714832, -0.03919359, -0.04970593, -0.06023562, -0.04694485, -0.01719425,  0.01498958
 -0.25050487,  0.08821019,  0.24872378,  0.22671704,  0.12640491,  0.01417184, -0.10723832, -0.19982071, -0.23014397, -0.18203268, -0.09211719,  0.03385858,  0.14257663,  0.19099239,  0.17950331,  0.10544458, -0.02093623, -0.15391346, -0.22405915, -0.22592870, -0.15050915, -0.01180226,  0.10465729,  0.20436306,  0.22768748,  0.16648420,  0.07408303, -0.01166821, -0.06442545, -0.07344896, -0.04105894,  0.02873977,  0.10715365,  0.17590323,  0.22150893,  0.20136093,  0.12477590,  0.03299729, -0.03594641, -0.08423524, -0.12133556, -0.12379066, -0.10704638, -0.05789001, -0.01397843, -0.00992687, -0.05131309, -0.09960764, -0.13475103, -0.14712428
 -0.18421295,  0.01088250,  0.12692703,  0.14782798,  0.06102833, -0.06865533, -0.13498872, -0.11434693, -0.02617097,  0.08419070,  0.18283310,  0.20968815,  0.15048715,  0.01512183, -0.15593241, -0.28087026, -0.30028941, -0.20050694, -0.02926672,  0.15966428,  0.28245823,  0.28401210,  0.18733890,  0.01076581, -0.14540704, -0.22616020, -0.22795880, -0.15567856, -0.03818217,  0.06999248,  0.12760487,  0.11104134,  0.03577205, -0.04013015, -0.06940870, -0.03068802,  0.03149960,  0.06904138,  0.07203841,  0.06866447,  0.07881204,  0.08312404,  0.08832254,  0.07814039,  0.06391025,  0.03840427, -0.01574552, -0.10190300, -0.18029845, -0.20276791
 -0.00767623,  0.12391000,  0.11631144,  0.01251477, -0.05743972, -0.03921156,  0.02003712,  0.06549566,  0.07470246,  0.05127455, -0.02742350, -0.11508509, -0.19038857, -0.22744628, -0.16786017, -0.04181575,  0.06877198,  0.13584845,  0.16054030,  0.11787091,  0.04308104, -0.02251097, -0.10715012, -0.13472556, -0.10874310, -0.05068991,  0.04594793,  0.14285334,  0.19206637,  0.16747479,  0.09999320,  0.04350067,  0.02827985,  0.08547442,  0.19955235,  0.28297128,  0.29271552,  0.23603241,  0.14874923,  0.03870146, -0.07753688, -0.15529439, -0.18123113, -0.15661812, -0.13518791, -0.15980563, -0.22669527, -0.26945314, -0.23196034, -0.10267149
 -0.01560887,  0.03152915,  0.04086313, -0.00431104, -0.04401374, -0.05328633, -0.05164789, -0.05075277, -0.03958690, -0.00481592,  0.02565465,  0.05586997,  0.06793900,  0.05811523,  0.06311801,  0.06976186,  0.04362906,  0.00415104, -0.01697604, -0.03039826, -0.03188435, -0.03559665, -0.08884994, -0.12948594, -0.12208095, -0.04821472,  0.08993498,  0.21908588,  0.25467340,  0.15928883, -0.01831610, -0.18640093, -0.27400923, -0.23454934, -0.09179375,  0.04798545,  0.10177944,  0.04462969, -0.08078598, -0.20783726, -0.25341063, -0.15819318,  0.05063126,  0.28237226,  0.40679354,  0.35315978,  0.15487107, -0.06151734, -0.17060299, -0.12091765
  0.04329819, -0.03792914, -0.02782472,  0.02164042,  0.06169871,  0.06948735,  0.04298311, -0.01224251, -0.07826065, -0.12052697, -0.12242289, -0.08335065, -0.01984325,  0.03612662,  0.07242995,  0.08988298,  0.07796905,  0.03662334, -0.00606365, -0.02140184,  0.00860691,  0.06773731,  0.09445163,  0.04375517, -0.06900278, -0.17751560, -0.20423180, -0.11620908,  0.04836245,  0.20350987,  0.26936139,  0.21978261,  0.08318650, -0.07154237, -0.15586677, -0.12413904, -0.00616912,  0.10908008,  0.13401818,  0.03212223, -0.15527855, -0.32858990, -0.38536398, -0.27839447, -0.05271839,  0.17931370,  0.30167910,  0.26033832,  0.10142583, -0.05398434
 -0.12138205,  0.14722284,  0.17875494, -0.01833789, -0.18402183, -0.17342743, -0.07055424,  0.06302535,  0.12312420,  0.09334861,  0.03838046,  0.03540841,  0.03934684,  0.01199859, -0.06178648, -0.08140828,  0.02343821,  0.11749844,  0.10278856, -0.06133307, -0.25060358, -0.28629109, -0.11521176,  0.16221664,  0.25717997,  0.14914603, -0.01094206, -0.06968205, -0.00159543,  0.09049202,  0.06013927, -0.05247810, -0.13001250, -0.13686322, -0.10616133, -0.11195180, -0.11348965, -0.01299948,  0.17475845,  0.31486935,  0.27806881,  0.11775829, -0.08319926, -0.11022803,  0.01490368,  0.13383898,  0.13361357,  0.02155346, -0.17221619, -0.34665912
  0.23814105, -0.05479184, -0.26375519, -0.16618527,  0.05286151,  0.18035998,  0.19041367,  0.10451262, -0.02047700, -0.11614552, -0.10571256, -0.07594963, -0.02073363,  0.06521039,  0.11113046,  0.11230951,  0.06937789, -0.05509159, -0.22438182, -0.25850718, -0.12342491,  0.06460082,  0.23040433,  0.15314912, -0.03387215, -0.11821262, -0.07399207,  0.02848214,  0.08218114,  0.06811567,  0.03286342,  0.01846212,  0.03755538, -0.00571507, -0.12665288, -0.14791106, -0.00272471,  0.18621900,  0.24434803,  0.17190600,  0.09174583,  0.07130636,  0.13850214,  0.16125735,  0.07404949, -0.08149273, -0.20234065, -0.26881132, -0.26150273, -0.17089830
 -0.02666049,  0.04948296, -0.04111699, -0.07197751,  0.04131543,  0.13499773,  0.05164228, -0.14084345, -0.23421042, -0.10554025,  0.17248975,  0.31770086,  0.17913172, -0.09096808, -0.25246776, -0.17267276,  0.04833689,  0.16047772,  0.05874843, -0.08679314, -0.10096089,  0.02103975,  0.14248352,  0.07951134, -0.09471173, -0.14164105,  0.01400073,  0.20631498,  0.19923959, -0.04043456, -0.28051527, -0.27648510, -0.03525217,  0.18201322,  0.13837305, -0.07687878, -0.18186445, -0.04382403,  0.16449398,  0.20935399,  0.04414973, -0.15743103, -0.19650315, -0.08123674,  0.03076749,  0.03748145, -0.00809049,  0.00622839,  0.09670785,  0.15256739
 -0.03995714,  0.06114897,  0.01460020, -0.11581767, -0.12135270,  0.05154879,  0.25349938,  0.23843642, -0.00413010, -0.26205140, -0.27948364, -0.05909130,  0.15665515,  0.16379814,  0.01143134, -0.12489852, -0.11490281,  0.04404677,  0.14322918,  0.08495075, -0.02913669, -0.04854014,  0.05871979,  0.12596284,  0.03124557, -0.18010262, -0.28575622, -0.14774335,  0.11476485,  0.22568397,  0.10814821, -0.08893568, -0.13874217,  0.05609453,  0.26497232,  0.22690116, -0.04163925, -0.27575165, -0.26619776, -0.06981782,  0.10327434,  0.09541162,  0.02046406, -0.01379061,  0.02391047,  0.05432670,  0.00424410, -0.07549615, -0.05081842,  0.09667518
  0.12255556, -0.09142408, -0.01149133,  0.05212025,  0.04068403,  0.02426737, -0.03388843, -0.10727666, -0.14780816, -0.10689470, -0.04920897,  0.07597682,  0.20306445,  0.22884774,  0.15361106, -0.01943916, -0.19284146, -0.22570600, -0.07126584,  0.06622436,  0.07431603, -0.00821748, -0.14394943, -0.10734557,  0.02337936,  0.10383901,  0.13505787,  0.15394283,  0.18381740,  0.19324071,  0.08225861, -0.13099777, -0.30486989, -0.31984141, -0.13513323,  0.06377043,  0.13405642,  0.09952428,  0.09411149,  0.13946153,  0.15364075,  0.10539848, -0.05243202, -0.20275818, -0.26144979, -0.20611841, -0.09358012,  0.02613410,  0.12059563,  0.17004269
  0.12016860, -0.05094779, -0.17016195, -0.06739941, -0.01342275, -0.07465530, -0.05934376,  0.10682738,  0.24400357,  0.16814323,  0.04735541, -0.06024827, -0.02344500,  0.08936606, -0.01560809, -0.21610877, -0.19388119, -0.03250019,  0.02759451,  0.01850561, -0.05141223, -0.05595247,  0.21232417,  0.31795357,  0.18418516,  0.00015747, -0.13311337, -0.14371392, -0.11211215, -0.12319749, -0.20753057, -0.28069340, -0.18110644, -0.02796672,  0.03344136,  0.13824727,  0.29212299,  0.32831784,  0.12294736, -0.11303353, -0.18924562, -0.14045051, -0.03209587, -0.00945254, -0.03341630,  0.00184221,  0.09679298,  0.10227910,  0.05973715,  0.10000353
  0.03454351, -0.14000262,  0.12663864,  0.13970652, -0.15642639, -0.20749164, -0.00427527,  0.21958158,  0.14825058, -0.10931071, -0.20888068,  0.04920074,  0.24566351,  0.06891395, -0.21008868, -0.15756002,  0.15614095,  0.17124540, -0.07736201, -0.23474043, -0.08161365,  0.19509407,  0.17685330, -0.03694541, -0.17914450, -0.01333736,  0.20302069,  0.11766939, -0.14472297, -0.18868625, -0.04333937,  0.11901113,  0.09695582, -0.16454497, -0.19739630,  0.05627302,  0.18956905,  0.03750731, -0.11185077, -0.03023854,  0.10308548,  0.11004569, -0.10700000, -0.15970674,  0.01314607,  0.14185852,  0.02490062, -0.13028559, -0.03347345,  0.18355806
 -0.10631684,  0.15681793,  0.06962024, -0.20567855, -0.19940133,  0.03980327,  0.19938286,  0.11862309, -0.06482326, -0.11787661,  0.13205427,  0.22062478, -0.03406261, -0.21369456, -0.10510030,  0.12409034,  0.13260894, -0.09555309, -0.24365207, -0.03573355,  0.18220891,  0.09197408, -0.01106768, -0.03274086,  0.11462599,  0.21604726, -0.00836412, -0.28979283, -0.25371974, -0.01407984,  0.14134617,  0.02901074, -0.21817304, -0.19767587,  0.02282895,  0.12308678,  0.04317746,  0.01782389,  0.08017393,  0.11273882,  0.00710874, -0.19229677, -0.13108070,  0.11353264,  0.18659877,  0.00088054, -0.15680382, -0.06504977,  0.14211006,  0.17387378
  0.10332088, -0.18063044, -0.03051892,  0.21810512, -0.16239379, -0.07790488,  0.27884849, -0.10156054, -0.18619122,  0.21697237, -0.03169888, -0.07748254,  0.16193388, -0.12102935, -0.11938709,  0.14745371, -0.03617210, -0.06030068,  0.08816249, -0.05641059,  0.04269441,  0.02254916, -0.13572535,  0.13397330,  0.04305485, -0.09615960,  0.12887782, -0.10159123, -0.21828951,  0.25791729,  0.03420916, -0.31304627,  0.18880226,  0.14369655, -0.23915965,  0.13239531,  0.14650779, -0.24650685,  0.08411547,  0.17095970, -0.21079279, -0.01651562,  0.12540945, -0.04390755,  0.00711144,  0.05000279, -0.02721015,  0.00409387, -0.02516113, -0.01540313
  0.01255550, -0.11552049,  0.18680359, -0.03631009, -0.19077748,  0.22553685,  0.00044327, -0.24959204,  0.20609023,  0.04170446, -0.17821493,  0.14659266, -0.01135872, -0.16339621,  0.16859664,  0.00453526, -0.12228797,  0.13314576, -0.05277639, -0.04257940,  0.10162428, -0.14485375,  0.07486431,  0.11192956, -0.16107128,  0.07317784,  0.04856539, -0.22058397,  0.15167930,  0.15100915, -0.27563511,  0.06911261,  0.23028976, -0.25741086, -0.01679091,  0.21758192, -0.21927773, -0.00824424,  0.22969570, -0.18564333, -0.06065349,  0.16400413, -0.05016683, -0.03968842,  0.07188408, -0.06485946, -0.00030645,  0.01818564, -0.03738895,  0.06577424
 -0.03577598,  0.16518087, -0.21177008,  0.03174524,  0.13073336, -0.15634251,  0.07738192, -0.00058774,  0.02157814,  0.02272330, -0.08048074,  0.02264771,  0.10082776, -0.12413363,  0.04484423,  0.10111815, -0.28083658,  0.20726512,  0.11938361, -0.34038962,  0.14238805,  0.17776480, -0.18336159,  0.00177907,  0.15736740, -0.15556212, -0.01009885,  0.13735016, -0.05028855, -0.12064732,  0.09002597,  0.05946663, -0.13660135, -0.00973883,  0.05796455,  0.07632328, -0.08708222,  0.02770902,  0.15386095, -0.19806789, -0.01684620,  0.21223455, -0.10523834, -0.17966212,  0.26592466, -0.03061623, -0.25199383,  0.22073634,  0.08082758, -0.14101697
  0.09741902, -0.11821924, -0.07090039,  0.18443395, -0.09058625, -0.05095153,  0.10107909, -0.00584365, -0.00562773, -0.05723006, -0.00570229,  0.08243503, -0.07213558, -0.02608474,  0.12562447, -0.14680640,  0.02859619,  0.16944784, -0.28568543,  0.03300164,  0.30623117, -0.16100970, -0.13618964,  0.15950644, -0.08778791, -0.11664015,  0.19818741,  0.05226542, -0.13793425,  0.03434956,  0.08591275, -0.12802670, -0.04751689,  0.15333415,  0.09394594, -0.06906800, -0.00019414,  0.10530237, -0.16950608, -0.06527204,  0.28714177, -0.06953391, -0.25230985,  0.19291821,  0.06859972, -0.25943604,  0.18771327,  0.19142577, -0.24764971, -0.05500636
  0.08094523, -0.07675364, -0.05575724,  0.02269159,  0.05954906,  0.00410715, -0.11003800,  0.06942496,  0.11761870, -0.03641513, -0.14546622,  0.01436451,  0.15118333,  0.01900000, -0.16234088, -0.08655012,  0.19974325,  0.06541970, -0.18890684, -0.13269838,  0.15545003,  0.25624804, -0.12783548, -0.29454230,  0.07277020,  0.28301245, -0.04908647, -0.20560528,  0.01780920,  0.19447055,  0.00612369, -0.23238979, -0.09546483,  0.18955255,  0.24275219, -0.10151273, -0.19539630,  0.10494342,  0.16411607, -0.09115353, -0.16439527,  0.11679851,  0.14014492, -0.09295943, -0.16769032,  0.05902838,  0.19193748,  0.01519014, -0.11774770, -0.08366519
  0.01231293, -0.08128114,  0.05637075,  0.06793843, -0.02691264, -0.07302128, -0.01062803,  0.12401426, -0.03446360, -0.12928547,  0.01635405,  0.16256430,  0.00527162, -0.17156891, -0.04187089,  0.15457646,  0.10941403, -0.16242464, -0.10913106,  0.14129099,  0.15555208, -0.11827875, -0.25533730,  0.12300051,  0.30044375, -0.07970794, -0.29558417,  0.03622841,  0.21642088,  0.01433505, -0.18755675, -0.05828500,  0.20075570,  0.11386513, -0.17000137, -0.22237902,  0.11479835,  0.21852351, -0.10059916, -0.19934829,  0.07074447,  0.19849750, -0.08483831, -0.16202059,  0.07979087,  0.16337065, -0.07060650, -0.17135337,  0.03498247,  0.12505538
 -0.07506521,  0.02778155,  0.15250053, -0.04607482, -0.00591972, -0.06980685, -0.12545298,  0.09983696,  0.00392765,  0.04584451,  0.07043957,  0.02832898, -0.15052857, -0.02803524, -0.04565988,  0.00134762,  0.36639157, -0.04078893, -0.23112451, -0.10255553, -0.01171566,  0.04198428,  0.17898880,  0.14012836, -0.15862021, -0.16229325, -0.06968105,  0.05156978,  0.10101737,  0.21621647, -0.04270560, -0.17228727, -0.04675437, -0.06461673,  0.00201534,  0.09318453,  0.13955479, -0.08175326, -0.12929823, -0.03693438, -0.03532131,  0.21164090,  0.07721295, -0.04901745, -0.04743662, -0.16723130, -0.16753762,  0.30392381,  0.35079519, -0.34042657
  0.01716758, -0.23805554,  0.26338377,  0.03421236,  0.00589428,  0.03287937, -0.11198821,  0.00202652, -0.28361582,  0.30384274, -0.01654182, -0.03406325,  0.05382604, -0.17023494,  0.16233019, -0.19217763,  0.07103665,  0.27409569,  0.05614882, -0.17560050, -0.17115023,  0.08119492, -0.03902739,  0.04126030,  0.19765546, -0.06729920, -0.24741724,  0.07107188, -0.08068699,  0.12758461,  0.19590687,  0.03681434, -0.04325119, -0.18845983,  0.13382355, -0.17745600, -0.04041537,  0.11931564, -0.07510738, -0.02189185, -0.09503140,  0.02132066,  0.02473487,  0.18896548,  0.00393864, -0.18448887, -0.03108221, -0.12295790,  0.04949886,  0.23801359
 -0.19713025,  0.21386240,  0.01277539,  0.08213324, -0.01595498, -0.06587140,  0.07679905, -0.42325709,  0.29813321,  0.01787778, -0.05353150,  0.03378645, -0.13366539,  0.18295771, -0.17343720,  0.06485551,  0.13487317,  0.12205625, -0.02709644, -0.20351539,  0.02287804,  0.01103208, -0.07325379,  0.15222416,  0.07546356, -0.23334020,  0.04262885, -0.10197379,  0.10808758,  0.11453740,  0.10904147,  0.07458888, -0.21982098,  0.12489833, -0.17098216, -0.12422058,  0.03072968, -0.00059536,  0.02765177, -0.13522044,  0.06155311, -0.07800792,  0.15947270,  0.11404023, -0.21310744, -0.02503833, -0.01231169, -0.13106989,  0.06738646,  0.27599916
  0.02083111,  0.01079043, -0.01221773, -0.15761980,  0.26862255, -0.31385199,  0.30333833, -0.10361931, -0.04865694,  0.17706627, -0.33492034,  0.33692835, -0.19155964,  0.02987749,  0.15898239, -0.23834759,  0.16380346, -0.16631579,  0.03321843,  0.12709952, -0.05702033, -0.01386768,  0.07748620, -0.16576358,  0.11325073, -0.03535399,  0.06774130,  0.01630751, -0.10734796,  0.08886608, -0.17871756,  0.12742568, -0.02616459,  0.00697272,  0.07104564, -0.11073307,  0.15998722, -0.17047464,  0.14490794, -0.01587678, -0.05655780,  0.09064858, -0.11926706,  0.01268270,  0.04458793,  0.00325002,  0.05055590, -0.02340045, -0.03889010, -0.01971321
 -0.13545907,  0.22493250,  0.05943506, -0.31710401,  0.24421531, -0.03769754, -0.11687628,  0.05581374, -0.01913516,  0.18508802, -0.20811066, -0.10293516,  0.27566409, -0.20221274,  0.11674705,  0.05879488, -0.14650228,  0.22065127, -0.29102850,  0.05359394,  0.26804118, -0.27251347,  0.09592216,  0.05429223, -0.11450319, -0.03513266,  0.09065400,  0.04809484, -0.05566522,  0.03636669,  0.00256729, -0.03478368, -0.00039081,  0.05170978, -0.03078286, -0.13785974,  0.10112519, -0.00222169, -0.11110877,  0.15927035, -0.04891631, -0.08525785,  0.19243244, -0.16337766, -0.07938944,  0.14083639, -0.00779730, -0.06299747,  0.00614423,  0.07734781
  0.12134611, -0.28711892,  0.36417325, -0.34191481,  0.08569522,  0.02905803,  0.04819516,  0.03339533, -0.02242308, -0.02294180,  0.05446290, -0.04618798, -0.05814633,  0.17305997, -0.17019865,  0.11596810, -0.08454550, -0.13747371,  0.27678308, -0.36538160,  0.35923430, -0.09158192, -0.05598996,  0.02839277,  0.01029042, -0.04356270,  0.04664924,  0.07427720, -0.10146465,  0.01457838, -0.11253522,  0.02999337,  0.00967516, -0.01746845,  0.13521033, -0.07353217,  0.06788896, -0.00928871,  0.04553439, -0.09814465,  0.17640780, -0.14256470,  0.00319381,  0.07137343, -0.11736861,  0.09777753,  0.04785877, -0.02724659,  0.05515329, -0.14850967
  0.15253752, -0.18096877, -0.16977241,  0.12641362,  0.24376495,  0.10722361, -0.32604311, -0.04547500,  0.22568384, -0.20393660, -0.05371799,  0.21422764, -0.03893331, -0.13173102,  0.12571413, -0.17265158,  0.08208791, -0.00494817,  0.14989382,  0.00420962, -0.02096249, -0.11589554, -0.11686258,  0.17209609, -0.06201784, -0.01066363,  0.14877887, -0.10177458, -0.16977348,  0.09864409,  0.23927050, -0.07454350, -0.00722319, -0.00074495,  0.09076093,  0.00111528,  0.02100175, -0.11028855, -0.01113743,  0.03439779,  0.03606855, -0.09913442,  0.00648975, -0.04521443,  0.10769363,  0.19098313, -0.16602192, -0.30147857,  0.27467878, -0.11182793
  0.04119918, -0.17189271,  0.02157460,  0.18239039,  0.31016367, -0.39119606, -0.14313979,  0.12466695,  0.01776100, -0.07134081,  0.05303750,  0.01549907, -0.00670982, -0.00608224, -0.20466934,  0.31561064, -0.08843775,  0.04633522,  0.05863676, -0.00936471, -0.06713483, -0.25634656,  0.31276272, -0.08784661, -0.05968994,  0.11470792, -0.03912019, -0.17569340,  0.06863931,  0.23532050,  0.00442405, -0.00402092, -0.05402507,  0.02363945, -0.00348645, -0.02433847, -0.11638759, -0.03398718,  0.03788218, -0.01815204,  0.05094941, -0.05328546, -0.07031353,  0.10275167,  0.12535006, -0.12600295, -0.19547929,  0.12785946, -0.14336151,  0.23029499
  0.01435560,  0.08533894, -0.18046958, -0.03022235,  0.03219867,  0.32698747, -0.26776933,  0.04745474, -0.16607971,  0.27481054, -0.25345348,  0.19551858, -0.09754916,  0.19345779, -0.34931912,  0.14964886,  0.04156684, -0.03192532,  0.00672699,  0.04926596,  0.01938682, -0.08655337, -0.05759742,  0.11784209, -0.03006960,  0.03283708, -0.07657546,  0.16820625, -0.27941097,  0.13572317, -0.02909571,  0.13086826, -0.09866677,  0.02115927, -0.08350877,  0.19231803, -0.09058154,  0.07070438, -0.09683016, -0.00723498, -0.04115046,  0.19593909, -0.20046170,  0.09590340, -0.06312436,  0.10254237, -0.03022026,  0.02592441, -0.12265194,  0.04384267
  0.01103685,  0.04315828, -0.05880472, -0.17994242,  0.21149941,  0.10764483, -0.02016429, -0.25097706,  0.09413660,  0.03558551,  0.10456080, -0.24915384,  0.32695224, -0.11003964, -0.18817749, -0.04568086,  0.35400842, -0.24212589,  0.05510685,  0.05270381,  0.00004649, -0.14041534,  0.05323892,  0.03198220,  0.06985750, -0.04808719, -0.03809433,  0.05033829, -0.05016539, -0.11777519,  0.23245573, -0.09871343,  0.08959854, -0.16816667,  0.04326348,  0.07949117,  0.06046460, -0.11931106,  0.09724121, -0.20545322,  0.10137022,  0.12565922, -0.08760183, -0.09095960,  0.19585255, -0.20157702,  0.14887461,  0.01896974, -0.17796298,  0.09425363
  0.13575211, -0.20501864,  0.09300653, -0.15009304,  0.11858935,  0.11970982,  0.10651643, -0.16562339, -0.10169434, -0.11602990,  0.21765850, -0.03486194, -0.12150430,  0.32054852, -0.18140226, -0.23220835, -0.01767514,  0.39399856, -0.22961196,  0.17273594, -0.01021263, -0.13366892, -0.05371099, -0.10126310,  0.19966976,  0.00350023,  0.04493338, -0.11561272,  0.00916748, -0.05370920,  0.09762134,  0.08573600,  0.04397654,  0.00663658, -0.10273917,  0.06671152,  0.09812801, -0.03731884, -0.02313452, -0.01584544, -0.13949074,  0.08436204,  0.07322243, -0.14920401,  0.12268660,  0.14931882, -0.27063926,  0.12914324, -0.09073474, -0.04032205
 -0.00621837, -0.01184156,  0.09805558, -0.17149374,  0.11271596, -0.04698188, -0.03157676, -0.00098349,  0.16020920, -0.12145530,  0.05488552, -0.00841797,  0.00671226, -0.06684379, -0.03382721,  0.20686162, -0.15627908,  0.05841402, -0.17321600,  0.22342837, -0.25020246,  0.21152629,  0.02677753, -0.16357713,  0.29268436, -0.38672626,  0.20612114,  0.09505055, -0.24466379,  0.19004010, -0.05486341, -0.16346347,  0.15544993, -0.11783364,  0.02535569,  0.15949713, -0.20098469,  0.12899371, -0.02413577, -0.05408214,  0.10991016, -0.01300242, -0.07069703,  0.10359251, -0.13232640,  0.02699993,  0.11523823, -0.08006204,  0.06853699, -0.05128605
 -0.01445731,  0.10995538, -0.14705418, -0.03562257,  0.15437371, -0.07724323,  0.05584860,  0.07505042, -0.22124566,  0.04682459,  0.10435599, -0.14500940,  0.15017649,  0.03608422, -0.10960283, -0.08242748,  0.10093639, -0.04136903,  0.08584142,  0.03132441, -0.10754389,  0.12569034, -0.28101418,  0.26914375, -0.11877857, -0.05991470,  0.33130395, -0.37398082,  0.07580139,  0.18494950, -0.27225214,  0.23417996,  0.04589166, -0.20989683,  0.17039397, -0.09735797, -0.03345448,  0.21583416, -0.14987440, -0.04372606,  0.03255735, -0.01895038,  0.03621804, -0.01343221,  0.01542558,  0.01768565, -0.05770223,  0.03489674, -0.02151078, -0.00732408
 -0.15606997,  0.15153675,  0.09660575,  0.00871840, -0.06453124, -0.05952729, -0.17525534,  0.30934549, -0.02897660, -0.10992349,  0.01253658, -0.16628813, -0.03517027,  0.26444980,  0.13918374, -0.27443733,  0.13615798, -0.10005007,  0.00495964,  0.04638957,  0.13494250, -0.05475383, -0.13246861,  0.03969600,  0.01016878, -0.10740604,  0.03551339,  0.18499554, -0.18787038,  0.16868592, -0.09126777, -0.01325657,  0.12516249,  0.06841417, -0.16607905,  0.01775415, -0.24639205, -0.05922252,  0.38832093, -0.08912019, -0.07384125, -0.17053122,  0.10529643, -0.01567233,  0.15254324, -0.09180448, -0.14702261,  0.02889488, -0.01510154,  0.20171359
  0.01953048, -0.05034276,  0.06272138, -0.07570814,  0.08822879, -0.09073475,  0.09519052, -0.10029283,  0.09217719, -0.05736896,  0.02881851, -0.00949614, -0.00896297,  0.04356097, -0.10013517,  0.13647223, -0.14649843,  0.14879350, -0.16689194,  0.19188372, -0.21403160,  0.22660269, -0.24118313,  0.27872037, -0.30856213,  0.31465395, -0.29084809,  0.24435871, -0.19333571,  0.13203890, -0.07750510,  0.03406351, -0.01648364, -0.01599460,  0.07260910, -0.10853060,  0.13780893, -0.14238968,  0.13942177, -0.13650183,  0.12845885, -0.10225571,  0.08159355, -0.08888574,  0.10578893, -0.09794338,  0.07548785, -0.05045215,  0.03462927, -0.02227478
 -0.04696360,  0.00651426,  0.10589550, -0.03949085, -0.00398774, -0.08386399, -0.03407473,  0.13850592, -0.03263081,  0.11823952, -0.25061485,  0.13183148, -0.12902274,  0.21338392, -0.14778479,  0.14341190, -0.07564046, -0.03494232, -0.07436141,  0.13238245, -0.02508936,  0.05409867, -0.14095382,  0.17756579, -0.10309804, -0.09319329,  0.13066154, -0.09549669,  0.22699948, -0.36098335,  0.34093746, -0.29904532,  0.24295073, -0.19570678,  0.20980064, -0.16821534, -0.04522328, -0.04532072,  0.17872734,  0.02251946, -0.12025227,  0.01220104, -0.04079991,  0.09265752, -0.02086308, -0.00488391, -0.06236874,  0.03462083,  0.00449568,  0.05645970
  0.05118955, -0.14637461,  0.15137108, -0.09799453,  0.10096447, -0.08666750, -0.00239576,  0.02517152,  0.01482708,  0.08261534, -0.11612323, -0.00928409, -0.01028908,  0.11266280, -0.09542101,  0.04579414, -0.00718380, -0.02721662, -0.03212924,  0.04176338,  0.02471600,  0.02581960, -0.08775580,  0.06273243, -0.00180638, -0.05067173,  0.05564908, -0.08093553,  0.13803939, -0.12017181, -0.00797215,  0.10331493, -0.18007108,  0.22491614, -0.17800615,  0.20612274, -0.22815047,  0.13148806, -0.10974696,  0.21204951, -0.14100954, -0.00143940,  0.02168324, -0.15140385,  0.36918799, -0.37226478,  0.28281864, -0.27216514,  0.21213115, -0.08237303
  0.02677059, -0.05215429, -0.05141493,  0.13883931,  0.02428775, -0.19037119,  0.12904426, -0.11493460,  0.21018933, -0.08756738,  0.03436595, -0.25291054,  0.18952787,  0.07115220, -0.06873127, -0.03435930,  0.06024510, -0.00731265, -0.13471863,  0.06008334,  0.19523081, -0.12656256, -0.08502307,  0.08046853,  0.01466665,  0.00171376, -0.16203266,  0.18683179, -0.00968034, -0.03961477, -0.12625714,  0.15581580,  0.01195698, -0.14914680,  0.17983709,  0.00919558, -0.14087629, -0.03693408,  0.02361902,  0.30911440, -0.31717216,  0.13180759, -0.26513037,  0.32810464, -0.13202691,  0.09041376, -0.09237347, -0.09606572,  0.17762166, -0.06753271
 -0.02372039,  0.12408611, -0.19037430, -0.03080899,  0.25008589, -0.09842441, -0.09093189, -0.00110987, -0.03287953,  0.16275399,  0.06801675, -0.08184448, -0.19594724,  0.13042027,  0.07687946, -0.09458397,  0.00744841,  0.13929413, -0.07715729, -0.24049782,  0.14803261,  0.17515247, -0.10669431, -0.07246035,  0.06702581,  0.14822174, -0.19879310, -0.09042628,  0.18293290,  0.03379642, -0.09088147, -0.20447532,  0.31582306, -0.16507871, -0.15572715,  0.28354381,  0.03292529, -0.18274063, -0.13386395,  0.12778910,  0.24900883, -0.12113288, -0.16780477,  0.06975990,  0.01166747,  0.03174177,  0.09384781, -0.14894323,  0.00685168,  0.06020440
  0.08759633, -0.13321221, -0.09555054,  0.23988287, -0.13926704,  0.04915095, -0.05737070, -0.06913504,  0.10516733,  0.21158202, -0.17173857, -0.00721489, -0.02460215,  0.03716472, -0.10335912,  0.08990687,  0.10159856, -0.08618171, -0.16415047,  0.04987955,  0.07681783,  0.01199655,  0.02863540, -0.07367246,  0.21841108, -0.17575563, -0.09162886,  0.10341012,  0.04534556, -0.04585433, -0.17054957,  0.13529026, -0.04160060, -0.21870448,  0.30584513,  0.01890209, -0.05691653, -0.09124591, -0.04551342,  0.15457748,  0.20211962, -0.38148650,  0.28034010, -0.25149439,  0.17563501,  0.03438005, -0.09860652,  0.09595438, -0.05381236, -0.01093603
  0.05532136, -0.11235203,  0.03800997,  0.02240640, -0.04738035,  0.13081954, -0.22141253,  0.14531825, -0.05423627,  0.17186208, -0.03583888, -0.20048732,  0.15783581, -0.05976399,  0.00901819,  0.04240827, -0.04094355,  0.05752997, -0.17792476,  0.11891683, -0.05225449,  0.11012649, -0.03469595, -0.03722844,  0.09449341, -0.11223954,  0.10484399, -0.18358385,  0.19814420, -0.07426126, -0.12922978,  0.15710394, -0.23534498,  0.21139921, -0.05312853, -0.03051737,  0.21115445, -0.37767829,  0.30130196, -0.14626130,  0.17533946, -0.00882841, -0.26496411,  0.20338872, -0.01986078,  0.04144135, -0.02710348, -0.06839074,  0.10647057, -0.05872491
 -0.05987690,  0.12366151, -0.09066321,  0.05541252, -0.09098552,  0.14994474, -0.17043799,  0.07895666,  0.05129507, -0.15615764,  0.16717688,  0.01156152, -0.17379525,  0.11388888, -0.04560534,  0.12135513, -0.14326305,  0.08543958,  0.02005045, -0.12195236,  0.08415934, -0.01836826,  0.05096575, -0.07449360,  0.09026077, -0.12083877,  0.10031890, -0.02567890, -0.08567690,  0.16139329, -0.12247171,  0.02294097,  0.05841542, -0.14340010,  0.19979333, -0.29728083,  0.31572697, -0.21816412, -0.00149529,  0.17023451, -0.23677730,  0.22720690, -0.05425403, -0.13793325,  0.18290205, -0.23105095,  0.26628620, -0.13809574, -0.05093062,  0.10029191
  0.00276608, -0.00448294, -0.07197383,  0.15251171, -0.07098536, -0.12453024,  0.15512794, -0.00740460, -0.23566059,  0.21621782,  0.23405324, -0.17852204, -0.21716249,  0.09077353,  0.06335292,  0.05310809,  0.00846446, -0.00550113, -0.14298955,  0.01937792,  0.06821634, -0.12685183,  0.22350615,  0.02560267, -0.14542796, -0.02187662,  0.06592787,  0.01961025, -0.08278922,  0.00639037,  0.09403679, -0.06292317, -0.13617265, -0.03421541,  0.19828676,  0.04186577, -0.20573559,  0.03617077,  0.13566128, -0.22524226,  0.12248015,  0.19828666, -0.04640760, -0.27133309, -0.02010838,  0.26268696,  0.11483945, -0.35752947,  0.14752946,  0.03898182
 -0.07603503,  0.10428274,  0.02343102,  0.00619012, -0.16445954,  0.12427537,  0.06884773, -0.17173957,  0.09340449,  0.15920003, -0.19104302, -0.19479099,  0.11271456,  0.22585676, -0.05005494, -0.04564767, -0.08194966, -0.02582558,  0.07854124,  0.06116668, -0.03440853, -0.00328031,  0.12817663, -0.24643385, -0.03316173,  0.15341931,  0.02592051, -0.06418946, -0.07164797,  0.16886236, -0.01308336, -0.19648493,  0.16226173,  0.11127336,  0.01533796, -0.30528488,  0.04541499,  0.22138596, -0.13473373, -0.03905230,  0.15524941, -0.04824909, -0.23747040,  0.04101761,  0.30102849, -0.04600565, -0.24836277, -0.04690338,  0.27985156, -0.09683284
 -0.00035441, -0.11743321,  0.20215608, -0.14082357,  0.02851531,  0.02102696, -0.08865236, -0.10581377,  0.22342574,  0.09887404,  0.08455525, -0.16776231, -0.16991447, -0.02654455,  0.23285761,  0.04149284,  0.03367128, -0.20515423, -0.01946256, -0.04177312, -0.04521625,  0.28919251, -0.07011472,  0.10549379, -0.12178698, -0.05801859,  0.04040964, -0.01776078, -0.02042850,  0.01930901, -0.02341383, -0.10541093, -0.17264502,  0.16918462,  0.07050943, -0.03541821, -0.07113834, -0.02298084, -0.14039418,  0.27388528, -0.01835484,  0.15857586, -0.21797810, -0.16561709,  0.12245830,  0.23420445, -0.18624687,  0.13681496, -0.28457177,  0.27458526
