  0.19397619,  0.20685127,  0.21860457,  0.22894498,  0.23774312,  0.24447969,  0.24858997,  0.25017196,  0.24937007,  0.24638797,  0.24136257,  0.23468471,  0.22647177,  0.21688921,  0.20609662,  0.19415353,  0.18116117,  0.16724292,  0.15269879,  0.13759601,  0.12222117,  0.10686800,  0.09164114,  0.07706522,  0.06315718,  0.05025843,  0.03867739,  0.02839597,  0.01933006,  0.01142272,  0.00456063, -0.00126632, -0.00616360, -0.01029202, -0.01372469, -0.01662804, -0.01896401, -0.02078485, -0.02230125, -0.02377697, -0.02529769, -0.02667271, -0.02798387, -0.02903531, -0.02991997, -0.03057464, -0.03083808, -0.03058265, -0.02995866, -0.02909925
 -0.34249719, -0.31331906, -0.27895524, -0.24017053, -0.19733246, -0.15276554, -0.10938146, -0.06778105, -0.02830075,  0.00895959,  0.04353690,  0.07610931,  0.10625410,  0.13368459,  0.15820320,  0.17898043,  0.19529347,  0.20680134,  0.21384261,  0.21580634,  0.21309339,  0.20622943,  0.19502933,  0.18146142,  0.16568871,  0.14919563,  0.13360650,  0.11925428,  0.10617654,  0.09447756,  0.08412617,  0.07540109,  0.06815144,  0.06215463,  0.05745044,  0.05353668,  0.05067732,  0.04874963,  0.04697688,  0.04421937,  0.04003863,  0.03512811,  0.02921812,  0.02306430,  0.01633962,  0.00933745,  0.00277917, -0.00260197, -0.00707892, -0.01091529
 -0.32168384, -0.24907414, -0.17750413, -0.10893116, -0.04807697,  0.00770536,  0.06399701,  0.11772101,  0.16495608,  0.20126891,  0.22468472,  0.22953170,  0.21549293,  0.18300129,  0.13323218,  0.07134095,  0.00348723, -0.06488162, -0.13068421, -0.18672310, -0.22986661, -0.25775610, -0.26533373, -0.25706188, -0.23141619, -0.19336536, -0.15004427, -0.10441713, -0.05861371, -0.01524590,  0.02355581,  0.05453348,  0.07646742,  0.08908579,  0.09156466,  0.08572946,  0.07063820,  0.04715785,  0.01925576, -0.00695508, -0.02782562, -0.04444697, -0.05435300, -0.05932988, -0.05702310, -0.04782504, -0.03448051, -0.02046379, -0.00571442,  0.00966172
 -0.20023972, -0.12066527, -0.04039292,  0.03742313,  0.11107506,  0.17129979,  0.20536263,  0.21121013,  0.18894164,  0.14205717,  0.07572215,  0.00097191, -0.07404090, -0.14052439, -0.19128770, -0.22168097, -0.22924319, -0.21541463, -0.18038376, -0.12988950, -0.06843763, -0.00064801,  0.06554203,  0.12854788,  0.17994878,  0.21842539,  0.24468636,  0.25706223,  0.25442240,  0.23745477,  0.20679718,  0.16664930,  0.12095361,  0.07265649,  0.02670322, -0.01353079, -0.04231900, -0.05621606, -0.05637376, -0.04717046, -0.03263603, -0.01273318,  0.00779484,  0.02961731,  0.04891400,  0.06423924,  0.07644205,  0.08674187,  0.09201932,  0.08958640
  0.53585413,  0.24244300, -0.03378155, -0.24383676, -0.32656077, -0.29331197, -0.20831393, -0.09469024,  0.02198060,  0.12004794,  0.16848574,  0.17934759,  0.14993386,  0.09313519,  0.03262276, -0.02439197, -0.07256523, -0.10572192, -0.10424551, -0.08529757, -0.04880328,  0.00010182,  0.02563979,  0.04865767,  0.04192783,  0.02273403,  0.02513941,  0.05102559,  0.08971668,  0.13185242,  0.16316095,  0.18269485,  0.18365623,  0.15514387,  0.10085475,  0.02079266, -0.05193024, -0.08995158, -0.09217940, -0.08236043, -0.07569884, -0.05686460, -0.04142705, -0.01871830, -0.01059680, -0.02030617, -0.03035528, -0.01745434,  0.01152829,  0.04320573
  0.00380357, -0.14538257, -0.20269020, -0.17578103, -0.09833701, -0.01090461,  0.06571446,  0.11047075,  0.11843245,  0.09401897,  0.04735669, -0.00788938, -0.05711653, -0.09050900, -0.09788882, -0.08519051, -0.06262686, -0.02559382,  0.01605637,  0.05199321,  0.07646985,  0.07977982,  0.05989162,  0.02510524, -0.00393469, -0.01783667, -0.01686850, -0.01207713, -0.01534206, -0.03580343, -0.06928800, -0.11502417, -0.17063422, -0.21995517, -0.25102759, -0.25697259, -0.24122466, -0.21809421, -0.19962338, -0.19125469, -0.18691290, -0.18736076, -0.18533769, -0.18770236, -0.19299056, -0.19698225, -0.20000432, -0.20696254, -0.21579318, -0.22138278
 -0.24304349,  0.05643473,  0.20155029,  0.18686595,  0.10543271,  0.01179913, -0.09260602, -0.17630334, -0.20597453, -0.16288350, -0.08118246,  0.03478641,  0.13350698,  0.17182953,  0.15431287,  0.07765810, -0.04987565, -0.17516860, -0.23008527, -0.21266510, -0.11819587,  0.03000246,  0.14079299,  0.22106637,  0.22421248,  0.14994372,  0.05470277, -0.02695163, -0.07456811, -0.08383072, -0.05610680,  0.00367788,  0.06646637,  0.12223974,  0.16289550,  0.14742626,  0.08054410, -0.00471710, -0.07416009, -0.12888731, -0.17150979, -0.17785338, -0.15940851, -0.10907343, -0.06647414, -0.06684806, -0.11629707, -0.17602552, -0.22003758, -0.23193898
 -0.17929954,  0.01183906,  0.12676736,  0.14819172,  0.05994465, -0.07209093, -0.13901340, -0.11551196, -0.02295085,  0.09013263,  0.19025269,  0.21549928,  0.15317133,  0.01559130, -0.15805347, -0.28329376, -0.29767820, -0.19172418, -0.01772786,  0.16991516,  0.28574117,  0.27722044,  0.17532390, -0.00228412, -0.15539457, -0.23072340, -0.22903121, -0.15543001, -0.03732956,  0.07225516,  0.13065118,  0.11331457,  0.03689829, -0.04181091, -0.07568323, -0.04012256,  0.02177388,  0.06255628,  0.07153614,  0.07675311,  0.09533494,  0.10456932,  0.10984358,  0.09640241,  0.07979600,  0.05580596,  0.00725963, -0.07248531, -0.14759329, -0.17285676
  0.01455262, -0.12982954, -0.12780683, -0.02104799,  0.05723687,  0.04623946, -0.01098253, -0.06045854, -0.07713156, -0.06052307,  0.01469531,  0.10415958,  0.18589907,  0.23119190,  0.17865581,  0.05443952, -0.06137787, -0.13762387, -0.17098817, -0.13257616, -0.05445745,  0.02037747,  0.11483575,  0.14868386,  0.12312205,  0.06074011, -0.04195127, -0.14479716, -0.19852109, -0.17590990, -0.10710874, -0.04712213, -0.02884643, -0.08542426, -0.20150821, -0.28781708, -0.29894959, -0.24238728, -0.15586236, -0.04894603,  0.06292085,  0.13692182,  0.16129123,  0.13713290,  0.11731691,  0.14444220,  0.21439781,  0.25939737,  0.22220022,  0.09173095
 -0.01314590,  0.02756078,  0.03592734, -0.00603314, -0.04203654, -0.04987538, -0.04917469, -0.05086388, -0.04264235, -0.00965093,  0.02140320,  0.05416888,  0.06992709,  0.06329898,  0.06934501,  0.07452739,  0.04508040,  0.00171426, -0.02233975, -0.03596574, -0.03457804, -0.03393824, -0.08342059, -0.12370947, -0.11909920, -0.04906492,  0.08620663,  0.21472577,  0.25186959,  0.15909004, -0.01646725, -0.18434376, -0.27386503, -0.23790280, -0.09842557,  0.04066588,  0.09666191,  0.04251878, -0.08164375, -0.21005049, -0.25838883, -0.16565034,  0.04291415,  0.27696504,  0.40565606,  0.35665604,  0.16131946, -0.05569076, -0.16873001, -0.12391622
  0.04192940, -0.03559260, -0.02458483,  0.02364951,  0.06169964,  0.06837061,  0.04214749, -0.01169747, -0.07632823, -0.11832248, -0.12131507, -0.08443656, -0.02338018,  0.03091880,  0.06686629,  0.08586624,  0.07735570,  0.03971626, -0.00056868, -0.01573859,  0.01206458,  0.06812140,  0.09280604,  0.04174311, -0.07044920, -0.17872626, -0.20607399, -0.11867089,  0.04648426,  0.20380862,  0.27253975,  0.22533710,  0.08985976, -0.06528348, -0.15121983, -0.12150052, -0.00497273,  0.11038694,  0.13703089,  0.03725489, -0.14975530, -0.32554836, -0.38717466, -0.28508412, -0.06179781,  0.17136248,  0.29755520,  0.26088910,  0.10540138, -0.04913233
 -0.08156639,  0.13386493,  0.13593156, -0.04159014, -0.17182902, -0.14259941, -0.03988516,  0.07938150,  0.12081971,  0.07777508,  0.02334645,  0.02318243,  0.03492293,  0.02108124, -0.04367425, -0.06306638,  0.03123319,  0.10348296,  0.06524042, -0.09934758, -0.26436692, -0.27131450, -0.08002466,  0.18235266,  0.25027966,  0.13172640, -0.02127378, -0.06689188,  0.00664283,  0.09647015,  0.06394462, -0.04734344, -0.12114814, -0.13445662, -0.11917796, -0.12376041, -0.10107742,  0.02569709,  0.21772708,  0.34314527,  0.29329011,  0.13124372, -0.05792042, -0.08117922,  0.03088337,  0.12774806,  0.11114133, -0.01032996, -0.20435398, -0.36828527
  0.25082099, -0.06576196, -0.27307261, -0.14646763,  0.09246104,  0.21046297,  0.19273068,  0.08012711, -0.04841028, -0.12516474, -0.09634831, -0.06948699, -0.02920551,  0.04858634,  0.10498263,  0.12070475,  0.07677451, -0.05709004, -0.22644509, -0.23952049, -0.08125671,  0.10514210,  0.23277580,  0.10304237, -0.09980762, -0.15677382, -0.07076805,  0.05409348,  0.10100833,  0.07143781,  0.04035140,  0.04699263,  0.08211622,  0.03618628, -0.09817024, -0.12339259,  0.02750854,  0.21423345,  0.25496374,  0.16392466,  0.08237447,  0.07924233,  0.17193099,  0.19748154,  0.09057990, -0.08335839, -0.20220244, -0.24531809, -0.20217160, -0.08583016
 -0.03391018,  0.05215020, -0.03662745, -0.07697248,  0.03036932,  0.12985739,  0.05847637, -0.12941266, -0.22990316, -0.11265297,  0.16224760,  0.31655088,  0.18780102, -0.08321511, -0.25431154, -0.18341278,  0.03807653,  0.16174642,  0.06960014, -0.07843604, -0.10184412,  0.01560478,  0.14251177,  0.08934156, -0.08368629, -0.14151036,  0.00294042,  0.19498628,  0.19712671, -0.03733887, -0.28268713, -0.28847731, -0.04988372,  0.17955164,  0.15106209, -0.06409379, -0.18534182, -0.06383869,  0.14229414,  0.19689278,  0.04089229, -0.16158619, -0.20631187, -0.09215631,  0.02625664,  0.04052095, -0.00379450,  0.00647781,  0.09424970,  0.15220070
 -0.03599633,  0.06070688,  0.01412994, -0.11397305, -0.12110157,  0.04925341,  0.25373295,  0.24459049,  0.00368234, -0.26117011, -0.29003006, -0.07558660,  0.14704083,  0.16851972,  0.02575725, -0.11209880, -0.11147484,  0.03887749,  0.13683485,  0.08285774, -0.02847389, -0.04984970,  0.05451087,  0.12180883,  0.03078125, -0.17853437, -0.28750599, -0.15354552,  0.11180606,  0.23404171,  0.12716208, -0.07037508, -0.13208757,  0.04860130,  0.25276713,  0.22156494, -0.03856885, -0.27209558, -0.26769928, -0.07278631,  0.10684819,  0.10796661,  0.03582877, -0.00421352,  0.02463192,  0.04915228, -0.00285495, -0.08416094, -0.06160788,  0.08706698
  0.12250954, -0.09153021, -0.01151506,  0.05204995,  0.04057885,  0.02423648, -0.03381075, -0.10717700, -0.14774524, -0.10682776, -0.04905043,  0.07626560,  0.20331729,  0.22882185,  0.15327110, -0.01993474, -0.19323583, -0.22575619, -0.07100665,  0.06652715,  0.07449101, -0.00813197, -0.14384077, -0.10713720,  0.02358664,  0.10388189,  0.13493900,  0.15376443,  0.18361337,  0.19289352,  0.08170089, -0.13161754, -0.30523586, -0.31967034, -0.13448120,  0.06448764,  0.13445029,  0.09953353,  0.09394158,  0.13926773,  0.15341088,  0.10504713, -0.05284398, -0.20304727, -0.26144508, -0.20579303, -0.09307089,  0.02666830,  0.12108166,  0.17042714
  0.12678653, -0.04898953, -0.17329240, -0.06174792, -0.00193598, -0.06644287, -0.05747331,  0.10825386,  0.24702358,  0.16679582,  0.03877755, -0.07359452, -0.02983903,  0.09613215, -0.00714740, -0.21477587, -0.19302285, -0.02863304,  0.03137157,  0.02049937, -0.05488463, -0.05944223,  0.21557647,  0.31733047,  0.17106540, -0.02070279, -0.14849263, -0.14232432, -0.09651221, -0.10316837, -0.19072784, -0.26791694, -0.16633933, -0.01385800,  0.04069212,  0.14490552,  0.30733753,  0.34899367,  0.13770856, -0.10348615, -0.17635668, -0.11726903, -0.00190996,  0.01410826, -0.02366015,  0.00454177,  0.10074729,  0.10800373,  0.06966901,  0.11878698
  0.04132471, -0.14823231,  0.12146087,  0.15086329, -0.14459908, -0.20962108, -0.01600775,  0.21365923,  0.15412129, -0.10137516, -0.21600759,  0.03559262,  0.24639108,  0.08182763, -0.20364571, -0.16597544,  0.14767967,  0.17683248, -0.06357073, -0.23249726, -0.09265732,  0.18873775,  0.17964217, -0.03210009, -0.18474635, -0.02700012,  0.20063213,  0.13219320, -0.13012488, -0.18671573, -0.05102160,  0.11616878,  0.10837570, -0.15298363, -0.19817536,  0.05062699,  0.19066709,  0.04139901, -0.11365602, -0.03655279,  0.10195371,  0.12112601, -0.09725020, -0.16350052,  0.00345544,  0.14149918,  0.03403158, -0.12560256, -0.03947446,  0.17724027
 -0.10093544,  0.14879201,  0.07398641, -0.19724695, -0.20611364,  0.02888109,  0.19866658,  0.13376397, -0.05077793, -0.12116138,  0.11951598,  0.21981726, -0.02220561, -0.20722419, -0.11629479,  0.11107791,  0.13918283, -0.08506553, -0.24728389, -0.04837851,  0.17591368,  0.10161126,  0.00425993, -0.02895029,  0.10416637,  0.20961570, -0.00391964, -0.28639689, -0.26051510, -0.02147862,  0.14004607,  0.03409801, -0.21237441, -0.20406372,  0.01501060,  0.13273009,  0.06593066,  0.03358850,  0.08118905,  0.11249330,  0.01354002, -0.18200249, -0.12913184,  0.11183506,  0.19065161,  0.01069951, -0.15181730, -0.06766736,  0.14701045,  0.19441150
  0.10443540, -0.18158291, -0.02957736,  0.21843222, -0.16254346, -0.07613577,  0.27918064, -0.10133223, -0.18518110,  0.21726003, -0.03225809, -0.07741616,  0.16134071, -0.12161504, -0.11939779,  0.14705680, -0.03529167, -0.06015005,  0.08746000, -0.05637805,  0.04297258,  0.02321064, -0.13485369,  0.13400579,  0.04129644, -0.09767794,  0.12731191, -0.10250829, -0.21714548,  0.25969664,  0.03448022, -0.31227818,  0.19039472,  0.14409726, -0.23682379,  0.13624481,  0.14977175, -0.24336124,  0.08628711,  0.17203160, -0.20906488, -0.01310788,  0.12793531, -0.04167424,  0.00881105,  0.05132827, -0.02525230,  0.00667878, -0.02195220, -0.01315619
  0.01257303, -0.11533719,  0.18621075, -0.03718197, -0.19031647,  0.22558453,  0.00000562, -0.24942673,  0.20617183,  0.04074410, -0.17830021,  0.14710798, -0.01136399, -0.16315559,  0.16922966,  0.00433008, -0.12316182,  0.13303153, -0.05280785, -0.04235239,  0.10235930, -0.14475372,  0.07432275,  0.11074341, -0.16096768,  0.07449725,  0.04957709, -0.21975096,  0.15175005,  0.14914794, -0.27660228,  0.06968016,  0.22958787, -0.25779188, -0.01598187,  0.21662329, -0.22151828, -0.00928119,  0.22877568, -0.18670608, -0.06026045,  0.16328731, -0.05221095, -0.04106357,  0.07149472, -0.06517081, -0.00012582,  0.01807345, -0.03920448,  0.06332628
 -0.04148618,  0.17138295, -0.20695263,  0.02523433,  0.13460100, -0.15467101,  0.07226047, -0.00065815,  0.02200157,  0.02653815, -0.07931003,  0.01844781,  0.10267627, -0.12332876,  0.03885553,  0.10761715, -0.27957753,  0.20120951,  0.13131171, -0.34265489,  0.12699618,  0.18403403, -0.17617457, -0.00187259,  0.16158167, -0.15464142, -0.02216435,  0.13495974, -0.04295049, -0.11940704,  0.08897432,  0.06557261, -0.13450888, -0.01641985,  0.05232801,  0.07962086, -0.08275899,  0.02650569,  0.16140352, -0.19455476, -0.02868216,  0.21709806, -0.09096133, -0.18481974,  0.26395573, -0.01992440, -0.26181952,  0.21267001,  0.09638531, -0.13307411
  0.09438947, -0.10964466, -0.07861013,  0.18770365, -0.08457997, -0.05852325,  0.10378036, -0.00597148, -0.00433191, -0.05480764, -0.00833212,  0.08292169, -0.06923454, -0.03230299,  0.12716095, -0.14221293,  0.01889972,  0.18055238, -0.28122072,  0.01633801,  0.31076416, -0.15340786, -0.14324366,  0.16326986, -0.08039324, -0.12891663,  0.19353785,  0.05863036, -0.13849827,  0.03203965,  0.09321151, -0.12460573, -0.05372893,  0.15308265,  0.09564521, -0.06464573,  0.00124908,  0.11109920, -0.16222675, -0.07363594,  0.28782734, -0.05688290, -0.25331812,  0.18869886,  0.08235558, -0.26150998,  0.17469837,  0.20276372, -0.23795056, -0.05537501
  0.08068361, -0.08548982, -0.04625668,  0.03376000,  0.05604406, -0.00536290, -0.11212727,  0.08378585,  0.11339434, -0.04961370, -0.14165955,  0.03376963,  0.14830831, -0.00328919, -0.16672906, -0.06834259,  0.21721422,  0.04963576, -0.20449931, -0.11905432,  0.17275923,  0.24184257, -0.15708537, -0.27341222,  0.10805544,  0.26410118, -0.08920913, -0.19911777,  0.04581809,  0.20015425, -0.01175877, -0.23846967, -0.07230653,  0.20263834,  0.22243912, -0.12549852, -0.17447414,  0.13650548,  0.15078455, -0.11541172, -0.15204850,  0.14616491,  0.13293444, -0.10697580, -0.15467962,  0.07519718,  0.18071990,  0.00007235, -0.10449765, -0.06423710
  0.00407855, -0.07239415,  0.06112596,  0.06155575, -0.03411949, -0.07178707,  0.00438551,  0.11589310, -0.04961213, -0.12626549,  0.03384532,  0.16005507, -0.01177562, -0.17179061, -0.02128188,  0.16533325,  0.07975453, -0.17445688, -0.08201456,  0.16109555,  0.13576165, -0.14994105, -0.23818090,  0.15433154,  0.28930504, -0.10795293, -0.28417426,  0.06121718,  0.21169773, -0.01458040, -0.19198418, -0.02844056,  0.21356411,  0.08916029, -0.19928237, -0.20861837,  0.13456430,  0.19966770, -0.12005325, -0.18564971,  0.08915478,  0.17903650, -0.10484295, -0.15385357,  0.09875574,  0.15868441, -0.09200750, -0.17560041,  0.04359641,  0.13003648
 -0.04170651,  0.01922673,  0.11866242, -0.06894290, -0.00477246, -0.06061762, -0.10811963,  0.15344786, -0.00373669,  0.00217195,  0.07931271,  0.03489265, -0.14596817, -0.02678097, -0.04163927,  0.01754402,  0.33148257, -0.10828273, -0.21883059, -0.04706972,  0.00716483,  0.03232416,  0.18812268,  0.10752038, -0.18796510, -0.12096771, -0.04214074,  0.06131495,  0.09490400,  0.17150341, -0.09345735, -0.17501366, -0.00541868, -0.05953550,  0.01282084,  0.13697069,  0.14510333, -0.10017785, -0.12081099, -0.01590215, -0.02243601,  0.21797029,  0.04280690, -0.08816854, -0.01675206, -0.12936343, -0.15260503,  0.33129144,  0.33035704, -0.41260202
  0.11264335, -0.31742171,  0.23416868, -0.02180178,  0.01646560,  0.05378444, -0.13093283,  0.21272252, -0.39676500,  0.25963504,  0.01068639, -0.03580045,  0.09788232, -0.23639234,  0.22671989, -0.20209347,  0.01455426,  0.16423187,  0.05874586, -0.05529417, -0.15976892,  0.06782047,  0.00981304, -0.03703582,  0.13166671,  0.04871717, -0.23707637,  0.11821068, -0.12117868,  0.06123013,  0.10381280, -0.00749788,  0.07031752, -0.23103908,  0.20339936, -0.09028941, -0.04004033,  0.09231366, -0.08390009,  0.04353627, -0.11255441,  0.06703052, -0.06119328,  0.10388020,  0.10530055, -0.15262192, -0.02599966, -0.03054895,  0.02475392,  0.04585678
 -0.15968317,  0.05456593,  0.18528848,  0.00369560,  0.05770435, -0.13358324,  0.07718949, -0.36461211,  0.09484085,  0.21326112, -0.12421205,  0.11234412, -0.17340379,  0.08400072, -0.03916337, -0.09036239,  0.25302341,  0.15570572, -0.01159132, -0.24981912, -0.06079338,  0.04613892, -0.03360842,  0.13059439,  0.16547205, -0.26339299, -0.06754834, -0.02563668,  0.03900003,  0.20581434,  0.10024999,  0.08493507, -0.21682467, -0.00540521, -0.06365125, -0.21336886,  0.06913179, -0.02912589, -0.01106299, -0.14607088, -0.01090457, -0.00941660,  0.11054541,  0.16332737, -0.19151919, -0.13033966, -0.04402845, -0.13272188,  0.12804539,  0.23955747
  0.06286176,  0.01237786, -0.08429980, -0.15650954,  0.26545143, -0.29124811,  0.29614907, -0.00793314, -0.06635738,  0.11676874, -0.31835815,  0.31816544, -0.14467241,  0.00814834,  0.17597795, -0.21996044,  0.09134668, -0.21422050,  0.03130459,  0.21556971, -0.04284354, -0.03141265,  0.09090810, -0.21285784,  0.06635699,  0.04149509,  0.09645959,  0.01716190, -0.12090445,  0.03127360, -0.21067143,  0.10962668,  0.03418621,  0.01895767,  0.08581705, -0.05094669,  0.14632142, -0.16559216,  0.16066733,  0.03006508, -0.05613315,  0.09616001, -0.15156976, -0.03518115,  0.10518091,  0.04609779,  0.06802086,  0.01274115, -0.08427235, -0.07579270
 -0.13803514,  0.22302474,  0.06509241, -0.31572564,  0.24088400, -0.03826028, -0.12419752,  0.05958959, -0.02194817,  0.18618910, -0.20325779, -0.10535615,  0.27512642, -0.20407000,  0.11610844,  0.05930903, -0.14003583,  0.22338351, -0.29509301,  0.04882595,  0.26647299, -0.27196544,  0.09843223,  0.05927174, -0.11603288, -0.03597685,  0.08765961,  0.04911689, -0.05378571,  0.04103251,  0.00346642, -0.04110032, -0.00184281,  0.04759027, -0.03306911, -0.14026390,  0.09765338, -0.00481210, -0.11696792,  0.15657440, -0.05321753, -0.08461819,  0.19264798, -0.16532718, -0.08212883,  0.13337029, -0.01493614, -0.05992100,  0.01094283,  0.07030999
  0.13661666, -0.28678345,  0.34156523, -0.34657272,  0.09917553,  0.02353148,  0.06028683,  0.05439573, -0.02343874, -0.03757497,  0.04566106, -0.04059488, -0.05131175,  0.17351250, -0.16502683,  0.11527555, -0.10515081, -0.15668358,  0.28449233, -0.33951263,  0.36656426, -0.10018401, -0.05059930,  0.00690533,  0.00034576, -0.02385898,  0.05881891,  0.07151998, -0.11117245,  0.00280519, -0.12368731,  0.03366303,  0.02598932, -0.00778751,  0.14511077, -0.05842312,  0.07342959, -0.00653822,  0.06442927, -0.08496434,  0.18122439, -0.13919441, -0.00628010,  0.06597229, -0.09527549,  0.11506255,  0.05936159, -0.01815121,  0.03933749, -0.15253388
  0.15098756, -0.17962778, -0.16905780,  0.12628099,  0.24043561,  0.10939497, -0.32600389, -0.04734024,  0.22540419, -0.20268183, -0.05346777,  0.21422013, -0.03952233, -0.13217716,  0.12755992, -0.17495291,  0.08409312, -0.00396153,  0.14830786,  0.00352155, -0.02192388, -0.11336135, -0.11907894,  0.17393569, -0.06087635, -0.01206552,  0.14849941, -0.10064654, -0.16922255,  0.09762398,  0.23932269, -0.07514390, -0.00808419, -0.00182796,  0.08949035, -0.00017289,  0.02044864, -0.11133397, -0.01328416,  0.03369396,  0.03442540, -0.09937439,  0.00688384, -0.04649820,  0.10527803,  0.19016657, -0.16626747, -0.30316421,  0.27620187, -0.11411558
  0.03465729, -0.17330430,  0.02724758,  0.19003301,  0.30325148, -0.39632398, -0.15002470,  0.12130822,  0.01788147, -0.07075272,  0.05745646,  0.01761443, -0.01194086, -0.00875966, -0.19876940,  0.31218897, -0.08087178,  0.05349187,  0.05371534, -0.01489640, -0.07441011, -0.25238523,  0.31127291, -0.07976919, -0.05646743,  0.11268090, -0.04004438, -0.17749667,  0.07417934,  0.23930662,  0.00438229, -0.00953458, -0.06064539,  0.01836819, -0.01108149, -0.03539575, -0.12572152, -0.04375744,  0.02737519, -0.02299074,  0.04190865, -0.06017297, -0.07089379,  0.09790972,  0.11657266, -0.13541963, -0.20801311,  0.12089877, -0.13782561,  0.22240418
  0.01571002,  0.08337653, -0.18131783, -0.02963391,  0.03784193,  0.32469905, -0.26875900,  0.04473089, -0.16397571,  0.27506858, -0.25253953,  0.19434255, -0.09498641,  0.19062326, -0.35267624,  0.15393175,  0.04205313, -0.03198116,  0.00664188,  0.05033429,  0.01759859, -0.08910847, -0.05387864,  0.11656235, -0.02931605,  0.03209103, -0.07733652,  0.16637875, -0.27858372,  0.13681401, -0.02663470,  0.13114547, -0.09918791,  0.02039953, -0.08183325,  0.19412313, -0.08970585,  0.07057114, -0.09684311, -0.00765131, -0.03794256,  0.19691312, -0.20094245,  0.09685275, -0.06093815,  0.10181976, -0.02923968,  0.02665579, -0.12458356,  0.04781912
  0.01182982,  0.03972515, -0.05751578, -0.17718079,  0.21556091,  0.10161338, -0.01995624, -0.25330383,  0.09699561,  0.03422481,  0.10697355, -0.24972735,  0.32763443, -0.11429619, -0.18803359, -0.04116017,  0.35226870, -0.23933547,  0.05367365,  0.05280524, -0.00318181, -0.14100635,  0.05745952,  0.03016755,  0.07113944, -0.04930353, -0.03829660,  0.04666083, -0.04639715, -0.11624269,  0.23351957, -0.09901231,  0.08809895, -0.16869151,  0.04472294,  0.07881256,  0.06056586, -0.12010620,  0.09557917, -0.20485958,  0.10388178,  0.12390742, -0.08647838, -0.09036481,  0.19604149, -0.20248656,  0.14812235,  0.01871854, -0.17771573,  0.09683508
  0.13577458, -0.20504009,  0.09301069, -0.15009690,  0.11861064,  0.11969261,  0.10654121, -0.16562697, -0.10166590, -0.11604974,  0.21765924, -0.03484766, -0.12151242,  0.32052000, -0.18139249, -0.23216364, -0.01773804,  0.39402364, -0.22962976,  0.17276012, -0.01023699, -0.13364233, -0.05369053, -0.10130665,  0.19969016,  0.00346677,  0.04494994, -0.11562344,  0.00916504, -0.05369874,  0.09761563,  0.08573900,  0.04398654,  0.00664885, -0.10270850,  0.06674207,  0.09814618, -0.03728001, -0.02313827, -0.01581557, -0.13945099,  0.08436422,  0.07323739, -0.14917819,  0.12267692,  0.14936051, -0.27060506,  0.12914357, -0.09071372, -0.04031298
 -0.00335722, -0.01435342,  0.09721912, -0.17022825,  0.11380487, -0.04746256, -0.02855613, -0.00247717,  0.16194717, -0.12174816,  0.05411638, -0.00646816,  0.00597918, -0.06985274, -0.03292392,  0.20999577, -0.16105408,  0.06025967, -0.17330661,  0.22345909, -0.25006413,  0.21175704,  0.02941925, -0.16683714,  0.29191159, -0.38580907,  0.20473648,  0.09347069, -0.24229976,  0.18831264, -0.05394528, -0.16167555,  0.15444096, -0.11516270,  0.02841719,  0.16153436, -0.19614798,  0.13132409, -0.02467543, -0.05032873,  0.11328904, -0.01191551, -0.06875415,  0.10513201, -0.13197666,  0.03116549,  0.11833027, -0.07918802,  0.06978518, -0.04998235
 -0.01508843,  0.11061207, -0.14642082, -0.03657034,  0.15424424, -0.07720179,  0.05527316,  0.07586192, -0.22096753,  0.04609557,  0.10452513, -0.14540814,  0.15016747,  0.03683605, -0.10950075, -0.08274433,  0.10105521, -0.04168123,  0.08542927,  0.03215298, -0.10798863,  0.12626238, -0.28148916,  0.26889200, -0.11774299, -0.06136338,  0.33223812, -0.37292972,  0.07418310,  0.18584086, -0.27254123,  0.23312706,  0.04700873, -0.21039553,  0.16976778, -0.09708426, -0.03500480,  0.21601109, -0.14909258, -0.04449795,  0.03219083, -0.01922697,  0.03581996, -0.01322688,  0.01515836,  0.01715722, -0.05778874,  0.03459435, -0.02137292, -0.00757006
 -0.16181627,  0.15366862,  0.10149261,  0.00354587, -0.06756987, -0.05974002, -0.17959031,  0.30606317, -0.02923793, -0.10912317,  0.01177422, -0.16325684, -0.03559851,  0.26723031,  0.13354493, -0.27163347,  0.14065469, -0.10012882,  0.00282417,  0.04675750,  0.12928229, -0.05379914, -0.13333451,  0.04445269,  0.01519231, -0.10933530,  0.03893494,  0.18763361, -0.18957389,  0.16544647, -0.08552503, -0.02725370,  0.12835782,  0.05850516, -0.17253793,  0.00893443, -0.25753636, -0.06584904,  0.37985650, -0.09680959, -0.08649942, -0.16870629,  0.09290212, -0.01619547,  0.14329947, -0.10345532, -0.15252454,  0.02287156, -0.01584366,  0.19012548
  0.01944757, -0.04978571,  0.06264920, -0.07577593,  0.08810448, -0.09057891,  0.09533153, -0.09928296,  0.09208591, -0.05810844,  0.02891732, -0.00988189, -0.00895152,  0.04408986, -0.09944629,  0.13551848, -0.14670398,  0.14847727, -0.16639971,  0.19204240, -0.21341870,  0.22637296, -0.24136989,  0.27826557, -0.30890703,  0.31458821, -0.29070081,  0.24476296, -0.19415921,  0.13273284, -0.07787170,  0.03452514, -0.01591397, -0.01519490,  0.07255217, -0.10810150,  0.13809533, -0.14161663,  0.14088167, -0.13644064,  0.12885656, -0.10235782,  0.08247412, -0.08868788,  0.10657371, -0.09741885,  0.07566468, -0.04990817,  0.03473046, -0.02134274
 -0.04579589,  0.00496348,  0.10522183, -0.04086784, -0.00335495, -0.08318706, -0.03155561,  0.13267367, -0.03204601,  0.11886343, -0.24997837,  0.13446395, -0.12790230,  0.20963114, -0.15064125,  0.14746022, -0.07706675, -0.03298341, -0.07424802,  0.13144130, -0.02821800,  0.05480433, -0.13915734,  0.17787710, -0.10298933, -0.09052911,  0.13005807, -0.09725701,  0.22841291, -0.36274134,  0.34244783, -0.30067104,  0.24124623, -0.19780339,  0.21009389, -0.17031317, -0.04329957, -0.04519690,  0.17071789,  0.02232224, -0.12213317,  0.01571608, -0.04511338,  0.09305499, -0.02482150, -0.00628731, -0.06085012,  0.03257662,  0.00505612,  0.05078739
  0.05101841, -0.14517962,  0.15224174, -0.10028220,  0.10051712, -0.08515176, -0.00052582,  0.02563935,  0.01374736,  0.07993621, -0.11588093, -0.00692919, -0.01018153,  0.11192541, -0.09516541,  0.04577337, -0.00931870, -0.02726584, -0.02899855,  0.04217241,  0.02311677,  0.02518396, -0.08671390,  0.06201523, -0.00408328, -0.04938423,  0.05761269, -0.08166758,  0.13591642, -0.11934129, -0.00582037,  0.10259900, -0.17964817,  0.22755476, -0.17893882,  0.20469327, -0.22595218,  0.13557551, -0.10966811,  0.21015017, -0.14166361,  0.00138819,  0.02312933, -0.15176166,  0.36984019, -0.37287122,  0.28474408, -0.27119080,  0.21228788, -0.08241464
  0.02645538, -0.05180208, -0.04872677,  0.13536515,  0.02367657, -0.18962259,  0.13263348, -0.11615865,  0.20992243, -0.09250606,  0.03527051, -0.25054983,  0.19188193,  0.06954006, -0.06971063, -0.03371472,  0.05791579, -0.00734639, -0.13066388,  0.06129928,  0.19265739, -0.12884864, -0.08363906,  0.08107906,  0.01138546,  0.00367670, -0.15925828,  0.18651717, -0.01279202, -0.03900901, -0.12336266,  0.15611627,  0.00975718, -0.14489654,  0.17746696,  0.00621409, -0.14040619, -0.03088840,  0.02152039,  0.30773779, -0.32330712,  0.13837520, -0.26625851,  0.32895002, -0.13216348,  0.08690434, -0.08954824, -0.09712446,  0.17970892, -0.07016628
 -0.02368911,  0.12489611, -0.19012429, -0.03182696,  0.25194252, -0.10111120, -0.08754507, -0.00120262, -0.03109942,  0.15936081,  0.06857228, -0.08389952, -0.19432902,  0.13265766,  0.07648537, -0.09596458,  0.00610495,  0.13943495, -0.07622586, -0.23996281,  0.15064314,  0.17330394, -0.10825990, -0.07170854,  0.06452998,  0.14985285, -0.19964191, -0.08905107,  0.18199688,  0.03361571, -0.09049650, -0.20354805,  0.31776675, -0.16390966, -0.15564915,  0.28483666,  0.03178965, -0.17884316, -0.13316559,  0.13227071,  0.24371678, -0.11646657, -0.17065148,  0.07441778,  0.01252172,  0.03119241,  0.09626190, -0.15119087,  0.01078050,  0.06024116
  0.08860836, -0.13197408, -0.09676317,  0.24080177, -0.13520965,  0.04392245, -0.05400462, -0.06457899,  0.10741286,  0.20998497, -0.17307029, -0.01243720, -0.02550812,  0.04422636, -0.10182838,  0.08587403,  0.10013315, -0.08744109, -0.16519055,  0.05116740,  0.08476605,  0.01088917,  0.02403977, -0.07337988,  0.21491491, -0.17601892, -0.09415020,  0.10578558,  0.04616914, -0.04732734, -0.17108847,  0.13762847, -0.03530777, -0.21726750,  0.30935484,  0.02653837, -0.05881363, -0.08616039, -0.03742115,  0.16424685,  0.20125991, -0.37992273,  0.28155784, -0.24557887,  0.18158718,  0.03846840, -0.09478306,  0.09473224, -0.04860060, -0.00443158
  0.05626245, -0.11140052,  0.03624464,  0.02374743, -0.04648725,  0.13001199, -0.22029595,  0.14800392, -0.05286585,  0.17143778, -0.03710792, -0.20323616,  0.15713721, -0.05533479,  0.00896943,  0.04117723, -0.04299181,  0.05729154, -0.17861030,  0.11964189, -0.04769979,  0.10962997, -0.03631325, -0.03897862,  0.09381004, -0.11310673,  0.10405847, -0.18294030,  0.19847745, -0.07427578, -0.13076028,  0.15904351, -0.23156418,  0.21179983, -0.04933115, -0.02793680,  0.21310783, -0.37563623,  0.30592228, -0.14059743,  0.17617720, -0.00840571, -0.26360773,  0.20552586, -0.01434560,  0.04273535, -0.02363892, -0.06931040,  0.10998365, -0.05549806
 -0.06034528,  0.12363216, -0.09062490,  0.05538798, -0.09163702,  0.15026019, -0.17041837,  0.07691070,  0.05142657, -0.15628571,  0.16743179,  0.01353272, -0.17420219,  0.11259994, -0.04621207,  0.12212914, -0.14229458,  0.08541909,  0.02069714, -0.12289145,  0.08275382, -0.01851580,  0.05190870, -0.07419157,  0.09111953, -0.12038484,  0.09997496, -0.02510811, -0.08648231,  0.16188980, -0.12214239,  0.02176603,  0.05802185, -0.14532303,  0.19928163, -0.29874930,  0.31461816, -0.21811814, -0.00525401,  0.16920874, -0.23760115,  0.22622609, -0.05346275, -0.14024865,  0.18149301, -0.23243371,  0.26509937, -0.13753605, -0.05274240,  0.09879944
  0.00320461, -0.00514310, -0.07085385,  0.15118321, -0.06863269, -0.12604950,  0.15449597, -0.00499670, -0.23502166,  0.21387268,  0.23640298, -0.17822928, -0.21948697,  0.08988461,  0.06580925,  0.05280949,  0.00854001, -0.00660018, -0.14298295,  0.01873825,  0.06939429, -0.12556326,  0.22122760,  0.02841384, -0.14718011, -0.02352373,  0.06617294,  0.02023613, -0.08273533,  0.00531421,  0.09456494, -0.06161565, -0.13712280, -0.03316786,  0.19879473,  0.04497983, -0.20593971,  0.03560119,  0.13817213, -0.22198353,  0.12018233,  0.20110057, -0.04514512, -0.27125805, -0.02086630,  0.26494175,  0.11704945, -0.35605493,  0.14402483,  0.04345389
 -0.00123708,  0.11825880, -0.20205063,  0.14194894, -0.03206121, -0.01976241,  0.08970358,  0.10113035, -0.22406375, -0.09463303, -0.08472732,  0.16556937,  0.16981005,  0.02818223, -0.23382884, -0.04047480, -0.03329530,  0.20515496,  0.01938191,  0.04169567,  0.04311225, -0.28990114,  0.07445247, -0.10784601,  0.12184557,  0.06021970, -0.03971152,  0.01711154,  0.01872707, -0.01676962,  0.02385134,  0.10112164,  0.17206567, -0.16998079, -0.07028637,  0.02956034,  0.06894186,  0.02412352,  0.13530384, -0.27817320,  0.02020499, -0.15881715,  0.21365714,  0.16191709, -0.12123029, -0.23494566,  0.18204231, -0.14025005,  0.28730927, -0.27822491
  0.07692464, -0.10203529, -0.02571793, -0.00591379,  0.16616130, -0.12405208, -0.06795612,  0.17666320, -0.09357596, -0.16362855,  0.18664433,  0.19646186, -0.10829364, -0.22366960,  0.04756396,  0.04279053,  0.07944390,  0.02795194, -0.07670809, -0.05937917,  0.03739018,  0.00056652, -0.13117531,  0.24389310,  0.03400632, -0.15300285, -0.02696192,  0.06415625,  0.07303438, -0.16963136,  0.01250246,  0.20036943, -0.15619120, -0.11019130, -0.01627162,  0.30851804, -0.04047686, -0.21861024,  0.14137913,  0.04105253, -0.15479470,  0.04567895,  0.24206671, -0.03278023, -0.29873778,  0.04323983,  0.25218294,  0.04926468, -0.27496587,  0.09680409
