 -0.14343921, -0.08040398, -0.38005081,  0.27531738, -0.24887557, -0.52565806, -0.24636298,  0.16494177, -0.13407995, -0.10657244,  0.00571721, -0.19441585,  0.17892138, -0.00283474,  0.03161928, -0.11749786,  0.21989695, -0.06135219,  0.06236374, -0.08189356,  0.01169041,  0.06159862,  0.06781145, -0.01403408, -0.06046540, -0.11573993, -0.18524397, -0.01216812,  0.01793693,  0.12859077,  0.07634718,  0.01754702,  0.06608467, -0.04834527, -0.02452243, -0.15218313, -0.00944502, -0.08177177,  0.12851482,  0.01066077,  0.04781621,  0.04484976,  0.01472679,  0.07651986,  0.00160712,  0.03822512,  0.02884911,  0.00933010
 -0.14344686, -0.10916805, -0.34994514,  0.22093050, -0.17672576, -0.23766948,  0.08344287,  0.04715853,  0.09086217,  0.01978846,  0.01279093,  0.03190326, -0.17802405, -0.06052878, -0.00324837,  0.10599585, -0.14312347,  0.16821055, -0.09421042,  0.17334107, -0.09607428, -0.18101697, -0.11836337,  0.07606591,  0.09493870,  0.08488408,  0.28529470, -0.15015791,  0.01117470, -0.27113126, -0.21985675, -0.06128465, -0.15386481,  0.01595445, -0.09377136,  0.26844921,  0.07623768,  0.14855133, -0.16657705, -0.03911258, -0.02840449, -0.09643247,  0.05334964, -0.21724876,  0.02090241, -0.11638759, -0.09297583,  0.05283844
 -0.14345692, -0.13517788, -0.31342083,  0.16417823, -0.09526800,  0.03667568,  0.24542716, -0.05539012,  0.17979280,  0.08123047, -0.02441693,  0.21484501, -0.23325586,  0.04874707,  0.05241662,  0.02646530, -0.22905907, -0.04572358,  0.08017239, -0.00253387,  0.17131615,  0.20941816, -0.04375289, -0.08952459,  0.03431410,  0.07343535, -0.02295546,  0.29752026, -0.02080238,  0.05637885,  0.34485130, -0.03243447, -0.01491710,  0.08620443,  0.26018962, -0.02508180, -0.18200628,  0.00759242, -0.06979091,  0.06482191, -0.10238608,  0.05607115, -0.22861251,  0.09641939, -0.06210831,  0.14518090,  0.10770195, -0.15178066
 -0.14347029, -0.15803759, -0.27146797,  0.10703392, -0.00895661,  0.24661921,  0.22836336, -0.11914541,  0.13130501,  0.05697855, -0.04575608,  0.15593951,  0.01021054,  0.12634805, -0.01219041, -0.11968763, -0.03065483, -0.23026019,  0.00559745, -0.21102544, -0.05180811, -0.06366468,  0.21173064, -0.03719159, -0.08350249,  0.04276746, -0.00759560, -0.08698426, -0.14098040,  0.24902868, -0.38332786,  0.21469264,  0.12473964,  0.09836335, -0.03709108, -0.04542212,  0.18604607, -0.14979019, -0.00203824, -0.07310693,  0.06440610, -0.02009767,  0.20531721,  0.20188541, -0.02322066, -0.15849171, -0.06329565,  0.11651855
 -0.14348670, -0.17733625, -0.22450756,  0.05383216,  0.07884492,  0.32924098,  0.13541175, -0.07938643,  0.02856967, -0.01081386, -0.04141751, -0.00809677,  0.21679680,  0.01115476, -0.12809614, -0.17039583,  0.08144343, -0.05904377, -0.19675432,  0.16434268, -0.17788959, -0.12788182, -0.09719266,  0.08772236, -0.07128094,  0.05851269, -0.07379711, -0.05198825,  0.27249292, -0.26924828,  0.20434510,  0.07138704,  0.18119298, -0.21830800, -0.10375117, -0.18206226, -0.05788218,  0.08100799,  0.21398302,  0.07187969,  0.03792307,  0.00240342, -0.01989917, -0.16837085,  0.22548789,  0.17037740,  0.08533320,  0.07923896
 -0.14350889, -0.19283105, -0.17556434,  0.00276547,  0.15458327,  0.29615299,  0.02379221,  0.02681842, -0.04841570, -0.08159739, -0.02673094, -0.12600172,  0.21520615, -0.17007142, -0.09428097, -0.07841091,  0.04346826,  0.20283334, -0.06981429,  0.06157651,  0.22766797,  0.15650288, -0.04781068,  0.05712391,  0.05596416, -0.19641341, -0.05278444,  0.02084705, -0.30470180,  0.08577145, -0.01847877, -0.44513001, -0.09394105, -0.06775678, -0.21686232,  0.02338742, -0.00922140, -0.06178527, -0.09327644, -0.06447404,  0.03909066,  0.11936550,  0.02457905, -0.05423693, -0.21823205, -0.04130672, -0.18059164, -0.16257724
 -0.14353903, -0.20415868, -0.12817052, -0.05113714,  0.20148154,  0.21089488, -0.10617767,  0.10278470, -0.07600145, -0.12353266,  0.01397154, -0.14391673,  0.11047437, -0.22745808,  0.06942757,  0.13119549, -0.00989225,  0.19971746,  0.18913184, -0.25959596, -0.01271442, -0.07441978,  0.05880295, -0.04939352,  0.12542803,  0.01152848,  0.09516798, -0.07053418,  0.29509469,  0.14679788,  0.03401322,  0.12849612, -0.39855334,  0.04563569,  0.22775082,  0.05654639, -0.00191557, -0.05017356,  0.10588439,  0.05648807, -0.00231224, -0.23040752, -0.10817860,  0.02472274,  0.04925255, -0.16348970,  0.20235149,  0.06693147
 -0.14357609, -0.21129509, -0.08291559, -0.10432913,  0.21548466,  0.09662956, -0.20584586,  0.11840508, -0.05005218, -0.10729539,  0.06869969, -0.07101942, -0.01106162, -0.06566683,  0.20429778,  0.26864347, -0.01441635, -0.07970454,  0.19737562,  0.13507804, -0.23570105,  0.03504930, -0.03535985, -0.12799140, -0.08672228, -0.02174704, -0.30277390,  0.06299660, -0.13226291, -0.15357803, -0.00010448,  0.15153204,  0.22180189,  0.26776299,  0.02429206,  0.16560905,  0.06995838,  0.22200891, -0.17461131, -0.06718758, -0.10378458,  0.19967436,  0.03826595, -0.01284844, -0.06708327,  0.14953094, -0.06572198,  0.18787066
 -0.14361935, -0.21446526, -0.04020868, -0.15202285,  0.19673113, -0.02029157, -0.24394253,  0.06208485,  0.00536013, -0.03721855,  0.10570719, -0.00462101, -0.09636969,  0.19911249,  0.15428961,  0.23572418,  0.03589985, -0.20253011, -0.05227822,  0.17136025,  0.22530902, -0.00323307,  0.02321176,  0.07364291, -0.10455441, -0.06956196,  0.35145041, -0.23317169, -0.02364825,  0.03768644, -0.05149954,  0.05793607,  0.16418618, -0.22996597,  0.06010525, -0.12022883, -0.15474018, -0.07329510, -0.12212473,  0.09148575,  0.01048070, -0.16269899, -0.03156554,  0.15745277,  0.15892389,  0.07199951, -0.12795992, -0.28771569
 -0.14366739, -0.21381095, -0.00008275, -0.18940347,  0.14970898, -0.11839530, -0.20263333, -0.03473425,  0.05518974,  0.05616616,  0.10304381,  0.01885313, -0.14520793,  0.31803455, -0.06808042,  0.05426292,  0.05925812, -0.04924321, -0.20710690, -0.24048431,  0.02546987, -0.05807269, -0.05669121,  0.10341655,  0.08555164,  0.07290942,  0.03404034,  0.40139869,  0.14684073, -0.10774934, -0.00124144, -0.05833456, -0.07289152,  0.09677680, -0.25475486,  0.15790610,  0.08037403, -0.09801154,  0.26878111, -0.08398286, -0.05466007,  0.21392486,  0.14770419, -0.01657757, -0.05163011, -0.12176668,  0.15760027, -0.15151288
 -0.14371953, -0.20952993,  0.03693136, -0.21386291,  0.08002243, -0.16635276, -0.11462080, -0.15177400,  0.06084808,  0.13154652,  0.06892521, -0.00652787, -0.15551764,  0.15023559, -0.26442256, -0.06124914,  0.02554391,  0.21779099, -0.11760751,  0.04333055, -0.18730793,  0.06950349, -0.01242451, -0.07327292,  0.13192031,  0.12389018, -0.08348240, -0.06950255, -0.33098868,  0.16675165,  0.01476152, -0.03769208,  0.03059448, -0.11048988,  0.31380315, -0.10518177, -0.07227070,  0.14405666,  0.15326665,  0.03490265,  0.27133338, -0.19493630, -0.00662883, -0.13312554, -0.12865253,  0.02653174, -0.02167232,  0.24208076
 -0.14377400, -0.20199936,  0.07166040, -0.21946819,  0.00119864, -0.17626874,  0.01249864, -0.22402113,  0.01329532,  0.15816681,  0.01061931,  0.00089143, -0.16425000, -0.11586214, -0.21233954, -0.09669029,  0.00394096,  0.17105874,  0.18362334,  0.08806657,  0.15315796,  0.00426914,  0.10011452, -0.12835387, -0.09153723, -0.02167423, -0.04720149, -0.10484005,  0.35983599,  0.06774480, -0.05779772, -0.11818845,  0.10836736,  0.14613554, -0.18465822, -0.28318810,  0.11377241, -0.14106530, -0.26120333,  0.01024197, -0.22144408,  0.12054943, -0.16872502, -0.06351830,  0.10623430, -0.06977397, -0.05423467,  0.16048438
 -0.14382969, -0.19124767,  0.10370362, -0.20620469, -0.07755072, -0.14622406,  0.13315315, -0.20845974, -0.07346322,  0.13372568, -0.03540495,  0.06002395, -0.07869714, -0.24523193,  0.02378546, -0.12233800,  0.07396577, -0.16389326,  0.22073810, -0.14972096, -0.02775914, -0.05627963, -0.05531872,  0.09736921, -0.17224588, -0.03710016, -0.18614912, -0.04829332, -0.19793068, -0.27482409,  0.08802939,  0.15589316, -0.32099822, -0.32041069, -0.13232896,  0.15213413,  0.05483898, -0.03447230, -0.10699042, -0.02577414,  0.08318049, -0.10308274,  0.04306849,  0.17212862, -0.02366362,  0.15026342,  0.05840180, -0.13379125
 -0.14388688, -0.17778273,  0.13253664, -0.17388024, -0.14659552, -0.08843799,  0.19842431, -0.10999387, -0.16244083,  0.07301074, -0.06325304,  0.05514785,  0.07891448, -0.14227675,  0.23731019, -0.13834580,  0.13524137, -0.22195851, -0.07724461,  0.13514585, -0.15779782,  0.11729898,  0.02413898,  0.17937461,  0.03844868, -0.03238507,  0.14621111, -0.21423589,  0.05695831,  0.21136651,  0.12627740, -0.17366706,  0.01586944,  0.34480574,  0.09967713,  0.23585370, -0.17889729,  0.10994147,  0.25932929,  0.03306084, -0.11381963,  0.07982596,  0.06658035, -0.01772973,  0.06393984, -0.12060292, -0.09625139, -0.04770604
 -0.14394597, -0.16219783,  0.15770642, -0.12339626, -0.19702309, -0.02721421,  0.19165342,  0.03679316, -0.21564881, -0.01012990, -0.08450297, -0.05575018,  0.16041948,  0.07916210,  0.25464377, -0.11940563,  0.03353110,  0.08448891, -0.18431587,  0.09361437,  0.20141120, -0.12241751,  0.09593218, -0.05692415,  0.21174349, -0.22665922, -0.01748672,  0.33741133,  0.12676674, -0.07759600, -0.25625047,  0.11473670,  0.10555498, -0.07019230,  0.29517287, -0.04171900,  0.11944217,  0.08373788, -0.22363392, -0.05794897,  0.14337217, -0.02237043,  0.01959729, -0.11826033, -0.04834436,  0.07214464,  0.11048879, -0.04727935
 -0.14400612, -0.14446589,  0.17840564, -0.06095965, -0.22530105,  0.02842556,  0.12326912,  0.18899040, -0.20252556, -0.08146853, -0.08022919, -0.11786373,  0.11253848,  0.16194119,  0.04488022, -0.05585103, -0.20275375,  0.20524170, -0.00087302, -0.17883328, -0.01033314, -0.11271479, -0.26639134, -0.21752248,  0.07437716,  0.17498642,  0.16713997, -0.08477114, -0.26160352, -0.04995240,  0.14870241,  0.26532974,  0.11467366,  0.10262887, -0.28141291, -0.13580678, -0.10007759, -0.10928015,  0.06694412,  0.09871374, -0.17593258, -0.02974482, -0.11671460,  0.07094809, -0.07780730, -0.04337945, -0.10663181,  0.00574388
 -0.14406730, -0.12487727,  0.19378675,  0.00708274, -0.23059801,  0.07405464,  0.00950666,  0.28242362, -0.11581240, -0.10648961, -0.04889692, -0.04774252, -0.00079850,  0.04037297, -0.17030134,  0.04330565, -0.28258489, -0.03054379,  0.12974775,  0.05269842, -0.14593374,  0.33183936,  0.04974612, -0.07400640, -0.25115912,  0.24886445,  0.06323021,  0.05395863,  0.18366442,  0.07442390, -0.11926237, -0.28129793,  0.09946934, -0.29107299,  0.01939222,  0.18218010,  0.08979284,  0.02978892,  0.02901221, -0.13292177,  0.12230203,  0.02888704,  0.06938863,  0.13009665,  0.09515067, -0.00644372,  0.13558291,  0.02524076
 -0.14412965, -0.10394970,  0.20335550,  0.07519888, -0.21344117,  0.10420896, -0.11796323,  0.26637961,  0.01862644, -0.07183056, -0.00725195,  0.11379202, -0.07250858, -0.11703172, -0.19088079,  0.13116847, -0.10642343, -0.20053824,  0.00253592,  0.06874352,  0.14775240, -0.19186583,  0.28336872,  0.26847480, -0.11177934,  0.01443967, -0.05041158,  0.10925612, -0.14772866, -0.16734830, -0.01391568, -0.04230999, -0.25628950,  0.22340344,  0.08271296, -0.31565934, -0.10642687, -0.07825498,  0.10312086,  0.14565853,  0.02202212,  0.02362180,  0.10668621, -0.16482227,  0.00343277,  0.04208045, -0.10574140,  0.13711667
 -0.14419222, -0.08217008,  0.20755532,  0.13984401, -0.17382799,  0.09936799, -0.19015748,  0.16348115,  0.16623220,  0.01110871,  0.01141989,  0.27249068, -0.05414617, -0.11636074, -0.03750542,  0.08076078,  0.07742284, -0.14090748, -0.17162702, -0.11665444, -0.05236652, -0.15974841, -0.22583075,  0.12816787,  0.21091550, -0.07899700, -0.17994131, -0.11568826,  0.05130699,  0.34004015,  0.23831138,  0.02779590,  0.12770430, -0.11210899, -0.06124418,  0.09150749,  0.26374127, -0.01337257, -0.21109905, -0.15583172,  0.01846401, -0.06711935, -0.18683883, -0.13048885,  0.01551777, -0.06389982, -0.00811716, -0.05131947
 -0.14425595, -0.06008872,  0.20554930,  0.19412982, -0.11920303,  0.07774778, -0.20356795, -0.01100799,  0.25982203,  0.08601227, -0.00575782,  0.25613489,  0.08323789,  0.01856425,  0.07376376, -0.01461495,  0.12916372,  0.13863139, -0.15140950,  0.05698435, -0.06839498,  0.30000996, -0.00823693, -0.21362223,  0.13027734, -0.12539823, -0.14466184, -0.17801423,  0.12243684, -0.18118583, -0.31895709,  0.06146611, -0.16249224, -0.00897892, -0.09377402, -0.03565042, -0.23890720,  0.08885938,  0.06890670,  0.17977897, -0.12554356,  0.04014753, -0.01600099,  0.22531214, -0.13359102,  0.03900923,  0.10375779, -0.04618643
 -0.14432109, -0.03849634,  0.19767831,  0.23540913, -0.05443507,  0.03970045, -0.15716341, -0.19559611,  0.24576856,  0.08679180, -0.05385650,  0.02369713,  0.19267234,  0.12707560,  0.04541289, -0.02874754,  0.06683332,  0.26803009,  0.14893150, -0.01495341,  0.12028267, -0.13034531,  0.22551093, -0.15686853, -0.17966327, -0.16066655,  0.20781863,  0.00980292, -0.07106391, -0.16672954,  0.34432896, -0.03827737,  0.11123251,  0.06923386,  0.11786569,  0.25225748,  0.05719485, -0.11125367,  0.05158093, -0.20834673,  0.08630611, -0.02833015,  0.15159234,  0.04498621,  0.13988938, -0.01177085, -0.09466339,  0.09960841
 -0.14438625, -0.01765505,  0.18478008,  0.26071899,  0.01479231, -0.01054326, -0.04779584, -0.29844313,  0.13171940,  0.00321733, -0.08404441, -0.20433508,  0.14653526,  0.07382763, -0.06031268,  0.04238553, -0.00623351, -0.00336037,  0.30888097, -0.01659529, -0.11743412, -0.15063057, -0.25557512,  0.14118818, -0.14455537,  0.03336110,  0.10135395,  0.20706507, -0.03547536,  0.29119465, -0.23250640,  0.00648652, -0.05595138,  0.01212404,  0.01314200, -0.08400180,  0.02504553,  0.27854816,  0.00046620,  0.23164526, -0.06569087,  0.08087926, -0.01541478, -0.14531479,  0.04940878,  0.12728597, -0.00665046, -0.24586102
 -0.14445061,  0.00239597,  0.16688107,  0.26477368,  0.07814038, -0.03677897,  0.06173481, -0.29638375, -0.03620331, -0.10976395, -0.03390205, -0.26552743,  0.02178824, -0.10039991, -0.09842695,  0.19314563,  0.05523824, -0.19433560,  0.02286572,  0.12440700,  0.06730562,  0.24405529, -0.10659728,  0.16999306,  0.20691833,  0.20975593, -0.03243396,  0.00990011,  0.06276036, -0.18144716, -0.01145875,  0.17644070,  0.12869161,  0.03505533,  0.04755746, -0.03955339, -0.16904773, -0.28818592, -0.06194268, -0.25065471,  0.11145068, -0.06766709, -0.03005703, -0.02802294, -0.20273319, -0.24512742,  0.02081628,  0.04496129
 -0.14451179,  0.02122966,  0.14647809,  0.25201120,  0.13596767, -0.05888582,  0.17475895, -0.16786648, -0.15741229, -0.16174422,  0.06458919, -0.11219150, -0.16253235, -0.12258655,  0.03991136,  0.20741122,  0.10599446, -0.08977546, -0.22520342, -0.14050053,  0.09656753, -0.03044070,  0.29317634, -0.15525692,  0.15321637,  0.07895742,  0.05421292, -0.03544704, -0.13910473, -0.03339779,  0.04737585, -0.21227345,  0.08951569, -0.08851853, -0.10650136,  0.03625075,  0.30123213,  0.15117943,  0.11301680,  0.27115030, -0.15396373, -0.04374931, -0.10558797,  0.12515566,  0.06612442,  0.17192923,  0.11660686,  0.13848314
 -0.14456941,  0.03881893,  0.12387669,  0.22093239,  0.18049590, -0.04978002,  0.22294725,  0.00343180, -0.19034790, -0.11040180,  0.16661932,  0.06599611, -0.21664140,  0.05572965,  0.15386800,  0.07563658,  0.05944986,  0.14666676, -0.18764453, -0.03978622, -0.17458958, -0.20650697, -0.06775641, -0.16203641, -0.20445322, -0.01011684, -0.13034944,  0.01734835,  0.13055429,  0.16700378,  0.04902717, -0.06689522, -0.23070023, -0.06166246, -0.00915116, -0.19075054, -0.30461075,  0.01618729, -0.10352942, -0.28927018,  0.11338274,  0.13992087,  0.16698877,  0.08294143,  0.07858840, -0.00539522, -0.19328305, -0.01288427
 -0.14462201,  0.05492564,  0.10093278,  0.17673885,  0.21142754, -0.02697714,  0.18693028,  0.15354741, -0.14725422,  0.01600898,  0.20203993,  0.09539683, -0.12490191,  0.23385483,  0.07474579, -0.10956200, -0.01210317,  0.18093725,  0.08398067,  0.11217562,  0.05932191,  0.21001369, -0.13562754,  0.17061095, -0.20457449, -0.16232057, -0.22047567, -0.13130852, -0.03768664, -0.02847907, -0.02941188,  0.08184824,  0.01499722,  0.12383390,  0.04081240,  0.14534439,  0.22071071, -0.30140594,  0.07956266,  0.29719168,  0.05240810, -0.12815707,  0.00308016, -0.24462316,  0.08263706, -0.05173203,  0.11858495, -0.06564658
 -0.14466828,  0.06937379,  0.07960629,  0.12666948,  0.23103707, -0.02520024,  0.10624674,  0.25387575, -0.05794517,  0.14201244,  0.12489224, -0.00079495, -0.02721675,  0.19416276, -0.11655910, -0.25405296, -0.00634922, -0.05891040,  0.25883955, -0.09840514,  0.05382740,  0.04282939,  0.20412894,  0.22159460,  0.15235546, -0.10352059,  0.15730849, -0.16745332,  0.06818973, -0.09027337,  0.04839032,  0.10121634, -0.00131139, -0.07514723, -0.01321695, -0.07990022,  0.02439995,  0.40107936,  0.04735047, -0.29049440, -0.11536820,  0.10225501, -0.15114963,  0.01160585, -0.26404852,  0.02537324, -0.03430808,  0.00673914
 -0.14470874,  0.08214022,  0.06020060,  0.07415308,  0.23717999, -0.04665139,  0.01376596,  0.26775258,  0.03847755,  0.18901212, -0.03666792, -0.10226318, -0.01394178, -0.05655117, -0.18466585, -0.26805512,  0.05923311, -0.21286619,  0.10035549,  0.10020580, -0.17163010, -0.21375550, -0.00976067, -0.15301133,  0.23017594, -0.06305780,  0.03226835,  0.23881273, -0.01061397, -0.00297764, -0.00325744, -0.14565770,  0.08911966,  0.05011209, -0.07177915,  0.19162207, -0.27235262, -0.13785345, -0.23519948,  0.26579514,  0.07728962, -0.15711184,  0.03091807,  0.19619058,  0.12308904, -0.08612930,  0.01788104,  0.07804603
 -0.14474340,  0.09348567,  0.04281522,  0.02131075,  0.22787314, -0.08129589, -0.05270475,  0.19851880,  0.11293286,  0.13241873, -0.19191552, -0.06602443, -0.04721152, -0.28589878, -0.02575327, -0.19679759,  0.04135260, -0.09419736, -0.16256671,  0.16246159,  0.16087200,  0.04255354, -0.24238880, -0.24945088, -0.05137292,  0.15976461,  0.14299057, -0.02238756, -0.11335397,  0.03392228, -0.09860332,  0.14084231, -0.13260385, -0.00120607,  0.23480956, -0.05331317,  0.23999896, -0.14227926,  0.19334903, -0.21991699, -0.19106626,  0.18859998,  0.09524906, -0.04865724,  0.10346507,  0.18167166,  0.00968267, -0.03527152
 -0.14477287,  0.10345692,  0.02748667, -0.02864018,  0.20312231, -0.11920312, -0.07442579,  0.07866388,  0.14793183,  0.00020252, -0.26274604,  0.05547601, -0.02233797, -0.25321277,  0.22835468, -0.13941586, -0.08376248,  0.07481273, -0.17383835, -0.27245433,  0.10603029,  0.17654135,  0.08297882,  0.05603749, -0.24676671,  0.20359095,  0.02558194,  0.07044335,  0.10055346, -0.05721893,  0.05451956,  0.06743356,  0.17234968,  0.11864432, -0.15877098, -0.07951812, -0.02334541,  0.25949254, -0.09288091,  0.15517572,  0.35127170, -0.12431480, -0.00123160, -0.11401906, -0.06837550, -0.14209699, -0.11491021, -0.07203179
 -0.14479810,  0.11205858,  0.01403521, -0.07297113,  0.16413409, -0.14608992, -0.05597531, -0.05008140,  0.13707900, -0.14831172, -0.21476708,  0.11285028,  0.08986530, -0.00505598,  0.29690732, -0.07546184, -0.25562111,  0.11020379, -0.02511602, -0.00185407, -0.27749343, -0.11743938,  0.19415062,  0.26203439, -0.01612356, -0.01442818, -0.04248925,  0.04010048, -0.15440759,  0.02078010, -0.07704553, -0.14096597,  0.08335760, -0.25447806,  0.04066443, -0.06592373, -0.12825940, -0.26139968, -0.00820728, -0.08869472, -0.36281624,  0.01624920, -0.13094955, -0.07838145, -0.04911661, -0.04775898,  0.18983994,  0.09926776
 -0.14481824,  0.11966314,  0.00294245, -0.10890375,  0.11537610, -0.16208216,  0.01151610, -0.10651520,  0.10311983, -0.23870202, -0.06976193,  0.11045511,  0.21375338,  0.17241391,  0.06583099, -0.01572785, -0.34720322, -0.07352324,  0.04907048,  0.28949819,  0.08574045, -0.08678289, -0.10605264,  0.04360433,  0.22325424,  0.01552678, -0.07231538, -0.09995120,  0.14163498,  0.06437750,  0.09904099, -0.05482239, -0.22906227,  0.13154889, -0.12775538, -0.04826877,  0.23870201, -0.00031179,  0.06281946,  0.03856621,  0.31403021,  0.03687974,  0.00424243,  0.30751397, -0.04505743,  0.16246475, -0.08294896,  0.11778431
 -0.14483338,  0.12655849, -0.00594933, -0.13520986,  0.06052258, -0.15982709,  0.10416518, -0.05843954,  0.08348198, -0.22698467,  0.09479580,  0.07981365,  0.27936864,  0.09267273, -0.23922131,  0.05298075, -0.18978197, -0.21848331, -0.03903704, -0.21949811,  0.20714524,  0.12010748, -0.03379674, -0.22105943,  0.04301133, -0.10894468, -0.19584385, -0.06314986, -0.03025241, -0.04203168,  0.00464659,  0.02781015, -0.04779801, -0.07935165,  0.09085714,  0.09975304, -0.14950411,  0.18846855, -0.07223822, -0.01389901, -0.25140677, -0.08971328,  0.18549262, -0.25937191,  0.26957966, -0.18413904, -0.10262051, -0.01561866
 -0.14484446,  0.13281030, -0.01304598, -0.15130434,  0.00406960, -0.12770853,  0.18782678,  0.04597446,  0.11375157, -0.12002612,  0.18788589,  0.05946919,  0.22027746, -0.12880294, -0.30844745,  0.17645879,  0.05457489, -0.00272528, -0.14761411, -0.11891262, -0.25652418, -0.04246607,  0.09757980, -0.08629674, -0.18166698, -0.15415985,  0.24360499, -0.08064461,  0.00774490, -0.02568671, -0.04451515,  0.06470281,  0.06629826,  0.18930150,  0.05498324,  0.06237646, -0.02642320, -0.18121280, -0.08377199, -0.00467046,  0.19131303,  0.16075122, -0.23180071, -0.05581268, -0.21458898,  0.23382134,  0.16058926, -0.20127652
 -0.14485213,  0.13840755, -0.01842853, -0.15622711, -0.04761323, -0.06956690,  0.23646027,  0.13868015,  0.18774651,  0.01445842,  0.15705879,  0.05075990,  0.06953319, -0.19213894, -0.07622364,  0.24207036,  0.18093552,  0.21556966,  0.02429158,  0.25151607,  0.02246560, -0.02446634, -0.04872354,  0.13735860, -0.10853802, -0.05733605, -0.02746924,  0.28534315,  0.03468043,  0.07838277,  0.05353056,  0.14322551,  0.12829705, -0.14512471, -0.02065850, -0.05606192,  0.11416924,  0.11796911,  0.21067259,  0.04646039, -0.19846435, -0.19045797,  0.11325348,  0.29523742, -0.12018935, -0.24853737, -0.15302125,  0.02754873
 -0.14485775,  0.14334656, -0.02284679, -0.15156984, -0.09124472,  0.01408705,  0.20334341,  0.14754822,  0.24166432,  0.07907558,  0.03817959, -0.04499778, -0.03197393, -0.00698256,  0.18320897,  0.20225809,  0.21911201,  0.10927530,  0.24040854, -0.13760157,  0.22649266,  0.00464455, -0.10362339,  0.12385081,  0.19704102,  0.09501431, -0.02355406, -0.10884681, -0.12073930,  0.04371240, -0.12936048, -0.09716708,  0.09823799, -0.00378170, -0.14678534, -0.03078354, -0.21057012, -0.00295748,  0.06263587, -0.10231012,  0.22110784,  0.17986998,  0.03938430, -0.07451105,  0.31390577,  0.15595308,  0.25375275,  0.19015170
 -0.14486116,  0.14767361, -0.02599087, -0.13677476, -0.12086223,  0.08903052,  0.10549621,  0.08728440,  0.22669534,  0.02647163, -0.08083663, -0.21016030, -0.07376484,  0.21357435,  0.20099948,  0.06599771,  0.21022085, -0.13056005,  0.13336095, -0.12184915, -0.23664546,  0.09485989,  0.05707668, -0.15936056,  0.11986887,  0.08722226, -0.01184463, -0.05435384,  0.17196311, -0.11263803,  0.10792045, -0.18161910, -0.12355289, -0.11963308,  0.10649500, -0.12090258,  0.19104148, -0.18356830, -0.05185462,  0.14734886, -0.04650713, -0.02967957,  0.12125353, -0.21196512, -0.21718351,  0.05879903, -0.35791886, -0.08314759
 -0.14486278,  0.15143607, -0.02806743, -0.11296610, -0.13365990,  0.12770307, -0.00664057,  0.00496765,  0.14914497, -0.10848014, -0.11837812, -0.31980130, -0.14049353,  0.23133386,  0.01694467, -0.08314990,  0.14335172, -0.09993990, -0.13591297,  0.26142370, -0.00409067, -0.02801834,  0.13816626, -0.11740625, -0.21979843, -0.03111185, -0.11935427, -0.01646073, -0.15837777,  0.03155193,  0.03674328,  0.03524476, -0.23199770,  0.14268050, -0.13398850,  0.00732486,  0.03096283,  0.16732570, -0.04781930, -0.17015346,  0.00846369, -0.13148485, -0.34356059,  0.00908558,  0.10907495, -0.25556961,  0.24630552, -0.09112540
 -0.14486335,  0.15485361, -0.03000278, -0.08459431, -0.13182396,  0.12895168, -0.08585573, -0.05766594,  0.05745879, -0.22738863, -0.03730049, -0.25170442, -0.24523632,  0.03790643, -0.11890806, -0.19031021,  0.00139642,  0.07748545, -0.16721113, -0.10036908,  0.21962744, -0.11068330, -0.11986419,  0.21605544, -0.14307917, -0.03921044, -0.02817662, -0.15382015,  0.15559899,  0.09255325,  0.03857850,  0.08921081,  0.06784235, -0.03741201,  0.14826120,  0.26682904, -0.15423553,  0.01167093, -0.13908488,  0.17240978, -0.13552948,  0.12923942,  0.20890348,  0.14620688, -0.25108129,  0.17433602,  0.04128881,  0.22118389
 -0.14486418,  0.15803419, -0.03320764, -0.05779196, -0.12131707,  0.11738853, -0.13223986, -0.10302589, -0.01491213, -0.24162312,  0.13202039, -0.06917103, -0.27430175, -0.15644348, -0.05414750, -0.20912224, -0.10486607,  0.12821444,  0.03534967, -0.15690566, -0.19735571,  0.14702282, -0.03397593,  0.13040412,  0.20907251, -0.20414329,  0.01059051,  0.11114351, -0.03373968, -0.15970607, -0.13006726, -0.00129534,  0.12597524,  0.15223069,  0.06812292, -0.08988445,  0.06567422, -0.02312015,  0.12678831, -0.15612612,  0.02296063, -0.12323520, -0.08084816,  0.16067833,  0.36008378,  0.12165348, -0.25262757, -0.19734355
 -0.14486503,  0.16115350, -0.03807388, -0.03674878, -0.10639208,  0.10828569, -0.15561006, -0.12413191, -0.06379570, -0.11712357,  0.31022045,  0.08876785, -0.13064805, -0.19252625,  0.10124924, -0.16302293, -0.10095097, -0.01039796,  0.15947536,  0.22585283, -0.03879505, -0.01257631,  0.17814376, -0.20469361,  0.15929137,  0.03933472,  0.14879756,  0.00067266, -0.07181098,  0.10969698,  0.14853261,  0.18904706,  0.03087821, -0.17549608, -0.12805558, -0.06510551,  0.00155275,  0.01692577,  0.00600465,  0.14379533,  0.11229475,  0.26617693,  0.26154844, -0.21111414, -0.08204975, -0.21129551,  0.21208045, -0.14977086
 -0.14486542,  0.16394833, -0.04380719, -0.02023981, -0.08640496,  0.08747092, -0.14271561, -0.10460832, -0.08806283,  0.10060099,  0.37658484,  0.09193086,  0.07446182, -0.06544439,  0.19046937, -0.11308354, -0.05205854, -0.17378426,  0.07264539, -0.01144642,  0.19192276, -0.18657707, -0.12776379, -0.17165787, -0.16871161,  0.14188302, -0.03987266,  0.08070356,  0.08220568, -0.00502808, -0.18969227, -0.21002331,  0.07797139,  0.03142363, -0.05951942,  0.09110957, -0.10024468, -0.04220610,  0.21882446, -0.14155598, -0.02118255, -0.33618503, -0.21853385, -0.12611728, -0.24953317,  0.14436322, -0.06297491,  0.11893410
 -0.14486588,  0.16634656, -0.05076954, -0.01069505, -0.06574889,  0.07065236, -0.12008419, -0.07304964, -0.11032059,  0.30438367,  0.28442756, -0.05515360,  0.21386192,  0.03351472,  0.10937324,  0.00612121, -0.05438889, -0.06938010, -0.17120226, -0.14763065, -0.07127906,  0.11552964, -0.20763689,  0.14992668, -0.10434806,  0.01674496,  0.13544061,  0.02931116, -0.10752405, -0.14879773,  0.05892613, -0.10592142, -0.12163767, -0.02943403,  0.20609900, -0.16634967,  0.15171258,  0.03566611, -0.23163581,  0.12617153,  0.01713490,  0.25729640, -0.11632724,  0.19746323,  0.13556154, -0.26589571,  0.01922016,  0.24931276
 -0.14486581,  0.16815997, -0.05804350, -0.00631420, -0.04369746,  0.04732874, -0.07342764, -0.03067981, -0.13267657,  0.39688371,  0.05812515, -0.14722287,  0.14659327,  0.02497976, -0.02753125,  0.12629171, -0.14910464,  0.11207920, -0.18556307,  0.06141390, -0.06840226,  0.18909526,  0.24697883,  0.13721014,  0.08544768,  0.12017155, -0.04744084,  0.04414677,  0.02370654,  0.21423907,  0.09428159,  0.16935533, -0.11493554,  0.10538634, -0.21437153,  0.03322217, -0.02868841, -0.03304914, -0.17982814, -0.10332918, -0.14232856, -0.24368151,  0.23310954, -0.05415893,  0.08443497,  0.35885768,  0.02576163, -0.06949144
 -0.14486630,  0.16924461, -0.06612273, -0.00895372, -0.02474423,  0.03959534, -0.03938417, -0.02249197, -0.16249271,  0.33308378, -0.19045483, -0.09229242, -0.03482769, -0.02249223, -0.08442281,  0.21334140, -0.20868087,  0.08299236, -0.01039059,  0.00178008,  0.08181557, -0.25177394,  0.15339054, -0.04190307,  0.05803205,  0.02240923, -0.31514521, -0.16013011,  0.05499134, -0.03761687, -0.08992972,  0.04445993,  0.11448503, -0.11637167,  0.12693649,  0.18755801, -0.06178872, -0.02802348,  0.24005004,  0.09351993,  0.10878117,  0.27942765, -0.20559567,  0.04726111,  0.02865358, -0.14993127, -0.20157471, -0.26205304
 -0.14486723,  0.16952130, -0.07462994, -0.01810268, -0.01042524,  0.05002868, -0.04444478, -0.05446416, -0.21055880,  0.14589182, -0.33209158,  0.07431540, -0.14552805, -0.00012633, -0.06222247,  0.21385653, -0.09161333, -0.08171009,  0.07605841, -0.06418740, -0.05501436, -0.03921544, -0.23644111, -0.10520015, -0.04193445, -0.38782799,  0.07841158, -0.10436770,  0.01274571, -0.08465946,  0.06274622, -0.19603186,  0.12340046,  0.10971905, -0.00381384, -0.24861612,  0.04401338,  0.08310701,  0.07379609, -0.08040236,  0.00372555, -0.19757054,  0.28755074,  0.01880192, -0.16285548, -0.05995925,  0.32684174, -0.01799419
 -0.14486707,  0.16916549, -0.08249414, -0.03154395,  0.00005002,  0.06005441, -0.07986899, -0.07567233, -0.26544557, -0.06238622, -0.29692239,  0.25746040, -0.06902361,  0.08422533, -0.07188029,  0.10330185,  0.18848446, -0.04988071,  0.05435878,  0.03802063, -0.00254043,  0.21050829, -0.00605601, -0.02846410, -0.02717823, -0.18503123,  0.23057405,  0.23243265,  0.00418054,  0.11835445, -0.03896377,  0.20805193, -0.14521682, -0.16579578, -0.15859323,  0.15952336, -0.07008825, -0.05210948,  0.04866632,  0.04626878,  0.05587336,  0.09343709, -0.23366464, -0.15624682,  0.05239766,  0.05809090, -0.23636186,  0.34299597
 -0.14486433,  0.16841927, -0.08866067, -0.04632752,  0.00816229,  0.04633067, -0.10072106, -0.02739007, -0.27097036, -0.16837629, -0.13104865,  0.37109000,  0.11503012,  0.12301889, -0.14359923, -0.05778602,  0.37672446,  0.15529810,  0.11439176,  0.03064849,  0.03268035, -0.10025143,  0.02287905,  0.06327840,  0.04444216,  0.47755448, -0.05026740, -0.04196575, -0.05121122, -0.10104007, -0.00871245, -0.11090038,  0.02582438,  0.13207071,  0.15742052, -0.00562780,  0.05032928,  0.03704640, -0.19396648, -0.01302622, -0.09556755, -0.04206991,  0.05606195,  0.10693377,  0.02379990, -0.00905908,  0.06773833, -0.21903388
