 -0.14183582, -0.14182527, -0.14181729, -0.14181496, -0.14181197, -0.14180446, -0.14179234, -0.14177577, -0.14175378, -0.14172867, -0.14170251, -0.14167618, -0.14164974, -0.14162298, -0.14159680, -0.14157148, -0.14154639, -0.14152204, -0.14149835, -0.14147599, -0.14145437, -0.14143427, -0.14141529, -0.14139632, -0.14137840, -0.14136106, -0.14134438, -0.14132860, -0.14131336, -0.14129886, -0.14128443, -0.14127102, -0.14125816, -0.14124576, -0.14123379, -0.14122155, -0.14121051, -0.14119971, -0.14118887, -0.14117765, -0.14116642, -0.14115530, -0.14114481, -0.14113444, -0.14112511, -0.14111594, -0.14110693, -0.14109827, -0.14108960, -0.14108097
  0.11553883,  0.15769658,  0.19574435,  0.22663698,  0.24708607,  0.25658123,  0.25642437,  0.24798332,  0.23333401,  0.21558061,  0.19519997,  0.17306169,  0.15024060,  0.12720321,  0.10444958,  0.08269066,  0.06260553,  0.04397558,  0.02723626,  0.01207352, -0.00190231, -0.01530042, -0.02781885, -0.03900055, -0.04969017, -0.05952003, -0.06861570, -0.07711100, -0.08462237, -0.09163104, -0.09783202, -0.10335385, -0.10820695, -0.11273046, -0.11659276, -0.11982995, -0.12359073, -0.12694482, -0.13008278, -0.13313560, -0.13589606, -0.13823275, -0.14049863, -0.14247771, -0.14469022, -0.14668348, -0.14867694, -0.15082082, -0.15294803, -0.15500400
  0.44620516,  0.43561516,  0.38727100,  0.28834376,  0.17413941,  0.06915072, -0.02022332, -0.08878357, -0.12950219, -0.15532369, -0.17159046, -0.18107624, -0.18437335, -0.17955569, -0.17003712, -0.15823956, -0.14359068, -0.12764480, -0.11217605, -0.10000160, -0.08823090, -0.07837109, -0.07031439, -0.06120156, -0.05248168, -0.04357804, -0.03462287, -0.02615609, -0.01824521, -0.01037175, -0.00085340,  0.00636891,  0.01230167,  0.01781505,  0.02101610,  0.02421139,  0.02489862,  0.02397709,  0.02365533,  0.02658482,  0.03096478,  0.03576803,  0.03955292,  0.04330227,  0.04449018,  0.04485894,  0.04515536,  0.04526887,  0.04626989,  0.04817897
  0.65213458,  0.26913961, -0.13834517, -0.31238040, -0.33513872, -0.29012180, -0.18206434, -0.05639302, -0.00342913,  0.02406945,  0.04125375,  0.06547215,  0.09994630,  0.11601214,  0.12327037,  0.13320682,  0.13108085,  0.11163055,  0.08464212,  0.06859244,  0.04552652,  0.02996018,  0.02900545,  0.02434576,  0.02092933,  0.01762482,  0.01174775,  0.00852168,  0.01285575,  0.01509440,  0.00214105, -0.00257532, -0.00827868, -0.02316447, -0.03423865, -0.05695707, -0.07180470, -0.06264505, -0.04039098, -0.02969167, -0.02599737, -0.02914049, -0.03704706, -0.05409949, -0.06074243, -0.06219551, -0.06178287, -0.05642463, -0.05295060, -0.05193784
  0.03299560, -0.02526393, -0.03487625, -0.03217584, -0.02470996, -0.00531002,  0.01514218,  0.02352763,  0.03895392,  0.05295688,  0.06617381,  0.07670206,  0.07706174,  0.06948718,  0.05503516,  0.03002841, -0.00730255, -0.05099791, -0.09589530, -0.14376500, -0.18425706, -0.20931754, -0.22123715, -0.21896113, -0.19830417, -0.16004815, -0.10620335, -0.03841437,  0.03371145,  0.10383894,  0.17345334,  0.23226604,  0.27234107,  0.29531509,  0.29426279,  0.27397182,  0.24130272,  0.19365628,  0.13002262,  0.06040411, -0.00830134, -0.07105815, -0.12295590, -0.15543026, -0.16854421, -0.16563237, -0.14795982, -0.11931879, -0.08353342, -0.04288337
 -0.06671734,  0.05316617,  0.06254933,  0.03592448,  0.00395867, -0.03658630, -0.06772700, -0.06524860, -0.06029834, -0.04764425, -0.03092445, -0.01164396,  0.01828362,  0.05232549,  0.08366269,  0.11594276,  0.14688573,  0.16582176,  0.16361875,  0.14784456,  0.10986152,  0.05100574, -0.01331582, -0.08080470, -0.14706323, -0.20703965, -0.25462719, -0.28597975, -0.29495525, -0.27776841, -0.24727056, -0.19611334, -0.12474137, -0.04742713,  0.03566582,  0.10865590,  0.16322521,  0.20029312,  0.22712803,  0.23478345,  0.22228164,  0.19364591,  0.15391444,  0.09905376,  0.04137529, -0.00971744, -0.05134949, -0.07908139, -0.09260731, -0.09391129
  0.00256618, -0.03196117,  0.00420677,  0.02018050,  0.00919126, -0.01001392, -0.03370534, -0.04198055, -0.01384638, -0.00303099,  0.02522062,  0.07199101,  0.10490526,  0.13049523,  0.16210122,  0.17228418,  0.14038822,  0.09456811,  0.02250179, -0.06402073, -0.14074477, -0.18019669, -0.20730633, -0.23552640, -0.22729496, -0.20295130, -0.16218031, -0.11269181, -0.07657068, -0.03678551, -0.00785135,  0.00350352, -0.00502597, -0.01196068, -0.03920117, -0.08544774, -0.09570664, -0.11460809, -0.13793771, -0.14039665, -0.12141760, -0.08885063, -0.02751678,  0.04636779,  0.13940881,  0.21572941,  0.27644782,  0.32314590,  0.34830848,  0.34438216
 -0.38130099,  0.33586069,  0.26490539,  0.10277135,  0.00732251, -0.16782300, -0.28409057, -0.14429392, -0.09105141, -0.05941577, -0.05255317, -0.07342080, -0.04643045, -0.01217987,  0.00501550,  0.05065088,  0.13694417,  0.20419105,  0.19338650,  0.21835596,  0.19505337,  0.11558881,  0.07386248,  0.04982807,  0.03558050,  0.01908754,  0.01606544, -0.00775167, -0.00882754,  0.05053757,  0.03175417,  0.03284297,  0.08574941,  0.10407171,  0.14549345,  0.12249772,  0.02841344, -0.09347862, -0.13403517, -0.16372838, -0.19203618, -0.19434715, -0.15351416, -0.16855985, -0.16226025, -0.12245905, -0.07171834, -0.00151238,  0.06729404,  0.09282079
 -0.30244668,  0.34579159,  0.19025380, -0.02465896, -0.11432072, -0.24247825, -0.27673862, -0.02729382,  0.11649564,  0.20587936,  0.24735652,  0.20680662,  0.16672500,  0.11382321,  0.01399720, -0.06873919, -0.09956321, -0.12561363, -0.20244524, -0.18775865, -0.17782540, -0.17940154, -0.11038930, -0.03192040,  0.04747622,  0.08720035,  0.10501875,  0.07116125,  0.02261689,  0.01993409, -0.07304481, -0.11215860, -0.06704477, -0.04052658,  0.01733475,  0.02583598, -0.00442517, -0.06893196, -0.02979036,  0.02135406,  0.06199255,  0.12158599,  0.19868293,  0.16928656,  0.13728010,  0.10048263,  0.04213511, -0.01417394, -0.08662387, -0.18775737
 -0.00000187,  0.10719286, -0.03243473, -0.17695932, -0.21055736, -0.09407043,  0.12556511,  0.29088620,  0.32242894,  0.25651534,  0.13602489, -0.00813262, -0.14954876, -0.23766941, -0.24632699, -0.20766652, -0.14846316, -0.08704173, -0.02234372,  0.04112925,  0.08651625,  0.11404017,  0.11861289,  0.10022375,  0.03494633, -0.07092765, -0.16603610, -0.22962123, -0.23339516, -0.18545323, -0.09875567,  0.02832530,  0.14839922,  0.20196272,  0.16181767,  0.06265175, -0.02796133, -0.07340689, -0.06791053, -0.04133616, -0.01520373,  0.00297213,  0.00018056, -0.01555460, -0.00830863,  0.02765499,  0.07900441,  0.11780853,  0.13948694,  0.15135973
  0.16931395, -0.22715252, -0.01081573,  0.22155201,  0.06957742, -0.13502203, -0.16273406, -0.16145381, -0.02457106,  0.04938505,  0.07883600,  0.19170676,  0.22228172,  0.07809466, -0.02650575, -0.05194934, -0.11428851, -0.16149799, -0.12390958, -0.11925252, -0.05406110,  0.08590018,  0.12679828,  0.10980901,  0.13733403,  0.18180584,  0.11354281, -0.00812094, -0.11331455, -0.20726228, -0.18362600, -0.18769979, -0.20786062, -0.05857625,  0.11603194,  0.18041623,  0.17766269,  0.18508140,  0.06742974, -0.03419090, -0.06222516, -0.12067707, -0.17573515, -0.11757193, -0.08748778, -0.10831943, -0.07181077,  0.04115802,  0.19561219,  0.31841570
 -0.06849302,  0.31356541, -0.23651760, -0.35519311,  0.27394377,  0.33183991, -0.11579233, -0.16546676, -0.05916259,  0.10378657,  0.08200214, -0.11534390, -0.05123057,  0.20493163,  0.13474546, -0.14746192, -0.12753051, -0.00769095, -0.07159716, -0.04747715, -0.04933419, -0.03010595,  0.15610288,  0.20906965, -0.03701390, -0.17411578,  0.04261172,  0.07496205, -0.09003867, -0.11087664, -0.08420913,  0.08421913,  0.13989574, -0.12475443, -0.19277670,  0.04617984,  0.16872672,  0.03753728,  0.05128685,  0.03978044, -0.05451087, -0.02417026, -0.02239286, -0.17083249, -0.03839209,  0.14708292,  0.05072726, -0.08429391,  0.00039066,  0.16350512
  0.07027970, -0.03694562, -0.27022750,  0.19023459,  0.27958924, -0.19545898, -0.23859657,  0.04402088,  0.21733141,  0.13511557, -0.09608715, -0.08095903,  0.13355621,  0.06491462, -0.24438657, -0.22281964,  0.04911969,  0.09370280,  0.06291886,  0.04516681,  0.04631747,  0.14085970,  0.09766931, -0.18177415, -0.31755405, -0.06260232,  0.11456682, -0.02336979, -0.06655393,  0.04293702,  0.20044932,  0.21255781, -0.06556180, -0.19940383,  0.01742075,  0.14512522, -0.04427034, -0.14460682, -0.06706977, -0.03348097,  0.03622250,  0.09186411, -0.00926955,  0.06609834,  0.21831517,  0.07102401, -0.15570167, -0.13971988, -0.00194933,  0.01103714
 -0.02784337,  0.00164462, -0.01307241,  0.00433217,  0.01652072, -0.01974937,  0.00013748,  0.10694900,  0.18720655,  0.06141837, -0.16177843, -0.23834078, -0.16786585, -0.06502578,  0.00944953,  0.10755723,  0.26364699,  0.30045482,  0.09903551, -0.20413870, -0.33547862, -0.25323046, -0.09927802,  0.02960947,  0.13103085,  0.26568418,  0.30374311,  0.09766232, -0.17624360, -0.25160588, -0.09888158,  0.04381433,  0.04431886,  0.00001658,  0.01149603,  0.02912672, -0.03181637, -0.09801543, -0.04432479,  0.11802352,  0.19766915,  0.10844238, -0.05434063, -0.12565635, -0.09055050, -0.04719190, -0.05820133, -0.03467398,  0.06928417,  0.08905989
  0.07393270, -0.09130170, -0.01011056,  0.02714405, -0.03137518,  0.03942287,  0.00341432, -0.18067133, -0.00394169,  0.27052375,  0.18268875,  0.00001262, -0.08886334, -0.15313095, -0.10501231, -0.11066284, -0.16866835,  0.04071510,  0.37802528,  0.28868123, -0.00453999, -0.16170139, -0.20333385, -0.13709549, -0.12780354, -0.09387940,  0.08785476,  0.32362517,  0.27699399, -0.10440310, -0.22891789, -0.09967652,  0.00218905,  0.01447753, -0.01203378,  0.00848776,  0.06705169,  0.11425917, -0.11859966, -0.19573880,  0.04021032,  0.16462429,  0.10015982,  0.02907131, -0.10036049, -0.06549537,  0.03894822, -0.06384363, -0.06724902,  0.15595207
 -0.01349872,  0.12036660, -0.09325542, -0.22606565,  0.11007772,  0.10137617,  0.01822377,  0.14987020, -0.04990743, -0.13604175,  0.17440201,  0.19284364, -0.09937086, -0.16275488, -0.16033927, -0.12652642,  0.14100802,  0.09800531, -0.13596910,  0.10431163,  0.24349265, -0.09046999, -0.30337541, -0.18395671, -0.04319049,  0.09470138,  0.20890435,  0.02684020, -0.03725406,  0.16617043,  0.01922834, -0.22927874, -0.14571320, -0.04303950, -0.03056429,  0.03653892, -0.02310645, -0.06857039,  0.23593539,  0.24725662, -0.14342861, -0.09763670,  0.10369632, -0.01482003, -0.02437607, -0.08450905, -0.21869619,  0.00010318,  0.23641625,  0.15617176
  0.00591560, -0.10042183,  0.27643494, -0.14052441, -0.19874798,  0.20230670, -0.10081752, -0.02795432,  0.20196457, -0.11293061, -0.17479887,  0.17957174,  0.11392548, -0.08026031,  0.07453937, -0.10088238, -0.21176694,  0.21428552,  0.04785402, -0.21608229,  0.11461224,  0.21965390, -0.04142188, -0.11720319, -0.04550067, -0.12225524,  0.01552144,  0.22777205, -0.07970074, -0.09826338,  0.17489781,  0.00036051, -0.11658715,  0.02900439, -0.01319463, -0.06042726,  0.13964609, -0.05157102, -0.24184812,  0.18980146,  0.18683626, -0.22204413,  0.03572092,  0.07218440, -0.09368225,  0.12800427,  0.02282795, -0.22892038,  0.00249864,  0.12166490
  0.00224562,  0.04288346, -0.09984711, -0.01301822,  0.07829401,  0.13900673, -0.06436904, -0.26802101,  0.01009111,  0.23069408, -0.03252336,  0.03064387,  0.12791705, -0.21361942, -0.18955580,  0.12382034,  0.13409301,  0.05505065,  0.01996724, -0.08742949, -0.01804312, -0.02232019, -0.18660775,  0.08694887,  0.30853238,  0.03581996, -0.19437354, -0.13111066, -0.04291573, -0.06287779,  0.14653165,  0.24939918, -0.04235563, -0.14774732,  0.06536108, -0.00887803, -0.15725926,  0.04824314,  0.12352008, -0.00628807, -0.14287653, -0.18587414,  0.17486222,  0.34521786, -0.10444775, -0.15922406,  0.13412731, -0.13137104, -0.17086791,  0.17054272
  0.04484393, -0.11631866,  0.00367204,  0.09356264,  0.10962032, -0.08392111, -0.24917068,  0.05200649,  0.25082489,  0.00236074,  0.01283612,  0.04793694, -0.25580114, -0.17757153,  0.17347694,  0.16490790,  0.04620667, -0.00642866, -0.10123430, -0.04645017, -0.01496912, -0.13451239,  0.08883778,  0.28287013, -0.00211391, -0.21991049, -0.12270948, -0.00296320,  0.00495240,  0.16399735,  0.22381579, -0.07987872, -0.16047518,  0.03378740, -0.04702745, -0.12262169,  0.07544385,  0.12844056, -0.03974186, -0.14687740, -0.12013557,  0.22581786,  0.33862781, -0.10871142, -0.20891246,  0.05058021, -0.14206323, -0.13712597,  0.19139190,  0.03684189
 -0.06155286,  0.10085979, -0.01353036, -0.05367783, -0.04639043, -0.01983731,  0.05771966,  0.04600727,  0.12038734,  0.20354424, -0.10201567, -0.26333230, -0.04084771,  0.01692005,  0.00817976,  0.13782129,  0.11919160, -0.07392037, -0.19331966, -0.17235823,  0.02097369,  0.23517277,  0.08394516, -0.08877903, -0.10569989, -0.19648732, -0.11106342,  0.15657234,  0.32979654,  0.16271716, -0.10116143, -0.13661479, -0.21652828, -0.22992317,  0.07261739,  0.19244925, -0.00918701, -0.10470004,  0.03906880,  0.15077296,  0.16129922,  0.02355735, -0.03099243, -0.01967778, -0.22678557, -0.28095193,  0.13815683,  0.20904581,  0.00487898,  0.10785604
 -0.02033732,  0.04858634, -0.07210679,  0.03118327,  0.05415445, -0.08112874,  0.00876070,  0.10349182,  0.13777633, -0.12608563, -0.29869289,  0.01382769,  0.17775853,  0.05288615,  0.01117378,  0.07400194, -0.00850234, -0.21921528, -0.08519679,  0.15812398,  0.18927522, -0.06286570, -0.15402015,  0.05489285, -0.05162775, -0.10136599,  0.17762683,  0.20156342, -0.04604106, -0.19978773, -0.06462451, -0.00164325, -0.07428438,  0.09902002,  0.25724522, -0.00406646, -0.27118042, -0.02074767,  0.22285869,  0.01296585, -0.15375826,  0.06760868,  0.05181117, -0.19667095, -0.18896187,  0.25068927,  0.32872990, -0.13535718, -0.16737764,  0.01963223
  0.05012362, -0.10311994,  0.01534082,  0.06663171,  0.05665326, -0.02677311, -0.20244821, -0.00841399,  0.22321460,  0.08700869, -0.08388715, -0.18537539, -0.05748013,  0.23188311,  0.18790295, -0.10625273, -0.20333355, -0.09589873, -0.03718006,  0.15203990,  0.24653152,  0.00074320, -0.23261263, -0.20057209,  0.12386709,  0.20033025, -0.01742982, -0.03804528, -0.09033309, -0.12453951,  0.04054353,  0.16923571,  0.12691951, -0.04141339, -0.23048367, -0.08752125,  0.12090805,  0.01756158,  0.01535663,  0.10440490, -0.05243938, -0.06060868,  0.16764665,  0.02617129, -0.23691033, -0.18401627,  0.04899704,  0.31807210,  0.12156011, -0.21253915
  0.01068604,  0.00299738, -0.08066307,  0.03202181,  0.09245436,  0.09223304, -0.08470500, -0.19970122, -0.00364192,  0.11559898,  0.06901714, -0.05066258, -0.18074841, -0.08196226,  0.17785419,  0.28550616,  0.05444827, -0.15373226, -0.20870158, -0.11427254,  0.12042621,  0.25103381,  0.12142086, -0.18666797, -0.19652773,  0.04929776,  0.15277960,  0.12367293, -0.01683198, -0.18873934, -0.19792879,  0.00025847,  0.18901267,  0.31435707,  0.14074121, -0.21414296, -0.18345258, -0.04129499, -0.00546284, -0.01734636, -0.02346956, -0.06911686,  0.06531727,  0.23233533,  0.13081643, -0.06842552, -0.21777336, -0.11606946,  0.08739670, -0.00973298
 -0.15069680,  0.26147672, -0.08071604, -0.01304620, -0.06990792, -0.07372540,  0.10532211,  0.05137014,  0.03850001,  0.07846167, -0.12732000,  0.00314439,  0.04374002, -0.06682245,  0.08383131,  0.16061285, -0.23876878, -0.16883019,  0.14018070,  0.01030542,  0.00192258,  0.07010131, -0.06215801, -0.14953108, -0.06338631,  0.11251354,  0.16829983, -0.18044367, -0.14320339,  0.23628338,  0.10184765,  0.05554270, -0.06481272, -0.14125602, -0.06408300, -0.34698786,  0.00054573,  0.32710438,  0.11584066, -0.12576674,  0.24055572,  0.11139657, -0.23440177,  0.00395146, -0.06236847, -0.09276765,  0.03752882, -0.17299494,  0.13785516,  0.19591881
  0.00605167, -0.11778950,  0.25015431, -0.17768845,  0.06323874,  0.00958154, -0.18967089,  0.24534405, -0.14128533,  0.05260075,  0.05705483, -0.17005660,  0.18074492, -0.10530504,  0.05192811,  0.06918202, -0.00516664, -0.08893167, -0.06223949,  0.13466553, -0.15567348,  0.14990064,  0.01974762, -0.14662429,  0.08528665, -0.06159366,  0.02085823,  0.12764135, -0.18711081, -0.04881176,  0.22481450, -0.10414985,  0.12079772,  0.00466547, -0.14180040,  0.03956748, -0.21019975,  0.16408457,  0.00750133, -0.04761912, -0.00182989,  0.06126180,  0.17159391, -0.21976679,  0.22385365, -0.17941835, -0.09141992,  0.13674047, -0.29478004,  0.27009763
  0.02559470, -0.06815101,  0.10143139, -0.17019667,  0.25744307, -0.22300053,  0.10580028,  0.00339754, -0.12421208,  0.17760029, -0.22423745,  0.18443605, -0.08910338,  0.00204046,  0.13415474, -0.16652988,  0.13339613, -0.10609536,  0.10030381, -0.08733058,  0.02629651,  0.05911153, -0.09224708,  0.07532066, -0.01840871,  0.04885141, -0.09649265,  0.08687989, -0.08789935,  0.06540162, -0.02431926, -0.11771385,  0.20763532, -0.14943097,  0.16622539, -0.09364011,  0.03489913,  0.09385424, -0.31766807,  0.29041279, -0.25765429,  0.18346012, -0.06308963,  0.01542991,  0.12675136, -0.20823993,  0.19196774, -0.15199503,  0.09257067, -0.05303550
  0.00272835, -0.02165830,  0.04686076, -0.00719061, -0.09113959,  0.15703708, -0.13186507,  0.03490440, -0.09611318,  0.18135842, -0.01941354, -0.03253310,  0.04719055, -0.13138944,  0.13404850, -0.14310796,  0.05055740,  0.02860378, -0.05989432,  0.08305700,  0.02457698, -0.13039828,  0.06790538,  0.14781404, -0.34139587,  0.25816154,  0.00717533, -0.24071571,  0.24874155, -0.10779832,  0.08493663, -0.03550059,  0.00617973, -0.10973699,  0.06612808,  0.11457198, -0.35696188,  0.32295091, -0.11844262,  0.11016433,  0.16060144, -0.25756285,  0.09469683, -0.14099083, -0.03420788,  0.08431729,  0.06543953, -0.03861997,  0.15025007, -0.13431307
  0.02277193, -0.10340530,  0.05058315,  0.10053742, -0.00083010, -0.01481669,  0.02535450, -0.08707246, -0.21542259, -0.05936346,  0.12467524,  0.10645845,  0.13721008,  0.01794745,  0.06658068, -0.02644091, -0.13583023,  0.01156293, -0.05520629, -0.04859665,  0.16318919, -0.03638276, -0.12897459,  0.29663154, -0.07103226, -0.22612766,  0.20208000, -0.11587887, -0.16589757,  0.08189064, -0.01300852,  0.09416319,  0.23236337, -0.00781714, -0.08102232,  0.14769648, -0.28239167, -0.31529245, -0.06546136,  0.01232219,  0.32779697,  0.22337405,  0.04468781,  0.05241174, -0.20088481, -0.26172114,  0.01751806, -0.02939976,  0.10851375,  0.07996846
  0.02565489,  0.02346660, -0.14278248,  0.02986388,  0.13027112, -0.11605091,  0.04300075,  0.06528349,  0.10063414, -0.00784633, -0.20256925, -0.09479056,  0.11627025, -0.09123500,  0.16795784, -0.09942577,  0.04608964,  0.16762141, -0.21249074, -0.03174502,  0.07981301,  0.14925201, -0.31290431,  0.05243358,  0.17951161, -0.06078080,  0.11820805, -0.27307479,  0.19293903,  0.16969129, -0.30217065, -0.13463156,  0.08989324,  0.20140409, -0.15900759,  0.11023086,  0.13701237,  0.11548696, -0.19242611, -0.20830285,  0.09487016, -0.14193347,  0.11666086, -0.02009284,  0.16273079,  0.05590893,  0.03043624, -0.11668607, -0.14407949,  0.09242673
  0.04435773, -0.09064944,  0.09436910,  0.00502887, -0.10272417, -0.05346091,  0.02626361,  0.12149648,  0.03820020,  0.08957962, -0.00490454, -0.22510006, -0.08939967,  0.05432118,  0.09677611, -0.02077475, -0.15737119,  0.18956649,  0.13990075, -0.17015060,  0.00844625, -0.05694508,  0.01769925,  0.19146181, -0.18474245, -0.17009217,  0.29395169,  0.08261953, -0.22106913,  0.14267198,  0.00782243, -0.19018292,  0.02181199, -0.05769960, -0.00077709,  0.15091233, -0.02870732,  0.16287257,  0.26267946, -0.13665225, -0.29725165, -0.25382647, -0.04860497,  0.34131479,  0.07559582, -0.08528720,  0.11416657,  0.03327492, -0.02327662, -0.13755135
 -0.01375871, -0.02648671, -0.00384695,  0.17661744,  0.00269349, -0.17709206, -0.16380375,  0.07461407,  0.11439246,  0.07774381,  0.06996236,  0.01348069, -0.11748990, -0.15063536,  0.06279837,  0.13320457, -0.03603076, -0.13642921,  0.03772465,  0.12712396,  0.05466454, -0.11285166, -0.17363503,  0.20686169,  0.13426790, -0.24322525, -0.14012231,  0.17002494,  0.13440796, -0.06743960, -0.01597760,  0.05564218,  0.10837199, -0.07138032, -0.21002463, -0.04195305, -0.04654774, -0.03700807,  0.16136026,  0.32634498,  0.15375729, -0.27393191, -0.36974843, -0.04422179,  0.30126270,  0.05518120, -0.06793395, -0.08042961,  0.04981072,  0.01969825
 -0.05904989,  0.04443596,  0.12812313, -0.08637707, -0.10478006, -0.13328537,  0.21683042,  0.18806961, -0.00098811, -0.18137633, -0.16230661,  0.07119890,  0.06601104, -0.03877029,  0.09299149,  0.07092665,  0.02921415, -0.11528273, -0.18063050,  0.23068378, -0.03126691, -0.19169415,  0.15067866,  0.04431284, -0.10073612, -0.06229083,  0.08979220,  0.07354278,  0.07234215, -0.17384517, -0.19797365,  0.37474176,  0.02971001, -0.32176873, -0.02477059,  0.08438338,  0.16542469,  0.05455838, -0.11413797, -0.07094145, -0.08337041, -0.11316447,  0.19194489,  0.23965756,  0.01925711, -0.10684456, -0.23761073, -0.04257193,  0.05536814,  0.15169870
 -0.04126012,  0.15666002, -0.21047928,  0.09548394, -0.03041284, -0.02291879,  0.16851625, -0.05254882, -0.05615431, -0.03510368,  0.00987768,  0.03934454, -0.14384640,  0.02547031,  0.30706209, -0.13410871, -0.10068409, -0.13575502,  0.18691032,  0.15062884, -0.31751229,  0.17386108, -0.10731668,  0.07762070,  0.03605999, -0.10963302,  0.14538447, -0.07193552,  0.00240939, -0.15605484,  0.23174718,  0.04763017, -0.38149166,  0.17901138,  0.11024634,  0.07296296, -0.00106095, -0.15428534, -0.05411931,  0.10901650, -0.01197445, -0.15613819,  0.21088562, -0.05698365,  0.16770786, -0.23645959,  0.02919559,  0.03014268,  0.03477011, -0.02035437
 -0.03331058,  0.11942667, -0.14905810,  0.14809091, -0.29892991,  0.27624383, -0.09157723,  0.14590170,  0.02874413, -0.13832997, -0.06194399, -0.01074454,  0.01635872,  0.09850785, -0.15203762,  0.14991443,  0.12896125, -0.23196793,  0.08844108, -0.14126586,  0.11179143,  0.08581508, -0.19051258,  0.10338946, -0.09372063,  0.14218215, -0.09139610,  0.08003826,  0.04157640, -0.19350988,  0.13946288, -0.17433020,  0.17564130, -0.08044221, -0.17188424,  0.21984524,  0.15721738, -0.02075868, -0.05724366, -0.19368975, -0.09112388,  0.12293181,  0.06991652, -0.03111599,  0.20395484, -0.19192726,  0.10072705, -0.20810701,  0.15903990, -0.01516035
 -0.06720055,  0.02475706,  0.05372413,  0.17892118, -0.16129834, -0.11692380,  0.04884651, -0.06069244,  0.06943119, -0.03116956, -0.03636382,  0.10608508,  0.10277727,  0.13797345, -0.19715436, -0.29355204,  0.22497998,  0.12149696, -0.01251848, -0.07588625, -0.17542193,  0.13352463,  0.10990836,  0.08842023, -0.18000824, -0.11282994,  0.04941153, -0.00105304,  0.16490141, -0.05779328, -0.06326666,  0.05392879,  0.16475421,  0.17215457, -0.29675589, -0.39471230, -0.02713275,  0.11336231,  0.25621784,  0.15207612, -0.11724884, -0.03180482,  0.15812793, -0.09962447, -0.07737505, -0.19072747,  0.06665905, -0.01075882,  0.00756384,  0.12929553
  0.02257421, -0.02518284,  0.01923021,  0.04211011, -0.01534188, -0.08317260,  0.05585082, -0.10461894, -0.09039529,  0.06821857,  0.22646336,  0.16173674, -0.15356864, -0.31661015, -0.06302429,  0.11857081,  0.25907068, -0.00940605, -0.20385149,  0.00860498,  0.07367316,  0.16829536, -0.04579085, -0.03776010, -0.13736499, -0.06538402,  0.28729237,  0.03224792, -0.19243422, -0.09229399,  0.08893413,  0.20957230, -0.06960014, -0.10361702, -0.18763172,  0.04525000,  0.26625018,  0.11482062, -0.09066152, -0.07338008,  0.03798754, -0.04265762, -0.06857729, -0.17120748, -0.03829609,  0.05602179,  0.34892943,  0.11858918, -0.12844783, -0.22012031
  0.02904640, -0.10012547,  0.11086216,  0.01392068, -0.08062501,  0.00165362,  0.07480282, -0.18714176,  0.10015736,  0.15625506, -0.05888036, -0.12360308,  0.02499184,  0.02037006, -0.06021273,  0.18272964,  0.05330967, -0.29613317,  0.04254039,  0.23816164, -0.10017012, -0.11979519,  0.12644903, -0.00400320, -0.16018364,  0.14380543,  0.13656372, -0.23388149, -0.08524439,  0.22055680,  0.06935526, -0.21410806,  0.07647180,  0.11091890, -0.21294090,  0.10723512,  0.18512904, -0.27174301, -0.08654536,  0.28514724, -0.09456043, -0.10840727,  0.06931422,  0.06217999, -0.10987023,  0.15259489,  0.04604181, -0.16293036, -0.15325935,  0.18379941
  0.00508112, -0.03971703,  0.07803218, -0.04373395,  0.03125341, -0.02080648, -0.03874759, -0.04691024,  0.12316581, -0.10582435, -0.01471749,  0.20304503, -0.02768260, -0.27945417,  0.17212783,  0.10550033, -0.21228614,  0.03130630,  0.23745498, -0.12833021, -0.20902230,  0.26244624,  0.04140982, -0.16626215, -0.01148107,  0.12153055, -0.03091895, -0.11452397,  0.11558528,  0.08691272, -0.24836783,  0.14919628,  0.16092530, -0.18269463, -0.14148755,  0.27124276, -0.13435280, -0.15011778,  0.28240243,  0.02169899, -0.21211345,  0.07763558,  0.11265473, -0.19742935, -0.00721328,  0.08665223,  0.04377117, -0.06008926,  0.08449332, -0.08126779
 -0.03067527,  0.14372821, -0.17866313, -0.07563832,  0.21168467, -0.04073666, -0.00852381,  0.08970193, -0.09154166,  0.02740519, -0.24205232,  0.14179681,  0.30894949, -0.21797387, -0.19415136,  0.16679808, -0.01840737, -0.11586047,  0.22572310, -0.06672588, -0.10578297, -0.02486972,  0.11751798, -0.00929411,  0.05601707, -0.19229440,  0.09729992,  0.06414803,  0.03258233, -0.11038073,  0.06138669, -0.18008023,  0.09026853,  0.18525653, -0.20226205,  0.06884215,  0.01050273,  0.10282367, -0.13053902,  0.05797525,  0.03559343, -0.09483670,  0.02686796,  0.13696627, -0.21558783,  0.04213668, -0.13584618,  0.27199208,  0.17580600, -0.26704715
 -0.01560042,  0.04441911, -0.09355973,  0.15766105, -0.10955830, -0.01436052,  0.02792383,  0.01003126, -0.05727733,  0.08873085, -0.11868450,  0.24746851, -0.28976072,  0.11215239,  0.00601544,  0.08724877, -0.14452149,  0.12712514, -0.05155752, -0.06950316,  0.05319848,  0.04772982, -0.02695870, -0.05664012,  0.07489327, -0.12209290,  0.21084276, -0.23430148,  0.20677353, -0.22610764,  0.24106464, -0.20990816,  0.26853427, -0.27853125,  0.13141885, -0.03969434,  0.00713328,  0.00264848, -0.02190189,  0.06303405, -0.09175561,  0.07011615, -0.01321240,  0.00173357, -0.06604227,  0.15746516, -0.17494900,  0.20620977, -0.27961939,  0.15453336
 -0.03695750, -0.00389736,  0.19558451, -0.22117460,  0.13131037, -0.22008884,  0.23363461, -0.17651554,  0.16770868, -0.15431920,  0.18972593, -0.15858173, -0.02000353,  0.10882533, -0.00218285, -0.03574375,  0.11187161, -0.14006931,  0.07750014, -0.09933934, -0.01006383,  0.24621887, -0.30050309,  0.18559980, -0.12884257,  0.08958395, -0.04183176, -0.02687308,  0.12107325, -0.20443800,  0.18462429,  0.01388946, -0.06475526,  0.02844747, -0.15473218,  0.13671336, -0.13913597,  0.15503207, -0.01341920, -0.05315579, -0.03379014,  0.11813977, -0.15220811,  0.15687394, -0.13970237,  0.21527153, -0.23174241,  0.03745300, -0.00572653,  0.06473157
 -0.00590108, -0.04340812,  0.11758285, -0.00232018, -0.13526492,  0.07198183, -0.05346470,  0.07024478, -0.09961506,  0.12613061, -0.02177257, -0.00656224, -0.12611022,  0.12533099,  0.05399570, -0.12761514,  0.17252494, -0.15847002,  0.10268575, -0.16872041,  0.20341699, -0.13907597,  0.17559325, -0.29373294,  0.30299427, -0.24320145,  0.20055274, -0.17507067,  0.11141755, -0.04822334, -0.02746448,  0.18801580, -0.21288688,  0.16366530, -0.22460291,  0.20833045, -0.18019692,  0.14022045, -0.06166418,  0.06696611, -0.14879613,  0.16860780, -0.11844789,  0.04166234,  0.01240813,  0.03761926,  0.01241905, -0.17004146,  0.08245784,  0.03581164
 -0.03943186,  0.12543873, -0.21289665,  0.21656342, -0.07872790, -0.08859593,  0.13723458, -0.07354207,  0.05752208, -0.12609295,  0.12873125, -0.06099279,  0.07878887, -0.18709244,  0.23402624, -0.14614538,  0.09686993, -0.14970753,  0.25395638, -0.35541692,  0.30792327, -0.19074503,  0.10215601, -0.02309931, -0.06817684,  0.10142363, -0.10677234,  0.14641238, -0.16440307,  0.11503031, -0.05234045,  0.02247957,  0.03628427, -0.04475301, -0.01724334,  0.01350759, -0.04109286,  0.06933791, -0.10744534,  0.10486135, -0.00442373, -0.08561258,  0.15891373, -0.10987532,  0.00486109,  0.05331530, -0.12271508,  0.19864358, -0.27559580,  0.16867659
  0.02777106, -0.02054866, -0.00452306, -0.13314290,  0.14432720,  0.18198986, -0.29772368, -0.00075287,  0.38093162, -0.42842317,  0.09804488,  0.16307672, -0.11999660,  0.02855125, -0.07650573,  0.02382378,  0.06180034, -0.13575754,  0.13186336,  0.04657126, -0.07655435, -0.07860344,  0.08008671,  0.05320277, -0.06395434, -0.03510283,  0.15167991, -0.18350052,  0.08873517,  0.07166196, -0.12585697,  0.00132328,  0.00400171,  0.01557628,  0.10211019, -0.03144268, -0.07554509,  0.12855030, -0.16137786,  0.05468154,  0.05986354,  0.00357721, -0.15409306,  0.14972449,  0.05264247, -0.26340468,  0.17757780,  0.17128976, -0.22562460,  0.03738489
  0.00468054, -0.02739869,  0.08645543, -0.03704031, -0.18181258,  0.25814546, -0.02706426, -0.24471740,  0.17782022,  0.14401506, -0.28633789,  0.13645799,  0.06559526, -0.15122747,  0.21701971, -0.32941322,  0.33467128, -0.18799829, -0.02769916,  0.15224519, -0.07549853,  0.02187024, -0.05523527,  0.03740367,  0.05458485, -0.09639179,  0.04464906,  0.05108421, -0.12625858,  0.10505194,  0.01357763, -0.08360682,  0.07120601, -0.09139494,  0.07443651,  0.00607694,  0.00909687, -0.08188485,  0.19611222, -0.22979574,  0.08351236,  0.09444631, -0.16112483,  0.03683595,  0.05566350,  0.05431853, -0.21766830,  0.19456411,  0.03178186, -0.09382983
  0.00422870,  0.00732789, -0.04914150,  0.05271476, -0.00655310,  0.00336760, -0.04913443,  0.07585030,  0.00292571, -0.16277953,  0.27674722, -0.31928813,  0.33746323, -0.33363985,  0.26517910, -0.15319034,  0.03680423,  0.04228268, -0.05028550,  0.03497263, -0.02507268, -0.02600175,  0.09219791, -0.10638009,  0.08193321, -0.06724525,  0.08596105, -0.13560636,  0.19256638, -0.20250912,  0.15482505, -0.13188550,  0.11745463, -0.09687765,  0.12366833, -0.16669695,  0.18396296, -0.13195799,  0.02996929,  0.08055033, -0.15752120,  0.17084207, -0.16612208,  0.15130397, -0.09601439, -0.01633540,  0.12483800, -0.12725100,  0.07952593, -0.03197285
  0.03587634, -0.07582784,  0.02649514, -0.02424735,  0.14150768, -0.08290692, -0.20668300,  0.38540925, -0.26055308,  0.01324123,  0.06805133,  0.07284049, -0.19289028,  0.08382076,  0.08651133, -0.16663040,  0.23109218, -0.25720020,  0.22123734, -0.09988536, -0.07869745,  0.12213511, -0.02564954, -0.03497569, -0.00282815,  0.05509721, -0.03981803, -0.01705927,  0.03525801, -0.00794927, -0.04249274, -0.00445779,  0.07356159, -0.04718824,  0.05668883, -0.08409065,  0.12124040, -0.16555860,  0.15335887, -0.19252474,  0.24953338, -0.24470724,  0.08822335,  0.17135490, -0.27028296,  0.15115145,  0.07919190, -0.10846821, -0.07404659,  0.08474853
 -0.02954811,  0.10144208, -0.15826320,  0.08782606,  0.06210309, -0.12021973,  0.06629784,  0.00486007,  0.04692475, -0.08388240, -0.06900774,  0.22181757, -0.16832909, -0.04769929,  0.20204673, -0.13297542, -0.03070888,  0.17062010, -0.23147956,  0.17200851, -0.07477454, -0.08515957,  0.20268621, -0.15918814, -0.02098461,  0.17983934, -0.23418707,  0.19206786, -0.06995871, -0.07208239,  0.16070873, -0.16653911,  0.05519993,  0.14250759, -0.28137885,  0.25435877, -0.15699991,  0.03638966,  0.04686917, -0.08864841,  0.06916111,  0.05078829, -0.17832715,  0.25579410, -0.14035768, -0.09118985,  0.18885994, -0.09596358, -0.09035898,  0.10706031
 -0.00410890, -0.02393928,  0.11290571, -0.16963112,  0.11388993, -0.00000939, -0.08725381,  0.09469230, -0.09852402,  0.17288739, -0.21306486,  0.11463033,  0.05905617, -0.15178465,  0.09525894,  0.04212199, -0.10284320,  0.05715251,  0.04460934, -0.16322359,  0.22298998, -0.16967743,  0.00664410,  0.17717428, -0.26490053,  0.19376238, -0.02873434, -0.12334555,  0.19218443, -0.16522262,  0.06017524,  0.11296445, -0.23893332,  0.23407007, -0.11445291, -0.07432291,  0.20032884, -0.24010529,  0.19611694, -0.08432113, -0.05222415,  0.15779361, -0.14028051,  0.00390430,  0.14853599, -0.15186264, -0.01059005,  0.15818270, -0.19027777,  0.09160727
 -0.00885711,  0.04971866, -0.13715779,  0.19636162, -0.19178727,  0.19411218, -0.22526259,  0.25345292, -0.18052118,  0.05582332, -0.00485854, -0.00539282,  0.02583919, -0.05903001,  0.06121353, -0.00878290, -0.02809873,  0.04751041, -0.06688898,  0.09620436, -0.18093398,  0.22553472, -0.20426697,  0.16076662, -0.11989906,  0.07494570, -0.05092333,  0.06720560, -0.10346765,  0.15077204, -0.20042398,  0.18397569, -0.12681431,  0.08649800, -0.04333720,  0.00366547, -0.01897151,  0.08704561, -0.17910070,  0.23737927, -0.24800902,  0.21851934, -0.17807317,  0.18697769, -0.18617964,  0.15618803, -0.12506326,  0.11437716, -0.11957073,  0.06760066
