 -0.03478852, -0.03850301, -0.04224504, -0.04601355, -0.04997427, -0.05400302, -0.05825406, -0.06273559, -0.06731856, -0.07180751, -0.07642911, -0.08117047, -0.08600072, -0.09042175, -0.09441856, -0.09846484, -0.10278050, -0.10704227, -0.11119247, -0.11510280, -0.11886215, -0.12244230, -0.12579105, -0.12937654, -0.13292972, -0.13694441, -0.14099426, -0.14495579, -0.14886157, -0.15244544, -0.15551557, -0.15880042, -0.16224564, -0.16569894, -0.16898240, -0.17250099, -0.17593071, -0.17932794, -0.18252666, -0.18537545, -0.18825646, -0.19118137, -0.19404440, -0.19666224, -0.19911250, -0.20144467, -0.20357846, -0.20595144, -0.20815753, -0.21050088
  0.14762284,  0.16546824,  0.18480039,  0.20515096,  0.22304839,  0.23782405,  0.24834959,  0.25447611,  0.25368437,  0.24841575,  0.24023336,  0.22996524,  0.21820422,  0.20421770,  0.18810219,  0.17078177,  0.15386596,  0.13722271,  0.12057965,  0.10447047,  0.08916461,  0.07441088,  0.06018395,  0.04747401,  0.03555458,  0.02497771,  0.01497553,  0.00537532, -0.00390307, -0.01340484, -0.02348244, -0.03336077, -0.04268374, -0.05111745, -0.05891277, -0.06631150, -0.07316205, -0.07946589, -0.08547549, -0.09100634, -0.09585465, -0.09969993, -0.10317104, -0.10628111, -0.10935128, -0.11220929, -0.11474726, -0.11631326, -0.11791285, -0.11923807
  0.37246911,  0.38485066,  0.36855495,  0.32012563,  0.25723749,  0.18325857,  0.10833572,  0.03730336, -0.01265353, -0.05199673, -0.08514004, -0.11422981, -0.13995239, -0.15831280, -0.16723161, -0.16681179, -0.16294315, -0.15620401, -0.14497870, -0.13267033, -0.12001998, -0.10605297, -0.09147318, -0.07998346, -0.07054486, -0.06423396, -0.06005991, -0.05796353, -0.05715849, -0.05555457, -0.05151071, -0.04411625, -0.03528834, -0.02749873, -0.02023698, -0.00962047,  0.00156502,  0.01335123,  0.02591077,  0.03712965,  0.04831076,  0.05772571,  0.06800216,  0.07786233,  0.08896523,  0.09948113,  0.10670272,  0.10761861,  0.10357160,  0.09356701
 -0.55379863, -0.30858852, -0.06411353,  0.10247745,  0.22005833,  0.26082292,  0.23721760,  0.15809206,  0.13016239,  0.11959619,  0.10818330,  0.08171723,  0.02718449, -0.03656137, -0.08831358, -0.11507940, -0.14288974, -0.16813506, -0.17366340, -0.17087846, -0.16428160, -0.14431984, -0.10801974, -0.07245832, -0.03059859,  0.00697498,  0.03927552,  0.05885617,  0.06293517,  0.05720354,  0.05132792,  0.05133037,  0.05048028,  0.03389210,  0.00237591, -0.01975082, -0.03924305, -0.05074862, -0.04985300, -0.04756099, -0.04355180, -0.05039615, -0.05288921, -0.05224815, -0.03192781,  0.01011297,  0.06670522,  0.12158185,  0.17704318,  0.21705326
 -0.07378534,  0.00633025,  0.04669187,  0.06718947,  0.05985488,  0.04015719,  0.01400198, -0.00568030, -0.04234517, -0.08694690, -0.13046996, -0.16366982, -0.17689401, -0.16988351, -0.14487191, -0.10771980, -0.05650687,  0.00587944,  0.07005511,  0.13346398,  0.19167166,  0.23785618,  0.26689305,  0.28220230,  0.28077010,  0.26429748,  0.23191586,  0.18738952,  0.13585995,  0.07953306,  0.02009066, -0.04184807, -0.10264498, -0.15420913, -0.19016142, -0.21296327, -0.21904397, -0.20892114, -0.18691652, -0.15347566, -0.11451627, -0.07007509, -0.02693531,  0.01323199,  0.04330514,  0.06031497,  0.06430335,  0.06083035,  0.04906551,  0.03469013
 -0.12980506, -0.08770429, -0.04422542, -0.01381614,  0.00591652,  0.01288760,  0.00433702, -0.01827792, -0.02285473, -0.00973217,  0.01313592,  0.03917903,  0.06015090,  0.08539210,  0.11547204,  0.13889911,  0.14196977,  0.13292088,  0.11887903,  0.10124210,  0.07606887,  0.04638053,  0.01592831, -0.02791936, -0.07363548, -0.13066538, -0.18392431, -0.22712472, -0.25990886, -0.27507538, -0.26753223, -0.25482715, -0.23770410, -0.21741179, -0.19016433, -0.15906966, -0.11924069, -0.07361660, -0.02196499,  0.03217534,  0.07403164,  0.09843543,  0.11276724,  0.12402332,  0.13736445,  0.15619428,  0.18335135,  0.20609329,  0.23355792,  0.25399510
 -0.23718558, -0.12923749,  0.06444150,  0.21547331,  0.29537655,  0.24411181,  0.08730394, -0.11098576, -0.20907229, -0.23438981, -0.20798611, -0.15518289, -0.10046565, -0.04411360,  0.02054407,  0.09318216,  0.13456646,  0.14149899,  0.13165471,  0.09867002,  0.05075365,  0.00894317, -0.01803753, -0.03067406, -0.02055557,  0.00703359,  0.03485984,  0.04318464,  0.02980940,  0.00055741, -0.03158912, -0.04698058, -0.05259025, -0.06050489, -0.06201160, -0.02278079,  0.04327724,  0.13146732,  0.22034016,  0.27028811,  0.26576354,  0.19156176,  0.07579458, -0.05729804, -0.16195671, -0.21610517, -0.22124011, -0.18654799, -0.12720970, -0.07079716
 -0.14855389,  0.12779206,  0.23807695,  0.21569334,  0.03597887, -0.16919063, -0.29944640, -0.25688711, -0.16823314, -0.06449868,  0.03039618,  0.10479183,  0.16488288,  0.18870218,  0.16274799,  0.08052422, -0.01115378, -0.07487943, -0.11100411, -0.10497397, -0.06266793, -0.00875473,  0.03265220,  0.07928151,  0.11123946,  0.12798134,  0.11218014,  0.07290859,  0.03083302, -0.01119134, -0.05461547, -0.09863983, -0.12841294, -0.11165031, -0.03492023,  0.06281732,  0.15279974,  0.19663216,  0.15620564,  0.04481386, -0.11090620, -0.23670338, -0.29405666, -0.25414990, -0.14865673, -0.02117019,  0.08332012,  0.15350472,  0.15635145,  0.11127891
 -0.11751492, -0.07407473, -0.00226652,  0.03363043,  0.05373733,  0.03583183,  0.00668452, -0.00970698,  0.05624204,  0.12908266,  0.15599118,  0.10988064, -0.00570588, -0.14751063, -0.24883222, -0.25464603, -0.18326442, -0.06835536,  0.05701306,  0.14117067,  0.16575650,  0.14809732,  0.11388281,  0.08871000,  0.08177106,  0.08246065,  0.05155072, -0.03507599, -0.15781606, -0.27432116, -0.32903421, -0.26764048, -0.10875541,  0.07996653,  0.22628647,  0.30353794,  0.27889995,  0.18190944,  0.06281366, -0.03555303, -0.06744683, -0.04105808,  0.02136676,  0.06709214,  0.07201967,  0.02764946, -0.05156156, -0.11938828, -0.14015313, -0.10005045
  0.06467456, -0.02352442, -0.05318137, -0.06027384, -0.03051560, -0.01169049, -0.00847782, -0.02831305, -0.00588825,  0.04188093,  0.08697808,  0.10540940,  0.08681546,  0.04367796,  0.00052178, -0.00815460,  0.01451445,  0.03558304,  0.02865126, -0.03256234, -0.13369578, -0.22941098, -0.26775687, -0.21712371, -0.07657084,  0.11689849,  0.29000404,  0.36338405,  0.30040843,  0.12401407, -0.09776798, -0.26226903, -0.31031592, -0.24985758, -0.13779642, -0.02116868,  0.04488824,  0.04834625,  0.01649448, -0.01814884, -0.00619470,  0.05405294,  0.14020080,  0.19898472,  0.20048174,  0.13553224,  0.02488991, -0.08404425, -0.13870591, -0.11717233
 -0.03805627, -0.04388330, -0.00570377,  0.05010238,  0.08574360,  0.06812625,  0.00029812, -0.07102084, -0.08340079, -0.03369196,  0.02836885,  0.05773133,  0.02791740, -0.03766812, -0.10546115, -0.13981139, -0.10983546,  0.00208831,  0.15628152,  0.28053834,  0.30342079,  0.20200913,  0.00813928, -0.20968372, -0.34178906, -0.34122455, -0.20106571,  0.00282633,  0.17319863,  0.24622956,  0.20840107,  0.08071698, -0.05407068, -0.12136383, -0.09383946, -0.01129560,  0.07748119,  0.11484645,  0.08054358, -0.01209007, -0.12352439, -0.19243111, -0.17278374, -0.06778555,  0.06915510,  0.16634697,  0.17569641,  0.08611304, -0.03283921, -0.12091996
  0.16552264, -0.05503428, -0.18037031, -0.19894572, -0.05903296,  0.10103170,  0.17675470,  0.08933688, -0.00360898, -0.02619612,  0.03003927,  0.12150021,  0.16954318,  0.14509358,  0.04276255, -0.09869721, -0.23756564, -0.31802463, -0.28773412, -0.16245680,  0.00947164,  0.16563658,  0.25142791,  0.21029793,  0.09339450, -0.03419886, -0.08445188, -0.05025979,  0.01275466,  0.05191423,  0.03460336, -0.04084723, -0.13530782, -0.20327555, -0.20925974, -0.13484523, -0.00800958,  0.11972777,  0.21739042,  0.24545933,  0.21033683,  0.11762220,  0.01795835, -0.05254722, -0.05809953, -0.01431046,  0.03406585,  0.01246664, -0.06063300, -0.16300634
 -0.20568452,  0.04100585,  0.20992636,  0.20867799, -0.08018660, -0.33220855, -0.33177837, -0.01551239,  0.25147161,  0.34936002,  0.25498044,  0.07194245, -0.06853759, -0.13585335, -0.14100768, -0.12065067, -0.07167640, -0.00897410,  0.02206660,  0.04512680,  0.04514790,  0.01077044, -0.03953344, -0.03487898, -0.00268795,  0.01726741, -0.01755245, -0.06662869, -0.05181874,  0.03071486,  0.11936021,  0.12341926,  0.03100517, -0.09337722, -0.18128274, -0.21850874, -0.15520607, -0.01519376,  0.12204115,  0.21396552,  0.20915398,  0.15921818,  0.09078889,  0.04717636, -0.00142599, -0.05433353, -0.09345697, -0.08010617, -0.05572840, -0.03628255
  0.06259994, -0.13589109, -0.07810219,  0.18413990,  0.29828573,  0.10178951, -0.23752797, -0.37976385, -0.30667319, -0.06886770,  0.15713420,  0.24743272,  0.22579621,  0.15768637,  0.06645850, -0.04499506, -0.10573473, -0.10382579, -0.08473296, -0.04496078,  0.02203624,  0.06645223,  0.04700739, -0.00020751, -0.02442276, -0.00477686,  0.02285770,  0.00410793, -0.05247237, -0.06655894,  0.00371216,  0.10428109,  0.16117630,  0.15001844,  0.07977524, -0.05898984, -0.18604073, -0.23996741, -0.20000426, -0.08547167,  0.03514420,  0.12012222,  0.14299328,  0.14393216,  0.13139729,  0.08787874,  0.01212460, -0.06859378, -0.11671371, -0.12253117
 -0.26868023,  0.15818067,  0.38902838, -0.06086574, -0.30408007, -0.03105432,  0.22374950,  0.02311467, -0.12356765, -0.24215869, -0.15339157,  0.15069609,  0.31023746,  0.16481179, -0.03954815, -0.09140936, -0.17296718, -0.14686943,  0.09374553,  0.22716938,  0.06288935, -0.12973229, -0.12272033,  0.01832803,  0.13016208,  0.06146569, -0.09391724, -0.15384873, -0.01597029,  0.09939983,  0.06512110,  0.02492369,  0.03745030,  0.00525397, -0.04732218, -0.00234804,  0.00341099, -0.01837243, -0.04607859, -0.08961500, -0.07293064,  0.02091576,  0.18273322,  0.20173844,  0.05701148, -0.10203314, -0.14837701, -0.05322529,  0.03443096, -0.01567236
  0.05824112, -0.32872502,  0.13327970,  0.23071043, -0.00918771, -0.22556039,  0.09382869,  0.13910146,  0.12371273,  0.00149879, -0.21516438, -0.24823013, -0.04791053,  0.18923436,  0.21668218,  0.15671201,  0.00879546, -0.27253216, -0.27236636,  0.02945386,  0.25668926,  0.12955952, -0.05572818, -0.18739056, -0.05105224,  0.07995138,  0.11488204,  0.00471431, -0.11673293, -0.06659605,  0.00997598, -0.00267005,  0.02542397,  0.06279481,  0.00741722, -0.02733076,  0.00413780,  0.00372859,  0.05352798,  0.03366803, -0.03149261, -0.14942843, -0.08094014,  0.11942316,  0.25066719,  0.14535345, -0.04258331, -0.21483181, -0.08928842,  0.03828804
 -0.14552749, -0.01788258,  0.21183647,  0.04324066, -0.11712612, -0.00166569,  0.08030508, -0.04774244, -0.07759340, -0.03915720,  0.07267355,  0.14910810, -0.02062080, -0.27259819, -0.15015545,  0.27501217,  0.34170694,  0.00213275, -0.23614630, -0.18679111, -0.04284577,  0.05348174,  0.10197992,  0.11544585,  0.08345377, -0.06609374, -0.21265700, -0.15488917,  0.11010921,  0.23139071,  0.06840247, -0.12483029, -0.15451546, -0.05230517,  0.12296380,  0.20235049,  0.03108052, -0.17044854, -0.14850097,  0.05342042,  0.15068794,  0.00722041, -0.12278017, -0.02511189,  0.18348784,  0.21411188,  0.02921936, -0.13292127, -0.13824240, -0.07611552
  0.18846094, -0.35725166,  0.06228122,  0.15057265,  0.06531859, -0.21406102,  0.11428902,  0.04585702, -0.00210303, -0.04362511, -0.11634009,  0.00640256,  0.21828985,  0.12956626, -0.28259070, -0.28417425,  0.18389825,  0.26457306,  0.05711506, -0.12525313, -0.07567018, -0.05487688,  0.00112299, -0.02064113,  0.06877023,  0.13214624,  0.06792237, -0.15316168, -0.21547275,  0.05051864,  0.18675079,  0.08431524, -0.04815760, -0.10128566, -0.14180677,  0.03247546,  0.20875472,  0.07403029, -0.09629505, -0.18464075,  0.04146549,  0.14480200,  0.03873663, -0.15986973, -0.11350831,  0.07735566,  0.17598765,  0.01845451, -0.03634725, -0.06276994
 -0.20152669,  0.15658565, -0.08608529, -0.03569505,  0.04239642,  0.21342453, -0.05715738,  0.01121765,  0.03760316, -0.04462683, -0.06009483, -0.01626175, -0.04254322, -0.07438121,  0.05012602,  0.11706899,  0.01170615,  0.08260860,  0.07062625, -0.05080883, -0.18909500, -0.11247564, -0.04788378,  0.07826401,  0.14484620,  0.15506970,  0.00261564, -0.15589695, -0.19836017, -0.16787590,  0.06133111,  0.26202508,  0.16953463, -0.09254679, -0.18341236, -0.12216685,  0.03182781,  0.22532232,  0.16360541,  0.00889249, -0.17045184, -0.16213453, -0.06601094,  0.09587361,  0.23076213,  0.30044030,  0.18201596, -0.03573856, -0.30313817, -0.24648011
  0.13510406, -0.31884797,  0.12533558,  0.06356468,  0.06716239, -0.11464432,  0.16466512, -0.13047443, -0.16328872,  0.16642393,  0.16073213, -0.08524701, -0.16855671,  0.02317110,  0.04943274, -0.02590225,  0.04145997,  0.04562428,  0.11049700, -0.01386846, -0.19535023, -0.23616108,  0.17388171,  0.26746394,  0.10055849, -0.19889858, -0.12614463, -0.00324999,  0.00611208,  0.06720754,  0.09334260, -0.02878169, -0.09017978,  0.01260110,  0.04803954, -0.06596059, -0.04173413,  0.03700076,  0.22924701,  0.03348415, -0.22628488, -0.27545449,  0.09049191,  0.30849761,  0.11321020, -0.19531953, -0.07150830,  0.04427915,  0.11567288, -0.11756313
  0.08292029, -0.13604424,  0.15929485, -0.11257582, -0.09941592, -0.01763141,  0.18074549, -0.00637336, -0.08972896,  0.00209570,  0.01585075,  0.04976881,  0.05721168, -0.02742214, -0.11771304, -0.05935782,  0.02495877, -0.00213011,  0.12190409,  0.14796867,  0.03091314, -0.15762325, -0.15008663, -0.06756994,  0.05255141,  0.10604715,  0.13444153,  0.03315843, -0.02673011, -0.06635192, -0.17981896, -0.09526244,  0.11212109,  0.24358868,  0.14747080, -0.11999309, -0.29554327, -0.21146197,  0.17368460,  0.30322442,  0.18448297, -0.10746468, -0.24998339, -0.20993590, -0.03014818,  0.12397516,  0.23366822,  0.17844904,  0.01382786, -0.27240304
  0.17508651,  0.01531772, -0.30194687,  0.02953880,  0.16899021, -0.07580356, -0.01871096,  0.13357797, -0.11071340, -0.15009797,  0.13389337,  0.15696251, -0.03820109, -0.05107793, -0.00326034, -0.11098495, -0.08929641,  0.02034909,  0.07960756,  0.15695381,  0.09874995, -0.19189436, -0.26220004,  0.05936954,  0.26303234,  0.12878230, -0.11367350, -0.10191916, -0.05175248,  0.01297134,  0.14111869,  0.09980786, -0.09747423, -0.13340430, -0.01839071,  0.08722006,  0.03175951, -0.09318396, -0.03558540,  0.17516827,  0.14325286, -0.15311513, -0.28725171, -0.02587900,  0.21258922,  0.03314996, -0.25114451, -0.17530620,  0.13556573,  0.26133851
 -0.09235650,  0.03437203,  0.00573977,  0.07628094, -0.04307343, -0.03161675,  0.02634253,  0.06464719,  0.00703332, -0.00049916, -0.02048884, -0.06479785, -0.08497506,  0.03818118,  0.15801411,  0.06258153, -0.15900652, -0.07790849,  0.08631301,  0.08474578, -0.07563679, -0.04745583,  0.07189385,  0.00232709, -0.12391106, -0.00599870,  0.16063936,  0.06487281, -0.19429706, -0.17432321,  0.23453060,  0.22940656, -0.24966772, -0.33131769,  0.17800098,  0.39990785,  0.01841251, -0.28999360, -0.15403341,  0.12719521,  0.12580026, -0.01147490,  0.01321379,  0.07301505, -0.06208079, -0.12472970,  0.13445688,  0.23154865, -0.07841778, -0.21770735
 -0.04496506,  0.15339796, -0.18748428,  0.14592478, -0.12970999,  0.07864478,  0.03754553, -0.04264723, -0.00274864, -0.02596221,  0.02009634, -0.02817872,  0.00086112,  0.09826291,  0.01217527, -0.12258757, -0.06614559,  0.15304714,  0.00099969, -0.07467710, -0.05520017,  0.11983282,  0.03224848, -0.14215064, -0.01384822,  0.18030255,  0.01738089, -0.15584020, -0.16463613,  0.17419312,  0.32014731, -0.24225443, -0.30422887,  0.16569616,  0.30352766, -0.06182518, -0.30784851,  0.02525194,  0.17312947,  0.10181014, -0.15522906, -0.07266582,  0.09886942,  0.04204940, -0.11404491,  0.02293519,  0.12454149, -0.11222743, -0.19156420,  0.21480289
 -0.00314542,  0.06928321, -0.27692533,  0.51902145, -0.47396875,  0.13115082,  0.09539018, -0.05113579, -0.02810715,  0.01792217,  0.02888592, -0.11420774,  0.07403604,  0.14980005, -0.14785753, -0.07060219,  0.04858156,  0.08557545, -0.08273662,  0.13647231, -0.15181182, -0.04279296,  0.05907840,  0.16935780, -0.10349978, -0.12948503, -0.02728482,  0.21371096, -0.01482969, -0.07399109, -0.04176771, -0.09692855,  0.21127064,  0.02964717, -0.18426890,  0.08943583, -0.00742592,  0.00458177, -0.09970647,  0.10630174,  0.04741313, -0.01946240, -0.10551465, -0.01595199,  0.09913370,  0.03780612, -0.09164955,  0.01816894,  0.00645652,  0.00625739
  0.03772846,  0.00024447,  0.11897475, -0.18037506, -0.02668172,  0.08388811, -0.04913137,  0.03965841,  0.02583487, -0.11275826, -0.09501477,  0.15237127,  0.23915534, -0.08197396, -0.24229544, -0.08585318,  0.14718918,  0.14773442,  0.01482953, -0.23424354, -0.09416574,  0.23245349,  0.19923881, -0.11409890, -0.28084947, -0.00506880,  0.25275601,  0.09187703, -0.12461172, -0.10268057, -0.02955822,  0.17334296,  0.05597864, -0.11161583, -0.01069917,  0.02782790, -0.09751748, -0.09388074,  0.13942506,  0.19967123, -0.06078166, -0.24454572, -0.09467849,  0.17834812,  0.15712865, -0.09613394, -0.25579176, -0.06705631,  0.13799295,  0.14433461
  0.12050887, -0.06722878, -0.13548053,  0.10396188, -0.14518116,  0.20667571, -0.04335624, -0.00389833, -0.15170060,  0.03850495,  0.16845107,  0.07712389, -0.06249952, -0.18525260, -0.13740420,  0.19984254,  0.20126467, -0.12356624, -0.24268436,  0.09620842,  0.19340019,  0.11341778, -0.24959936, -0.16289739,  0.04575207,  0.24650271,  0.10002144, -0.15155431, -0.16881560,  0.11582599,  0.03829740,  0.01769603,  0.05671100, -0.12131101, -0.05670392,  0.03976544, -0.00290302,  0.06433493,  0.12015760, -0.06786270, -0.18340175, -0.00100362,  0.15432438,  0.05244028, -0.07813043, -0.22152978, -0.06397912,  0.24162293,  0.23820893, -0.21718778
  0.12442781, -0.22091774,  0.16720606, -0.08122736, -0.17658866,  0.48056046, -0.37071596, -0.02945255,  0.08730894,  0.18276847, -0.09006483, -0.16816386,  0.05143077,  0.08372720,  0.02175595, -0.01279473, -0.08680400, -0.10173529,  0.16551759,  0.10491273, -0.15202901, -0.02209024,  0.01491750, -0.02731535,  0.12994945, -0.03627847,  0.01244497, -0.07381957, -0.11350480,  0.22587552, -0.00037275, -0.09339064,  0.08210352, -0.22299428,  0.16440980, -0.02739438,  0.08930916, -0.06462562, -0.04127318, -0.01221490,  0.09555032, -0.01082097, -0.05325539, -0.07989883,  0.05791939, -0.01334043,  0.11280816, -0.27660265,  0.15266580,  0.05424963
 -0.11550580,  0.14604995, -0.08776500,  0.09846282, -0.00925955, -0.09568562, -0.04168548,  0.26756085, -0.12069938, -0.14303677,  0.03940778,  0.11470348, -0.08504933,  0.02499345,  0.01312539, -0.03353028,  0.00831181,  0.10960922, -0.08031121, -0.06918901,  0.02442126,  0.04957231,  0.00678624, -0.03093840,  0.07636281, -0.21502821,  0.14927853, -0.00611195,  0.07409939, -0.18119994,  0.15672821, -0.19373485,  0.17399457, -0.07859913,  0.15904588, -0.25877462,  0.27637949, -0.24301843,  0.16038633, -0.10834010,  0.14058967, -0.22211901,  0.26068293, -0.10107390,  0.03205811, -0.03903436,  0.18123779, -0.21706504,  0.20464748, -0.17605313
 -0.04137970, -0.01914900,  0.06181727, -0.00237995,  0.03187495, -0.03368726, -0.16100702,  0.36247834, -0.19864638, -0.04366553, -0.01533746,  0.12718753, -0.16182717,  0.14870255, -0.10140653,  0.09451014, -0.09807421,  0.11317566, -0.07270118,  0.01845194, -0.07786615,  0.12309076, -0.13749616,  0.14794554, -0.03315568, -0.08240024, -0.05679852,  0.22262988, -0.24054286,  0.21871740, -0.21598336,  0.16614416, -0.18805047,  0.20351307, -0.09452312,  0.04634452, -0.06932876,  0.12933715, -0.20294811,  0.19666466, -0.09467223, -0.03877415,  0.07455400,  0.10759892, -0.19551483,  0.10643561,  0.14962977, -0.21730473,  0.16399744, -0.12537480
 -0.05456838,  0.12030006, -0.01420275, -0.10747375,  0.04412920, -0.02643923,  0.14717156, -0.08708563, -0.23347790,  0.27485284,  0.09492539, -0.24330244,  0.03318983,  0.05698594,  0.00439546,  0.05488991, -0.09961243,  0.01953496,  0.01418984, -0.00078489,  0.03951705, -0.08034799,  0.04595217,  0.09070254, -0.18022055,  0.00262569,  0.29361846, -0.26626477, -0.02245888,  0.08677797,  0.01278620,  0.01775433, -0.02634215,  0.01140737, -0.07911790,  0.01976668,  0.15762526, -0.16768191, -0.02733039,  0.19974885, -0.22061455,  0.08487736,  0.15853417, -0.25667053, -0.02649697,  0.38181839, -0.27740027, -0.10242877,  0.15461826, -0.02201762
 -0.02929904,  0.01484796, -0.13303491,  0.11428747,  0.11928243, -0.05643746, -0.14801811,  0.11033254,  0.07072981,  0.19625072, -0.45314259,  0.09974863,  0.07593863,  0.08469448, -0.07713339,  0.07011808, -0.15469366,  0.15919615, -0.06387563,  0.05349023, -0.11599758,  0.01972846,  0.00053506,  0.10141310, -0.12850453,  0.21857871, -0.24258181, -0.09922686,  0.18348646,  0.08876841, -0.13441626,  0.02062015, -0.12295992,  0.06867741,  0.05069488,  0.09448744, -0.04614313, -0.19654673,  0.24019846, -0.07677931, -0.07227954,  0.05845813,  0.06424370, -0.17767411,  0.32067672, -0.13646329, -0.05850732,  0.09461703,  0.10617477, -0.18858038
 -0.00364548, -0.02148194, -0.13038448,  0.09377171,  0.18178172, -0.06634464, -0.21216921,  0.07222432,  0.37270757, -0.24870229, -0.10711071, -0.07962224,  0.18927919,  0.00025807, -0.04438125, -0.03000658,  0.08293618, -0.05811973,  0.00448492,  0.03811473, -0.03315054, -0.05305845, -0.00022403, -0.01845703,  0.24944403, -0.24539114,  0.06329451, -0.16678579,  0.13271148,  0.10299708, -0.04118422, -0.18762516,  0.10842167, -0.03592879, -0.00298877,  0.17793850, -0.07909041, -0.12599470,  0.02156439,  0.23276681, -0.23776993,  0.00350129,  0.03588757,  0.21876408, -0.26251359,  0.19763544, -0.10394569,  0.12069089,  0.05583925, -0.17253007
  0.00712714, -0.07163680,  0.03405120,  0.11623879, -0.04893863, -0.12493010, -0.00257552,  0.27020642, -0.11900018, -0.25040784,  0.24062946, -0.00194191, -0.09902929,  0.04144043,  0.03536876, -0.00580154,  0.01235940, -0.14497569,  0.17831395,  0.00985718, -0.19177703,  0.08667275,  0.06372282,  0.03237506, -0.07478923, -0.05343357,  0.06623164, -0.03759467,  0.03117252,  0.07283151, -0.17645473,  0.08991906,  0.10816279, -0.25885491,  0.20663291,  0.11431286, -0.34148606,  0.12556615,  0.26422170, -0.29439084, -0.05836211,  0.23834738, -0.00011086, -0.20290267,  0.07149175,  0.17589776, -0.13187251, -0.01999447, -0.01079709,  0.02578566
  0.00876686,  0.00776596,  0.05536042, -0.07222051, -0.01527061,  0.00458847,  0.06426634, -0.10429751,  0.05632378, -0.05679785, -0.03102164,  0.29259251, -0.24984234, -0.06589703,  0.18602261, -0.11143862,  0.02707335,  0.04655216, -0.14969669,  0.18842595, -0.04568209, -0.15162533,  0.27556919, -0.21889215,  0.04753629,  0.00539713,  0.00461336,  0.13885438, -0.17788424,  0.02799595,  0.06606796, -0.07624123,  0.10532708,  0.05938599, -0.28969209,  0.22037989,  0.02475324, -0.21969647,  0.21915581,  0.00706673, -0.25850675,  0.29310737, -0.10657850, -0.06239204,  0.00432091, -0.01649193,  0.14024970, -0.22958504,  0.09444708,  0.04446543
  0.08178821, -0.10131729,  0.01298343,  0.03774752,  0.00310724, -0.00764777, -0.10051775,  0.08738447,  0.06179498, -0.12730338,  0.00169022,  0.05703824,  0.15290419, -0.24145484,  0.06536339,  0.01650856,  0.08722234, -0.18731598,  0.10158290, -0.02651868,  0.16786497, -0.22527637, -0.01396084,  0.26049199, -0.22212549,  0.11774219, -0.15552010,  0.20038960, -0.12398905,  0.06583720, -0.02588796, -0.04853119,  0.11671458, -0.06011568, -0.04701784,  0.04181764,  0.02261517, -0.09711118,  0.02919485,  0.17515495, -0.15377221, -0.19698444,  0.42432138, -0.28115040, -0.01880762, -0.02593528,  0.11839910, -0.00104489, -0.23503422,  0.22059883
  0.00438335,  0.02744623,  0.03231843, -0.15438016,  0.11508318,  0.01187994,  0.00327193, -0.13137292,  0.04739961,  0.11370188, -0.09174866,  0.10564819, -0.22087545,  0.22732157, -0.10150579, -0.03966099,  0.14520785, -0.14497376, -0.00869619,  0.16015306, -0.16471675,  0.13965930, -0.15090952,  0.14861333, -0.13266565,  0.11013086, -0.02266706, -0.03175450,  0.00093135, -0.04226728,  0.15451878, -0.16173172,  0.11679410,  0.00525708, -0.21754359,  0.27884097, -0.14266959, -0.03519938,  0.13421716, -0.21277603,  0.31367929, -0.32165468,  0.15012339,  0.05728155, -0.21639278,  0.21148279, -0.08804467, -0.03129184,  0.00088899,  0.05122022
  0.07316419, -0.09121725,  0.00649325,  0.08572210, -0.11494173,  0.08109173, -0.09122399,  0.11578951, -0.09176463,  0.01830096, -0.00219959, -0.02889189,  0.22754321, -0.30403739,  0.14740339, -0.04892969,  0.05095790, -0.03621029, -0.10404437,  0.21401469, -0.11955320,  0.03713681, -0.13246970,  0.23748793, -0.14402336, -0.03939778,  0.11899985, -0.11401855,  0.15581330, -0.12934285, -0.02434156,  0.19693292, -0.24238380,  0.17800818, -0.05535239, -0.08777376,  0.14641017, -0.21112122,  0.27542449, -0.18682307,  0.01540577,  0.08575025, -0.15672996,  0.22010006, -0.26718870,  0.07815007,  0.08556079, -0.08874579, -0.08199517,  0.14663785
  0.07157237, -0.03058415,  0.00414134, -0.07066254,  0.08800899, -0.09589550,  0.11071562, -0.17568728,  0.12910649, -0.06436429,  0.00544396,  0.10660965, -0.08899841,  0.17847906, -0.39700295,  0.36247232, -0.18147386,  0.10974341, -0.23358823,  0.28125495, -0.06695353, -0.03180253, -0.09046018,  0.16443912, -0.05652087, -0.09525375,  0.14331557, -0.04929201,  0.01835551, -0.00418162, -0.04727897,  0.04859889,  0.12574088, -0.23859540,  0.19255676, -0.14876835,  0.05679069, -0.03336493,  0.03861168,  0.06464843, -0.13595913,  0.08284803, -0.04158550,  0.01508182, -0.06037376, -0.10630596,  0.14812750, -0.04739862, -0.19468471,  0.24907267
 -0.04938190,  0.01015660,  0.07816104, -0.10229967,  0.09247714, -0.07442393,  0.09642225, -0.10975335,  0.13844881, -0.19032305,  0.27425410, -0.28300356,  0.10148902, -0.06200376,  0.20303227, -0.13135430, -0.10456581,  0.25501579, -0.19834291,  0.11979649, -0.21791094,  0.26882879, -0.13883097,  0.01646876, -0.06786398,  0.21024146, -0.25941792,  0.18944151, -0.20414329,  0.21145756, -0.09145067, -0.06862870,  0.11514652, -0.09032149,  0.07014533, -0.08797415,  0.18679532, -0.18003574,  0.04649354, -0.00401465,  0.04422891, -0.03241377, -0.01195710,  0.03805420,  0.01906472,  0.05976352, -0.09933538,  0.09066302,  0.02323522, -0.10488110
 -0.11660202,  0.22395954, -0.10989392, -0.04372874,  0.05286519, -0.00107317,  0.04390130, -0.09538168, -0.00059598,  0.05995969,  0.09909907, -0.23408640, -0.00002775,  0.25960161, -0.05493141, -0.28860246,  0.33800558, -0.08345984, -0.09865352, -0.03828568,  0.16244737, -0.05097679, -0.05060516, -0.01003189,  0.11289890, -0.10179344,  0.04081755, -0.08030129,  0.01550254,  0.20822094, -0.36583992,  0.29870717, -0.07038866, -0.05989180, -0.02015801,  0.12832993, -0.02075981, -0.17383953,  0.14268142, -0.02052778,  0.03208722, -0.08665445,  0.05266963,  0.01440744,  0.09037948, -0.20407658,  0.24480445, -0.11130688, -0.09835594,  0.06634859
 -0.00504713,  0.08034593, -0.11860541,  0.01221961,  0.08502250, -0.06846185,  0.03218911, -0.09882431,  0.15675864, -0.15586466,  0.18469396, -0.22670963,  0.22748599, -0.04396769, -0.25254840,  0.27195152, -0.00512431, -0.16626156,  0.04562000,  0.14521896, -0.05053124, -0.21703325,  0.31137385, -0.15283520, -0.09818124,  0.20779969, -0.14462308,  0.07566031,  0.01758719, -0.09580574,  0.03506684,  0.11535419, -0.17296329,  0.10306435, -0.00976563, -0.01133172, -0.06058865,  0.08184736,  0.02217100, -0.11476022,  0.11703251, -0.08035423,  0.04395457,  0.00014359, -0.07194168,  0.02976775,  0.11839456, -0.28765944,  0.31780366, -0.12565222
 -0.01054964,  0.09945672, -0.13957416,  0.03180503,  0.09247784, -0.13388851,  0.11587508, -0.11051508,  0.02970896,  0.13160976, -0.23384151,  0.14633602,  0.11670148, -0.21539857,  0.05300557, -0.00720566,  0.17728914, -0.24563676,  0.00114553,  0.30575039, -0.31098714,  0.11267870,  0.03294459, -0.10642026,  0.19278963, -0.26173721,  0.15426726,  0.14440005, -0.28791362,  0.15904421, -0.03041379,  0.08388305, -0.14790868,  0.06164296,  0.11798555, -0.18955602,  0.03802684,  0.11041221, -0.06850406, -0.03708275,  0.06915266, -0.06973452,  0.12143564, -0.18180916,  0.09892512,  0.03169266, -0.12533127,  0.08271359, -0.01576113,  0.01979670
 -0.03488050,  0.03766849,  0.07287173, -0.13387860,  0.05068233,  0.05044058, -0.08320416,  0.12167465, -0.22366608,  0.25992291, -0.10904898, -0.14624016,  0.20755105, -0.01087408, -0.06130999, -0.08679020,  0.08366151,  0.19265484, -0.35889822,  0.12517762,  0.18368603, -0.17933259,  0.03572957, -0.06318469,  0.18547713, -0.09683656, -0.21050654,  0.30877393, -0.02329052, -0.22481171,  0.13249810,  0.03683955,  0.03557813, -0.21613399,  0.19482492,  0.06055168, -0.22192722,  0.08537068,  0.09354797, -0.06643734, -0.04465704,  0.03831038,  0.04657133, -0.00877010, -0.12408825,  0.18541302, -0.10986422,  0.00969402, -0.02786718,  0.03186116
 -0.00838786,  0.01297607, -0.03601863,  0.01859846,  0.04703264, -0.03474276, -0.06410802,  0.13041523, -0.05426145, -0.01479421, -0.03513509,  0.06445833,  0.00563337, -0.13346133,  0.18846032, -0.07307277, -0.10409558,  0.21860440, -0.25331266,  0.17441699,  0.05761400, -0.32305227,  0.32095208, -0.01827876, -0.20557237,  0.06865666,  0.22452874, -0.27020427, -0.03656868,  0.29534059, -0.18296154, -0.08507378,  0.14177537, -0.04925668,  0.01148363,  0.00359755, -0.08818171,  0.19811817, -0.14806149, -0.09139552,  0.27285151, -0.19827969, -0.01846137,  0.12590601, -0.03300552, -0.04242861,  0.00170515,  0.07785592, -0.05940679, -0.00183405
 -0.02209958,  0.04458334, -0.02714655, -0.01439229,  0.01946656,  0.00440589,  0.02945095, -0.11180110,  0.11323197, -0.01653663, -0.00782571, -0.09068025,  0.16420078, -0.12357250, -0.03573424,  0.22607078, -0.27031086,  0.14657695,  0.05763653, -0.24039199,  0.26232708, -0.06990136, -0.17230488,  0.18576674,  0.07753290, -0.30153768,  0.19328864,  0.13486900, -0.32653301,  0.18027403,  0.06416323, -0.09527732, -0.03063344,  0.11255706, -0.14384386,  0.17295613, -0.13088010, -0.03492296,  0.23329162, -0.29580998,  0.15681142,  0.03017157, -0.07168072, -0.02281144,  0.09504480, -0.03806369, -0.00883039, -0.01011600,  0.03634265, -0.02863000
  0.06945822, -0.04773119, -0.05287199,  0.10754436, -0.04625058, -0.11103842,  0.11944153,  0.05504059, -0.24828240,  0.18536379, -0.00599724, -0.03372259,  0.10628187, -0.13261215, -0.03679421,  0.23205561, -0.28376484,  0.06655230,  0.16125998, -0.08786147, -0.13011476,  0.17075962,  0.10672633, -0.38018601,  0.28304201,  0.02746950, -0.11394616, -0.02100693,  0.10070667,  0.06830064, -0.20737115,  0.06345669,  0.16655764, -0.07256781, -0.18650017,  0.16155846,  0.04042889, -0.15280221,  0.07990638,  0.02071317,  0.05869422, -0.19081351,  0.11393610,  0.06387105, -0.18462166,  0.00910520,  0.07896168,  0.00020792, -0.17298222,  0.18908727
  0.06513903, -0.11127362,  0.06804992,  0.02489162, -0.08709346,  0.01221959,  0.13894465, -0.23231115,  0.16500974, -0.05404148,  0.00591360,  0.02479249,  0.05546701, -0.20134285,  0.22079066, -0.09773425, -0.11476857,  0.23207163, -0.15565338,  0.05094878, -0.05721725,  0.16537501, -0.19437887,  0.05224765,  0.08553666, -0.09322959,  0.08468751, -0.14174839,  0.24381576, -0.19024298, -0.03412515,  0.16105570, -0.04370685, -0.06805619, -0.03417572,  0.20025360, -0.26997441,  0.21516249, -0.12879092,  0.09758075, -0.03603521, -0.11928096,  0.23675161, -0.21677508,  0.06319117, -0.05004308,  0.14661831, -0.23567865,  0.19189886, -0.03692608
  0.04057212, -0.04913360, -0.04409420,  0.16395056, -0.20307094,  0.08798454,  0.11494595, -0.25546273,  0.21211701, -0.03456755, -0.14755647,  0.26588879, -0.21121962,  0.03364074,  0.06307645, -0.03453003, -0.06058531,  0.07894506,  0.04907596, -0.18777092,  0.21990612, -0.13555994,  0.04016037, -0.02646701,  0.01529201,  0.05692836, -0.10671881,  0.08858325, -0.02770818,  0.06622617, -0.22143533,  0.28073071, -0.10501624, -0.13624456,  0.21971253, -0.16759497,  0.09845279, -0.08170762,  0.09959490, -0.08425157,  0.06563617, -0.08830047,  0.07150465,  0.05544214, -0.26287948,  0.31607856, -0.18873005, -0.00367187,  0.10701975, -0.04510757
  0.04847309, -0.13238220,  0.15279977, -0.05970131, -0.09456171,  0.20520800, -0.20348185,  0.08241238,  0.09933706, -0.23165031,  0.21348300, -0.04526145, -0.12940711,  0.17303342, -0.10549044,  0.04703924, -0.07353477,  0.13740107, -0.16416535,  0.12272580, -0.03061267, -0.06625137,  0.13129573, -0.16503881,  0.17215668, -0.12395063,  0.05315576, -0.02706195,  0.05552481, -0.07882233,  0.01958151,  0.13696465, -0.27359274,  0.27196779, -0.15085151,  0.00419959,  0.07640869, -0.07927443,  0.05595689, -0.04618149,  0.06830690, -0.13313157,  0.20781486, -0.23747614,  0.13673193,  0.04623761, -0.21536369,  0.26425772, -0.18991242,  0.07495621
