 -0.14166557, -0.14166024, -0.14165749, -0.14165819, -0.14165890, -0.14165968, -0.14165895, -0.14165632, -0.14164864, -0.14163843, -0.14162641, -0.14161325, -0.14159946, -0.14158525, -0.14157032, -0.14155395, -0.14153708, -0.14152034, -0.14150343, -0.14148719, -0.14147163, -0.14145648, -0.14144184, -0.14142763, -0.14141391, -0.14140012, -0.14138671, -0.14137392, -0.14136165, -0.14134995, -0.14133885, -0.14132703, -0.14131496, -0.14130344, -0.14129272, -0.14128137, -0.14127040, -0.14125963, -0.14124920, -0.14123975, -0.14123041, -0.14122159, -0.14121288, -0.14120481, -0.14119678, -0.14118888, -0.14118156, -0.14117463, -0.14116832, -0.14116240
  0.38458553,  0.39628989,  0.38000221,  0.33186120,  0.26940109,  0.19579275,  0.12093767,  0.04951593, -0.00081947, -0.04048399, -0.07413705, -0.10399231, -0.13081621, -0.15022516, -0.16005575, -0.16066814, -0.15819887, -0.15299275, -0.14331294, -0.13248822, -0.12131592, -0.10872921, -0.09533986, -0.08522839, -0.07711999, -0.07247994, -0.07002169, -0.06964821, -0.07062632, -0.07066548, -0.06794484, -0.06203098, -0.05481702, -0.04873635, -0.04318654, -0.03449377, -0.02522633, -0.01535377, -0.00452866,  0.00522123,  0.01495031,  0.02286054,  0.03170040,  0.04031412,  0.05039478,  0.06012950,  0.06688656,  0.06729563,  0.06301488,  0.05275688
 -0.08685063, -0.00409948,  0.07535711,  0.14072890,  0.19333237,  0.22888432,  0.24870777,  0.25359899,  0.25497188,  0.25117736,  0.24234570,  0.22797300,  0.20740416,  0.18182221,  0.15429672,  0.12874777,  0.10415513,  0.08005584,  0.05826446,  0.03763721,  0.01826394,  0.00118148, -0.01327461, -0.02556316, -0.03618463, -0.04498426, -0.05358145, -0.06325309, -0.07429534, -0.08681200, -0.10008063, -0.11080367, -0.11949690, -0.12807526, -0.13732187, -0.14376029, -0.14897849, -0.15233014, -0.15366957, -0.15442086, -0.15315088, -0.15118613, -0.14761074, -0.14331096, -0.13652692, -0.12702549, -0.11601214, -0.10444478, -0.09388016, -0.08550296
 -0.48059688, -0.27119413, -0.05359480,  0.09338199,  0.19577567,  0.22388188,  0.18976940,  0.10369438,  0.07152540,  0.05836259,  0.04587061,  0.01947094, -0.03388778, -0.09642231, -0.14661935, -0.17039313, -0.19321316, -0.21182069, -0.20921072, -0.19701490, -0.17957430, -0.14755835, -0.09855637, -0.04851961,  0.00851844,  0.06249586,  0.11022963,  0.14297065,  0.15764608,  0.15897666,  0.15609506,  0.15659917,  0.15346216,  0.13171451,  0.09248723,  0.06155006,  0.03208786,  0.01022647,  0.00006708, -0.00971594, -0.01817809, -0.03760051, -0.05271791, -0.06449622, -0.05582810, -0.02431412,  0.02268651,  0.07020688,  0.11918230,  0.15402786
  0.06344026, -0.01589946, -0.05481097, -0.07203600, -0.06131343, -0.03821491, -0.00962009,  0.01136385,  0.04644324,  0.08813555,  0.12889487,  0.16012652,  0.17247562,  0.16468261,  0.13878772,  0.10114421,  0.05058740, -0.01049422, -0.07327629, -0.13534324, -0.19257728, -0.23865634, -0.26859680, -0.28474822, -0.28440436, -0.26835044, -0.23618492, -0.19165063, -0.13990689, -0.08377821, -0.02538858,  0.03545289,  0.09548954,  0.14696767,  0.18353359,  0.20795367,  0.21671849,  0.21036960,  0.19271050,  0.16392508,  0.12960965,  0.08960187,  0.04990108,  0.01188420, -0.01760596, -0.03526383, -0.04076298, -0.03845846, -0.02797862, -0.01428762
 -0.34227131, -0.20981264,  0.00049874,  0.16131983,  0.25571680,  0.22803243,  0.09299993, -0.09935455, -0.18815006, -0.20068726, -0.16410003, -0.10757076, -0.06113500, -0.01151773,  0.05246339,  0.12234513,  0.15007226,  0.14412770,  0.13000012,  0.10229914,  0.06058257,  0.02352198,  0.00002046, -0.02844537, -0.04292528, -0.05907363, -0.07359090, -0.09519816, -0.12571326, -0.15329480, -0.16257774, -0.15796162, -0.14829971, -0.14746517, -0.14334331, -0.10595847, -0.03925565,  0.05362851,  0.15862216,  0.24022692,  0.26960935,  0.22644437,  0.14231216,  0.04301725, -0.02809460, -0.04997070, -0.02227173,  0.03133847,  0.10828700,  0.17198189
  0.01935534,  0.10095250,  0.16787879,  0.19170709,  0.14744286,  0.04661581, -0.05928980, -0.10857962, -0.12224269, -0.11839237, -0.10095950, -0.07278660, -0.02900087,  0.00628349,  0.02516773,  0.03835311,  0.05770846,  0.06964567,  0.06323571,  0.03661505,  0.00568143, -0.02158571, -0.04384014, -0.02585506,  0.01503006,  0.09107391,  0.15832493,  0.19260985,  0.19628190,  0.16397565,  0.09884459,  0.04810706,  0.01928072,  0.01932877,  0.04492363,  0.09851191,  0.15018375,  0.18548956,  0.17969303,  0.12137776,  0.03738470, -0.04972216, -0.12979607, -0.19562446, -0.24119253, -0.27060357, -0.29666017, -0.29971849, -0.30719270, -0.30660878
 -0.15754151,  0.10541759,  0.20299593,  0.17359158,  0.00159320, -0.18297856, -0.29130606, -0.24012758, -0.14630396, -0.03888444,  0.05667900,  0.12796793,  0.17900677,  0.19628839,  0.16859551,  0.08438323, -0.01493135, -0.08634272, -0.12515924, -0.11528496, -0.06646170, -0.00503841,  0.04403178,  0.08582309,  0.10564348,  0.09785172,  0.05938466,  0.00770317, -0.03603494, -0.06606362, -0.08453073, -0.10736076, -0.12397637, -0.10518631, -0.03572022,  0.04523862,  0.11824590,  0.14929043,  0.10745539,  0.00887151, -0.12851274, -0.23665894, -0.27768596, -0.22282640, -0.10400548,  0.03622689,  0.15548889,  0.23376311,  0.24506712,  0.20277512
  0.12080419,  0.07697358,  0.00495677, -0.03148444, -0.05239091, -0.03576597, -0.00739028,  0.00929515, -0.05596321, -0.12854889, -0.15593630, -0.11081825,  0.00400567,  0.14532536,  0.24685276,  0.25445976,  0.18644537,  0.07458739, -0.04979270, -0.13602035, -0.16497418, -0.15243246, -0.12226359, -0.09764294, -0.08787068, -0.08261380, -0.04552878,  0.04495076,  0.16823077,  0.28193521,  0.33167650,  0.26640230,  0.10611678, -0.08150325, -0.22565025, -0.30065587, -0.27531294, -0.17935644, -0.06258429,  0.03303998,  0.06377252,  0.03826067, -0.02219202, -0.06653726, -0.07174309, -0.02969586,  0.04562508,  0.11015459,  0.12905216,  0.08964952
 -0.06664665,  0.04328515,  0.08721985,  0.09587094,  0.05128923,  0.01024352, -0.00863255,  0.01370422,  0.00080172, -0.04303294, -0.09536893, -0.12876836, -0.12189970, -0.07933547, -0.02069196,  0.01899343,  0.03603508,  0.04832722,  0.06593516,  0.10754937,  0.16431276,  0.20567266,  0.19783985,  0.12921303,  0.00146043, -0.15464689, -0.28583321, -0.32934790, -0.25400290, -0.08115232,  0.12850851,  0.28499835,  0.33386939,  0.28099274,  0.17500899,  0.05551467, -0.02688562, -0.05633933, -0.05312211, -0.04018234, -0.05763524, -0.10477856, -0.16727213, -0.20442924, -0.19738643, -0.14047851, -0.04919468,  0.04483901,  0.09656490,  0.08837256
  0.01840971,  0.06588988,  0.04641190, -0.01005830, -0.07225086, -0.08171880, -0.02452374,  0.06388139,  0.08726950,  0.03279329, -0.04638831, -0.09408625, -0.06914173,  0.00664789,  0.09715885,  0.15850234,  0.15413018,  0.05749329, -0.09974625, -0.24142074, -0.28800212, -0.20933433, -0.03202282,  0.18489792,  0.32294939,  0.33043737,  0.19043818, -0.01771138, -0.18639067, -0.24791751, -0.19082342, -0.04072825,  0.10960212,  0.18033265,  0.14309976,  0.03947774, -0.07460798, -0.13314214, -0.11414445, -0.02785254,  0.08426096,  0.16063968,  0.14818097,  0.04763874, -0.09065056, -0.19190576, -0.20305930, -0.10339814,  0.02913492,  0.13102601
 -0.15246449,  0.01802139,  0.13523673,  0.16709168,  0.06507506, -0.07338847, -0.15822244, -0.11088863, -0.02422573,  0.02435083,  0.00385321, -0.06651805, -0.12547771, -0.12965135, -0.05649003,  0.07085036,  0.21031204,  0.30665440,  0.30129025,  0.18890516,  0.00512564, -0.18146444, -0.29915328, -0.28469923, -0.16236553, -0.00094412,  0.10561126,  0.11843631,  0.06291907, -0.00995886, -0.04819601, -0.02682083,  0.04270590,  0.12056751,  0.16050992,  0.12589332,  0.02495891, -0.10128693, -0.21169302, -0.25601625, -0.22668384, -0.12570460,  0.00089296,  0.10380796,  0.13476128,  0.09575765,  0.02895410,  0.00957650,  0.05290188,  0.14756023
  0.22396137, -0.03567087, -0.21631055, -0.22577975,  0.06916474,  0.33535637,  0.34816521,  0.02958979, -0.24231512, -0.34502695, -0.25272592, -0.06866654,  0.07212698,  0.13833987,  0.14089735,  0.11895442,  0.06805365,  0.00277281, -0.02835743, -0.05045314, -0.04848879, -0.01067937,  0.04398210,  0.03966921,  0.00496880, -0.01829769,  0.01690500,  0.06986382,  0.05864518, -0.02390474, -0.11731215, -0.12757254, -0.03967366,  0.08302854,  0.17199160,  0.21502526,  0.15868579,  0.02381383, -0.11025581, -0.20314387, -0.20029284, -0.15484014, -0.09171852, -0.05490833, -0.01106323,  0.04012758,  0.07983254,  0.06520704,  0.03940951,  0.01866683
 -0.08181654,  0.12546698,  0.07930041, -0.17888214, -0.30039976, -0.11060469,  0.22679937,  0.37303860,  0.30861055,  0.07799285, -0.14657307, -0.24117562, -0.22781480, -0.16581871, -0.07455484,  0.04082384,  0.10462481,  0.10616052,  0.09020595,  0.05176839, -0.01961096, -0.07174489, -0.05740059, -0.01162482,  0.01776126,  0.00219222, -0.02333415, -0.00480849,  0.04936782,  0.06120284, -0.00891968, -0.11160783, -0.17001000, -0.15887178, -0.08642935,  0.05338176,  0.18156721,  0.23599962,  0.19668920,  0.08516728, -0.03413636, -0.11768462, -0.13641361, -0.13065666, -0.11344612, -0.06852373,  0.00767009,  0.08827089,  0.13982910,  0.14927620
  0.26905021, -0.15782854, -0.38892779,  0.06105750,  0.30444927,  0.03120817, -0.22389110, -0.02316748,  0.12350134,  0.24201326,  0.15316315, -0.15085647, -0.31004634, -0.16432710,  0.03996299,  0.09151963,  0.17293703,  0.14678121, -0.09397592, -0.22749516, -0.06296863,  0.13004466,  0.12310472, -0.01801141, -0.13013825, -0.06145271,  0.09398112,  0.15389121,  0.01604775, -0.09925000, -0.06494147, -0.02454524, -0.03699536, -0.00484861,  0.04752122,  0.00238864, -0.00345907,  0.01836023,  0.04607283,  0.08946747,  0.07280930, -0.02088613, -0.18270689, -0.20190904, -0.05734074,  0.10162315,  0.14776224,  0.05241841, -0.03558004,  0.01440151
 -0.04926615,  0.32586118, -0.13247778, -0.23370531,  0.00686487,  0.22245319, -0.09045239, -0.14023942, -0.12359084,  0.00275905,  0.22120747,  0.25328501,  0.05003278, -0.18913948, -0.21883413, -0.15857932, -0.00921864,  0.26974287,  0.27074994, -0.02796122, -0.25341525, -0.12914200,  0.05531038,  0.18460368,  0.04912935, -0.08169781, -0.11429320, -0.00196299,  0.11908571,  0.06855827, -0.00985404,  0.00037922, -0.02724506, -0.06332520, -0.00903951,  0.02502901, -0.00613418, -0.00611816, -0.05284672, -0.03063699,  0.03633641,  0.15155229,  0.08064875, -0.12188593, -0.25469048, -0.15209784,  0.03530077,  0.20722855,  0.08752276, -0.03587945
  0.14566451,  0.01805402, -0.21174945, -0.04333526,  0.11706979,  0.00166862, -0.08030392,  0.04770422,  0.07763986,  0.03929518, -0.07255813, -0.14915190,  0.02048555,  0.27266533,  0.15050129, -0.27475057, -0.34185743, -0.00254363,  0.23589836,  0.18686316,  0.04309721, -0.05326304, -0.10188456, -0.11551569, -0.08364934,  0.06589223,  0.21266005,  0.15515327, -0.10981972, -0.23133726, -0.06857167,  0.12468048,  0.15456842,  0.05252277, -0.12279520, -0.20241224, -0.03130973,  0.17030127,  0.14858859, -0.05324904, -0.15064512, -0.00730684,  0.12275995,  0.02519338, -0.18351116, -0.21442028, -0.02969712,  0.13252212,  0.13807429,  0.07611052
 -0.18818146,  0.35654701, -0.06208555, -0.15055069, -0.06569375,  0.21362422, -0.11388595, -0.04586822,  0.00187942,  0.04365256,  0.11672140, -0.00599668, -0.21833190, -0.13002687,  0.28215542,  0.28425553, -0.18361197, -0.26485744, -0.05738769,  0.12556858,  0.07618833,  0.05476327, -0.00146495,  0.02032599, -0.06868613, -0.13219440, -0.06809301,  0.15314985,  0.21564737, -0.05024169, -0.18679815, -0.08489992,  0.04761005,  0.10115318,  0.14202597, -0.03223349, -0.20885391, -0.07459533,  0.09603781,  0.18504717, -0.04086960, -0.14483772, -0.03912373,  0.15978926,  0.11379299, -0.07728361, -0.17606721, -0.01838273,  0.03727323,  0.06390042
  0.21333484, -0.16325002,  0.08919908,  0.03343084, -0.04190576, -0.21719353,  0.06360546, -0.01236319, -0.03822860,  0.04780490,  0.06375088,  0.01907595,  0.04422113,  0.07636634, -0.05011644, -0.11678671, -0.00937734, -0.08636779, -0.07438830,  0.05086499,  0.19302279,  0.11204651,  0.04698592, -0.08060873, -0.14359379, -0.15350317, -0.00089078,  0.15642614,  0.19689432,  0.16804051, -0.06022439, -0.26006839, -0.16585630,  0.09497705,  0.17880908,  0.11538270, -0.03384983, -0.22378148, -0.15747919, -0.00517976,  0.17160616,  0.15716946,  0.06094935, -0.09687544, -0.22782714, -0.30216596, -0.19143604,  0.01889359,  0.29369967,  0.24663280
 -0.13525172,  0.31865139, -0.12469721, -0.06285596, -0.06744664,  0.11376905, -0.16514643,  0.13022644,  0.16362491, -0.16595953, -0.16101480,  0.08451306,  0.16858178, -0.02247381, -0.04921342,  0.02563647, -0.04156797, -0.04589805, -0.11118300,  0.01329687,  0.19574956,  0.23767725, -0.17237000, -0.26754870, -0.10221945,  0.19723320,  0.12590704,  0.00426016, -0.00471875, -0.06607942, -0.09347147,  0.02728570,  0.08886709, -0.01256394, -0.04698575,  0.06726474,  0.04240198, -0.03762302, -0.23088584, -0.03500704,  0.22627005,  0.27725938, -0.08838333, -0.30825858, -0.11514487,  0.19317235,  0.07091370, -0.04323919, -0.11400597,  0.11865684
 -0.07785083,  0.13436717, -0.16982897,  0.11448073,  0.10394873,  0.01475424, -0.18118532,  0.01043681,  0.08488183, -0.00688524, -0.01028351, -0.04445424, -0.05985198,  0.02407798,  0.11680498,  0.05555434, -0.02830236,  0.00259476, -0.11827776, -0.14091442, -0.02751829,  0.14966145,  0.14060385,  0.06964924, -0.04340153, -0.10250307, -0.13891976, -0.03645520,  0.02507056,  0.06690599,  0.18466264,  0.09698671, -0.11782727, -0.24950751, -0.14672779,  0.12455914,  0.29666606,  0.20699580, -0.17576825, -0.29681676, -0.17956681,  0.10200703,  0.24098621,  0.21072369,  0.03764677, -0.12372618, -0.24031249, -0.17932355, -0.00317309,  0.28440381
 -0.18153521, -0.01409875,  0.29545187, -0.02318308, -0.16893375,  0.07674194,  0.01174299, -0.13409704,  0.11244311,  0.15040257, -0.13322559, -0.15915032,  0.03347783,  0.04834278,  0.00589823,  0.11384633,  0.08749825, -0.02111262, -0.08243984, -0.15853940, -0.09962848,  0.19547391,  0.26628366, -0.05777496, -0.26537287, -0.13388590,  0.10827263,  0.10115534,  0.05244226, -0.01098186, -0.13459166, -0.09963774,  0.08821951,  0.12078480,  0.01610921, -0.07843641, -0.02054846,  0.09789224,  0.02622448, -0.18570065, -0.14950224,  0.15776972,  0.29862693,  0.03663817, -0.21167795, -0.03899013,  0.24841072,  0.18147894, -0.12314627, -0.24532393
  0.09182161, -0.03439797, -0.00090215, -0.08079236,  0.04099830,  0.03539450, -0.02474329, -0.06766767, -0.00522833,  0.00290586,  0.02011437,  0.06556414,  0.08590104, -0.04028661, -0.15803235, -0.05824405,  0.16144339,  0.07603626, -0.08799018, -0.08763629,  0.07391103,  0.04981529, -0.06823590, -0.00482352,  0.12001584,  0.00692912, -0.15595355, -0.06393620,  0.19001501,  0.16942594, -0.23402170, -0.22261070,  0.25400557,  0.32740249, -0.18381973, -0.40224735, -0.01659818,  0.29393774,  0.15667072, -0.12836541, -0.12856702,  0.00987862, -0.01217911, -0.07069675,  0.06363493,  0.12572996, -0.13389114, -0.23594949,  0.07050165,  0.21572463
  0.04497860, -0.15304742,  0.18767520, -0.14613233,  0.13000125, -0.07902065, -0.03719494,  0.04301461,  0.00277934,  0.02584395, -0.02015844,  0.02815274, -0.00101632, -0.09789879, -0.01139314,  0.12263207,  0.06542844, -0.15328297, -0.00049365,  0.07479624,  0.05485525, -0.12006280, -0.03183612,  0.14220460,  0.01333091, -0.18021600, -0.01650850,  0.15615067,  0.16370044, -0.17510777, -0.31902380,  0.24372972,  0.30335732, -0.16700193, -0.30290562,  0.06331777,  0.30777284, -0.02658974, -0.17347668, -0.10092588,  0.15597557,  0.07226234, -0.09934402, -0.04195443,  0.11399701, -0.02335231, -0.12454845,  0.11209640,  0.19028488, -0.21585411
  0.00323809, -0.06961471,  0.27790282, -0.51997387,  0.47236971, -0.12929738, -0.09525465,  0.05033103,  0.02816869, -0.01769493, -0.02879745,  0.11493829, -0.07328021, -0.15106093,  0.14670327,  0.07147275, -0.04747998, -0.08572602,  0.08225764, -0.13734835,  0.15135433,  0.04429836, -0.05791350, -0.17095899,  0.10146227,  0.13025059,  0.02964822, -0.21339468,  0.01260671,  0.07280645,  0.04263347,  0.09869711, -0.21107838, -0.03168946,  0.18374338, -0.08894329,  0.00715149, -0.00454461,  0.10059439, -0.10558087, -0.04841318,  0.01824184,  0.10581907,  0.01749436, -0.09870247, -0.03876913,  0.09135560, -0.01796625, -0.00646249, -0.00559374
 -0.03839325, -0.00110704, -0.11969915,  0.17904965,  0.03220859, -0.08639474,  0.04444657, -0.03561111, -0.02560504,  0.10977019,  0.09255753, -0.15109709, -0.23767309,  0.08120134,  0.23993914,  0.08360872, -0.14630515, -0.14509747, -0.01455245,  0.23222664,  0.09586661, -0.23099996, -0.20173836,  0.11447775,  0.28354714,  0.00450906, -0.25613561, -0.09434003,  0.12961793,  0.10726919,  0.02511418, -0.17803942, -0.05670483,  0.11585932,  0.01364399, -0.03016257,  0.09676583,  0.09376258, -0.13845368, -0.20064781,  0.05965436,  0.24464249,  0.09566894, -0.17802960, -0.15659601,  0.09607891,  0.25406418,  0.07051446, -0.12868311, -0.14395731
 -0.12127428,  0.06044010,  0.14161525, -0.10740314,  0.13947783, -0.19535564,  0.03659464, -0.00103969,  0.15566669, -0.03365904, -0.17076307, -0.08058167,  0.06266287,  0.18281934,  0.13803955, -0.19769679, -0.20300353,  0.12030499,  0.24665769, -0.09443455, -0.19679294, -0.11419598,  0.25189684,  0.15968056, -0.04389173, -0.24735337, -0.10033390,  0.15016544,  0.16639502, -0.11354260, -0.03799825, -0.02077024, -0.05662759,  0.11628540,  0.05892873, -0.04244552,  0.00562438, -0.06129674, -0.12244218,  0.06512244,  0.18328669,  0.00247056, -0.15306503, -0.05088346,  0.07854846,  0.22301394,  0.07252877, -0.24264461, -0.23402976,  0.22536211
 -0.12794974,  0.22149314, -0.16353606,  0.07844310,  0.17908918, -0.48436320,  0.37147131,  0.02845026, -0.08328054, -0.18359299,  0.08604166,  0.16675663, -0.04992687, -0.08127705, -0.01928741,  0.00909237,  0.08278499,  0.10429947, -0.16015748, -0.10734946,  0.14778474,  0.01989916, -0.00896100,  0.02983467, -0.13128415,  0.03100026, -0.01470212,  0.07709240,  0.11716651, -0.22893206, -0.00062757,  0.09255740, -0.08375238,  0.22547019, -0.16340880,  0.02589292, -0.08916429,  0.06451681,  0.03838562,  0.01315969, -0.09240832,  0.01106085,  0.05053270,  0.08012013, -0.05624314,  0.01837850, -0.10991524,  0.27323382, -0.15658398, -0.04728191
  0.11791238, -0.14519626,  0.08872528, -0.09988989,  0.00568275,  0.09789616,  0.04744259, -0.27284548,  0.11703241,  0.14624181, -0.03272285, -0.11593184,  0.08199524, -0.02589496, -0.01030270,  0.03471100, -0.00716742, -0.11350345,  0.07932610,  0.07139534, -0.02196255, -0.05163237, -0.00676697,  0.02933091, -0.07671822,  0.21673025, -0.14525918,  0.00562668, -0.07751605,  0.17870226, -0.15191346,  0.19519854, -0.17129227,  0.07531894, -0.16109496,  0.25806896, -0.27373266,  0.24284718, -0.15968903,  0.10633203, -0.13912929,  0.22287513, -0.26037254,  0.09741166, -0.03349861,  0.03839834, -0.18115949,  0.21317276, -0.21034015,  0.17712080
  0.04309529,  0.02228597, -0.05678792, -0.00327457, -0.03916240,  0.03617873,  0.17288026, -0.36770425,  0.18491339,  0.04755034,  0.03298163, -0.12849420,  0.15241564, -0.14933977,  0.10604844, -0.09290661,  0.09956286, -0.11805711,  0.07099750, -0.01661100,  0.08263532, -0.12540580,  0.13786954, -0.14957340,  0.03068974,  0.08025719,  0.06874948, -0.21934730,  0.22951404, -0.22331690,  0.22412555, -0.16263189,  0.19215132, -0.20667934,  0.08932488, -0.05117138,  0.07717581, -0.12806902,  0.19933393, -0.19679065,  0.09728425,  0.03772165, -0.07121822, -0.11354362,  0.18835876, -0.10206685, -0.14632023,  0.20361954, -0.16966762,  0.13037303
  0.05122830, -0.11839619, -0.00897279,  0.12471409, -0.02190450,  0.01836842, -0.17120754,  0.09745455,  0.25616612, -0.25541623, -0.15404226,  0.24272918, -0.00942690, -0.04708777, -0.01546160, -0.05070609,  0.08472171, -0.00287733, -0.01720577,  0.00440542, -0.05341863,  0.08132920, -0.04540866, -0.07945366,  0.17097500,  0.02043233, -0.31951549,  0.23753854,  0.05752154, -0.07149247, -0.03080823, -0.02392744,  0.01601281, -0.00799358,  0.09141870, -0.00222471, -0.16778829,  0.13831678,  0.06006793, -0.20440293,  0.20504281, -0.07531932, -0.15289854,  0.23833699,  0.06506376, -0.39096800,  0.25315214,  0.12879351, -0.13765063, -0.00780321
  0.04035049, -0.02740193,  0.14742228, -0.10769824, -0.14336244,  0.06519900,  0.14757392, -0.09658594, -0.08276159, -0.20229484,  0.44212388, -0.03879748, -0.11571534, -0.08606377,  0.08156550, -0.06562718,  0.15419010, -0.15364042,  0.04789827, -0.04235076,  0.10912569, -0.00607780, -0.00749412, -0.10754757,  0.12425121, -0.19021111,  0.19143604,  0.16418438, -0.20733554, -0.10609327,  0.13567240,  0.00318454,  0.11453599, -0.06220342, -0.05367864, -0.10558451,  0.03502078,  0.22035977, -0.22752493,  0.02810914,  0.11743384, -0.06808001, -0.07945158,  0.18112040, -0.29484108,  0.05983586,  0.12194717, -0.11690236, -0.13752831,  0.20021158
  0.00548386,  0.02119399,  0.11467442, -0.08011048, -0.16576332,  0.05912861,  0.19049313, -0.05965577, -0.35050329,  0.26435293,  0.04120572,  0.12216070, -0.19678986,  0.00682305,  0.04120137,  0.04077973, -0.09873761,  0.07593945, -0.02922344, -0.01110728,  0.01630754,  0.04412727,  0.00871805,  0.02456078, -0.25675484,  0.26829969, -0.09976345,  0.17421534, -0.12591534, -0.09212053,  0.03079143,  0.18655127, -0.11506873,  0.04896653, -0.01487957, -0.15006186,  0.07652255,  0.08509315,  0.02159486, -0.23543731,  0.21357342,  0.00810390, -0.02315123, -0.23745132,  0.28717427, -0.22301697,  0.12295305, -0.13282449, -0.05208492,  0.14935496
 -0.00524743,  0.07133753, -0.03625953, -0.11512772,  0.05234890,  0.12456295, -0.00132956, -0.27010703,  0.12753787,  0.24505091, -0.24382284,  0.00636601,  0.09787088, -0.04089780, -0.03368021,  0.00341573, -0.00905433,  0.14359171, -0.18186878, -0.00496088,  0.19052700, -0.08918209, -0.06153507, -0.03539693,  0.08072921,  0.05079854, -0.06704380,  0.03778271, -0.03221397, -0.06955000,  0.17680496, -0.09390548, -0.10352730,  0.25830582, -0.21147139, -0.10586119,  0.33900971, -0.13197563, -0.25835230,  0.29709752,  0.05187547, -0.23525011, -0.00091353,  0.20574296, -0.07612891, -0.17620377,  0.13245148,  0.01779069,  0.01030664, -0.03046528
 -0.01198408, -0.00241843, -0.04199028,  0.05768239, -0.00087839,  0.00513866, -0.04135635,  0.08686915, -0.08538758,  0.07567193,  0.04980905, -0.29498264,  0.23419535,  0.06494306, -0.17803555,  0.10507716, -0.03021200, -0.03737276,  0.14836343, -0.19705469,  0.05336910,  0.15661653, -0.27083226,  0.20592411, -0.05554504,  0.00528073,  0.00123958, -0.13003650,  0.16553796, -0.03889425, -0.05583076,  0.08553194, -0.11432172, -0.05098187,  0.28616871, -0.23937347, -0.01100192,  0.23418563, -0.23507566, -0.01855551,  0.27878337, -0.28888447,  0.08786153,  0.06060712,  0.01010720,  0.00548161, -0.13679736,  0.22330248, -0.08831763, -0.03158600
 -0.08256727,  0.10175213, -0.00670866, -0.04323071, -0.00916195,  0.01017709,  0.10837187, -0.09339121, -0.06917821,  0.12807255,  0.00521316, -0.05004299, -0.16267724,  0.23535653, -0.05536908, -0.02268999, -0.08680082,  0.18983972, -0.10344902,  0.02713226, -0.16497313,  0.21980372,  0.02508442, -0.26944362,  0.21899348, -0.11403961,  0.15652871, -0.19191673,  0.11394225, -0.06721044,  0.02959538,  0.04848265, -0.11528552,  0.06332622,  0.03867990, -0.04166135, -0.01815135,  0.09554104, -0.02818838, -0.17652063,  0.14932189,  0.20731575, -0.42979326,  0.27532205,  0.02455614,  0.02321569, -0.11322194, -0.00625605,  0.23923898, -0.21290820
 -0.00506917, -0.02617900, -0.02792661,  0.14926053, -0.11775973, -0.00839710, -0.00007317,  0.12766859, -0.05178963, -0.11386973,  0.09868767, -0.10546721,  0.21588785, -0.23029998,  0.11086642,  0.02976372, -0.13987361,  0.14367837,  0.01132657, -0.16601786,  0.17130942, -0.14278027,  0.15540056, -0.15307807,  0.12971158, -0.10359955,  0.01888267,  0.03981784, -0.01057437,  0.04472448, -0.15087234,  0.15765876, -0.11290016, -0.00303067,  0.21109232, -0.27637768,  0.14419372,  0.03619265, -0.13805567,  0.21376148, -0.31150900,  0.32022838, -0.14873062, -0.06308602,  0.22165684, -0.21411621,  0.08735191,  0.03060927,  0.00099417, -0.04928476
 -0.07504092,  0.09088429, -0.00321831, -0.08843502,  0.11294003, -0.07850131,  0.09109872, -0.11570349,  0.08784318, -0.01681929,  0.00376644,  0.02976851, -0.23079749,  0.30010290, -0.13840156,  0.04027866, -0.04642869,  0.03324013,  0.10893000, -0.21731000,  0.11897594, -0.03614822,  0.13485879, -0.23868590,  0.13916762,  0.04490528, -0.12185613,  0.11694371, -0.15876221,  0.12787764,  0.02907008, -0.20174167,  0.24213016, -0.17250705,  0.04771827,  0.09241582, -0.14743740,  0.21210129, -0.27556736,  0.18229462, -0.00921272, -0.08962303,  0.15880167, -0.22121678,  0.26675139, -0.07193296, -0.08894469,  0.08946801,  0.08801525, -0.14602737
 -0.07091032,  0.02590089,  0.00513448,  0.06238782, -0.09113663,  0.09933964, -0.10731886,  0.16996780, -0.13286754,  0.06094597,  0.00322679, -0.10370495,  0.08419434, -0.18792019,  0.40555155, -0.36815132,  0.18218906, -0.10734732,  0.22889956, -0.27185999,  0.06111515,  0.03387208,  0.08836960, -0.15431679,  0.03872241,  0.10470612, -0.14243154,  0.05340558, -0.02411321,  0.00110264,  0.05439720, -0.05421353, -0.12415725,  0.24281870, -0.19906458,  0.14618419, -0.04937020,  0.02851302, -0.03339679, -0.07338148,  0.14173359, -0.08262290,  0.03757052, -0.01175362,  0.05362892,  0.11428859, -0.14814361,  0.04728655,  0.19732569, -0.23453275
  0.04553826, -0.00124625, -0.08427099,  0.10452836, -0.09123643,  0.07541665, -0.09813505,  0.11190787, -0.13976138,  0.19442478, -0.27255283,  0.27086277, -0.09602478,  0.06861123, -0.19862361,  0.11686739,  0.11798557, -0.25898914,  0.19837811, -0.12741625,  0.22519275, -0.26816347,  0.13640103, -0.02170413,  0.07896749, -0.21453263,  0.25676377, -0.19082359,  0.20473160, -0.20287770,  0.07861099,  0.07961571, -0.11963917,  0.09104788, -0.07201058,  0.09503812, -0.18909143,  0.17385422, -0.04218039,  0.00464533, -0.04272092,  0.02854001,  0.01429510, -0.03793727, -0.01442138, -0.06789866,  0.10339929, -0.09349423, -0.02674886,  0.09683528
  0.12208799, -0.22609547,  0.11061677,  0.04460574, -0.05726945,  0.00772933, -0.04955488,  0.10093978, -0.00718792, -0.05262642, -0.10801748,  0.24758228, -0.00743042, -0.25398779,  0.04727552,  0.29205664, -0.33457959,  0.07865535,  0.09962043,  0.03376938, -0.14762006,  0.04006425,  0.04780727,  0.01839121, -0.11271255,  0.09154375, -0.02601879,  0.07213819, -0.00999862, -0.21459838,  0.37228187, -0.29918228,  0.07170981,  0.06026893,  0.01895210, -0.12667097,  0.01663906,  0.17695549, -0.14264015,  0.02245096, -0.03722071,  0.09331393, -0.05967514, -0.01320249, -0.09146939,  0.19484062, -0.24194689,  0.11047907,  0.08611855, -0.05922632
  0.00171023, -0.07664115,  0.11702522, -0.01341858, -0.08419157,  0.06733086, -0.02945509,  0.09449591, -0.15517641,  0.15514341, -0.18229741,  0.22435290, -0.23053731,  0.04843643,  0.25241992, -0.27813939,  0.01128913,  0.16459481, -0.04683007, -0.14414312,  0.05036668,  0.21713168, -0.31126569,  0.15318984,  0.09701224, -0.20835022,  0.14669824, -0.07897411, -0.01727692,  0.10106120, -0.04389183, -0.11001955,  0.17169036, -0.10412295,  0.00926971,  0.01220731,  0.06187356, -0.08470728, -0.02090027,  0.11436500, -0.11560381,  0.07759945, -0.04176586, -0.00013675,  0.07422707, -0.03202619, -0.11254577,  0.28648428, -0.31752048,  0.12999024
  0.00910524, -0.09810862,  0.13867368, -0.03213107, -0.09266583,  0.13347617, -0.11388706,  0.10629039, -0.02611482, -0.13600265,  0.23623688, -0.14302263, -0.12372742,  0.21869810, -0.05290240,  0.00416727, -0.17363389,  0.24221374,  0.00081986, -0.30469745,  0.31007648, -0.11383492, -0.03221504,  0.11064101, -0.19995568,  0.26261877, -0.14696482, -0.15187508,  0.28773038, -0.15300194,  0.02485081, -0.08273844,  0.14726255, -0.05954598, -0.11984742,  0.18761065, -0.03430758, -0.11145082,  0.06691764,  0.03711824, -0.06736584,  0.06869919, -0.12251231,  0.18251110, -0.09575920, -0.03585971,  0.13048417, -0.08278468,  0.01591299, -0.01517631
  0.03495101, -0.03539923, -0.07544522,  0.13317508, -0.04809716, -0.05226515,  0.08424649, -0.12384553,  0.22512331, -0.25927348,  0.10585737,  0.14930682, -0.20535820,  0.00715450,  0.05958166,  0.08871139, -0.07965308, -0.19832349,  0.35738372, -0.11712683, -0.18737413,  0.17603853, -0.03219078,  0.06369341, -0.18634817,  0.09315492,  0.21552528, -0.30645738,  0.01670356,  0.22719610, -0.13049803, -0.03658213, -0.03899446,  0.21840083, -0.19198922, -0.06548407,  0.22203945, -0.08119977, -0.09524845,  0.06394368,  0.04718977, -0.03853831, -0.04654340,  0.00616222,  0.12581048, -0.18561600,  0.10814672, -0.00958817,  0.02910387, -0.03115901
  0.01103891, -0.01632047,  0.03507390, -0.01307737, -0.04995654,  0.03223741,  0.06681021, -0.12806822,  0.05028221,  0.01738677,  0.03593804, -0.06636112, -0.00270003,  0.12899848, -0.18459217,  0.07837939,  0.09176873, -0.21246471,  0.25905041, -0.18165018, -0.06082393,  0.33102515, -0.32068801,  0.00788612,  0.21409467, -0.06643434, -0.22881679,  0.26609031,  0.04301774, -0.29314153,  0.17589298,  0.08648445, -0.13640008,  0.04755742, -0.01856008,  0.00391941,  0.08796952, -0.20219861,  0.14907410,  0.09372962, -0.27128748,  0.19170547,  0.02281511, -0.12409693,  0.02854593,  0.04210034,  0.00004688, -0.07845957,  0.05557658,  0.00158415
  0.02227220, -0.04362776,  0.02695776,  0.01300242, -0.01768392, -0.00350586, -0.03201215,  0.11311810, -0.11140108,  0.01429633,  0.00801319,  0.09139252, -0.16428778,  0.12493908,  0.03330624, -0.22528717,  0.27419071, -0.15133828, -0.05739789,  0.24290070, -0.26222982,  0.06711237,  0.17268418, -0.18170151, -0.08153823,  0.30184517, -0.19167191, -0.13322623,  0.32318962, -0.18127237, -0.05830082,  0.09223406,  0.02844488, -0.10954325,  0.14574766, -0.17699499,  0.13225217,  0.03654015, -0.23437210,  0.29538063, -0.15773034, -0.02618809,  0.06788983,  0.02254618, -0.09287053,  0.03669679,  0.00655737,  0.01053865, -0.03557239,  0.02569315
 -0.07281312,  0.05252723,  0.05243612, -0.11260007,  0.04751561,  0.11113569, -0.11644154, -0.06041879,  0.24408040, -0.17983010,  0.00581051,  0.03153997, -0.10701642,  0.13991665,  0.02084097, -0.22539663,  0.29047884, -0.07821146, -0.15239034,  0.08313550,  0.13402584, -0.16869317, -0.11266761,  0.38195279, -0.27771227, -0.03464642,  0.10986527,  0.03766150, -0.11211880, -0.07111501,  0.21215397, -0.06235877, -0.17056912,  0.07414410,  0.18676352, -0.16495304, -0.03353735,  0.14096184, -0.06693356, -0.02678804, -0.06363708,  0.19944451, -0.11833739, -0.06393441,  0.18402912, -0.00530479, -0.07851635,  0.00209223,  0.17136629, -0.17688642
 -0.06508663,  0.11091217, -0.06908304, -0.02283353,  0.08398591, -0.01409303, -0.13278286,  0.22745993, -0.16931056,  0.05981598, -0.00725635, -0.02464378, -0.05498888,  0.19962344, -0.22370931,  0.10294849,  0.10823539, -0.22962007,  0.16062437, -0.05694756,  0.05833001, -0.16118179,  0.19364512, -0.05996135, -0.07652752,  0.09040289, -0.08833279,  0.14580685, -0.24405051,  0.19188056,  0.02640472, -0.15544835,  0.04570644,  0.06440368,  0.03099454, -0.19610965,  0.27126833, -0.22215546,  0.13570259, -0.10029303,  0.03722135,  0.11505243, -0.23257169,  0.21769495, -0.06910535,  0.05441040, -0.14409250,  0.23545257, -0.19389821,  0.04613117
 -0.04330512,  0.05123753,  0.04400472, -0.16564690,  0.20428072, -0.08788425, -0.11623012,  0.25678727, -0.21343703,  0.03521911,  0.14792409, -0.26773240,  0.21012249, -0.03009435, -0.06571726,  0.03384268,  0.06262796, -0.08019573, -0.04811640,  0.18581303, -0.21754793,  0.13383469, -0.03996524,  0.02779199, -0.01619778, -0.05806264,  0.10629612, -0.08606509,  0.02377675, -0.06352415,  0.22089479, -0.28236351,  0.10489286,  0.13683128, -0.21972472,  0.16668987, -0.09620908,  0.07836978, -0.09637274,  0.08166833, -0.06521617,  0.09014179, -0.07370395, -0.05339283,  0.26386625, -0.31487666,  0.18838137,  0.00712150, -0.10821046,  0.04739577
 -0.04847291,  0.13236513, -0.15275416,  0.05958773,  0.09458276, -0.20537536,  0.20375317, -0.08254397, -0.09973443,  0.23195063, -0.21338110,  0.04507147,  0.12961703, -0.17322637,  0.10527838, -0.04678097,  0.07333849, -0.13737052,  0.16427544, -0.12267011,  0.03036405,  0.06662822, -0.13140171,  0.16471001, -0.17174945,  0.12373604, -0.05316626,  0.02714312, -0.05539980,  0.07866722, -0.01969289, -0.13688418,  0.27374744, -0.27203032,  0.15049391, -0.00382384, -0.07651799,  0.07913034, -0.05580682,  0.04619718, -0.06837016,  0.13299510, -0.20758834,  0.23733776, -0.13673883, -0.04636522,  0.21577542, -0.26438028,  0.18980791, -0.07432590
