 -0.14165125, -0.14164604, -0.14164464, -0.14164489, -0.14164600, -0.14164711, -0.14164671, -0.14164249, -0.14163477, -0.14162558, -0.14161508, -0.14160355, -0.14159024, -0.14157616, -0.14156116, -0.14154512, -0.14152891, -0.14151278, -0.14149674, -0.14148140, -0.14146644, -0.14145282, -0.14143959, -0.14142589, -0.14141214, -0.14139921, -0.14138646, -0.14137354, -0.14136130, -0.14134972, -0.14133852, -0.14132797, -0.14131808, -0.14130792, -0.14129811, -0.14128942, -0.14128026, -0.14127127, -0.14126250, -0.14125407, -0.14124604, -0.14123808, -0.14123018, -0.14122249, -0.14121445, -0.14120697, -0.14119915, -0.14119116, -0.14118316, -0.14117564
  0.40247929,  0.41678324,  0.39677026,  0.35100734,  0.28695801,  0.21216414,  0.13408974,  0.06989426,  0.02052342, -0.02178614, -0.05918969, -0.09017887, -0.11277055, -0.12940117, -0.13873129, -0.14132980, -0.13836251, -0.13202630, -0.12519729, -0.11872575, -0.11285178, -0.11178093, -0.11035737, -0.10396251, -0.09618557, -0.08886299, -0.07870998, -0.06714628, -0.05603482, -0.04606584, -0.03872037, -0.03189664, -0.02656128, -0.02049204, -0.01525459, -0.01420516, -0.01093083, -0.00840951, -0.00694426, -0.00545204, -0.00618284, -0.00667992, -0.00550495, -0.00644029, -0.00602332, -0.00402884, -0.00130402, -0.00024474,  0.00047678,  0.00099520
 -0.10468112, -0.02622401,  0.04730073,  0.11285977,  0.16559105,  0.20286782,  0.22568527,  0.23930835,  0.24661018,  0.24586834,  0.23839372,  0.22450394,  0.20797427,  0.18799112,  0.16642450,  0.14551257,  0.12460192,  0.10465737,  0.08661544,  0.06884388,  0.05222581,  0.03367607,  0.01438607, -0.00308327, -0.01866133, -0.03461080, -0.04916018, -0.06045850, -0.07066047, -0.07972064, -0.08715620, -0.09445519, -0.10171031, -0.10666941, -0.11090107, -0.11687523, -0.12108148, -0.12479801, -0.12832432, -0.13227587, -0.13674658, -0.14159345, -0.14661792, -0.15184462, -0.15629305, -0.16222653, -0.16637776, -0.16913321, -0.17160620, -0.17517797
 -0.62067330, -0.30977550, -0.04051666,  0.16067750,  0.27311172,  0.28405250,  0.18920565,  0.11021838,  0.08103158,  0.06139838,  0.02881667, -0.00943217, -0.04110737, -0.08433767, -0.12538776, -0.15775814, -0.16582382, -0.14577427, -0.11593091, -0.07938658, -0.03690427, -0.03848473, -0.06006280, -0.06042057, -0.06376224, -0.08267471, -0.08515449, -0.07269141, -0.05333112, -0.03332868, -0.02588509, -0.01241160, -0.00378948,  0.01525117,  0.03856778,  0.03306202,  0.04626289,  0.05988685,  0.07049544,  0.08982389,  0.09171649,  0.08895110,  0.09839128,  0.08526104,  0.07650398,  0.08647791,  0.10856455,  0.11621263,  0.11757993,  0.11547188
 -0.29906946,  0.10963846,  0.41483824,  0.31720979, -0.07538363, -0.38427302, -0.33778922, -0.17759767, -0.06264998,  0.07430652,  0.20258169,  0.24689343,  0.14068662, -0.00243342, -0.12272843, -0.18155364, -0.12571051,  0.02055091,  0.14333469,  0.16743496,  0.09902229,  0.07365029,  0.06310756, -0.00941085, -0.08579224, -0.07328906, -0.02840870,  0.00960413,  0.01808002, -0.01835745, -0.02852206, -0.00874746,  0.02522792, -0.01757671, -0.08304331, -0.04023449, -0.01582389, -0.00338040,  0.00202904,  0.00138827,  0.02050933,  0.01166991, -0.02464652,  0.00771606,  0.05911112,  0.09894492,  0.07314261, -0.00156276, -0.08874162, -0.10399114
 -0.01275511,  0.13113928,  0.01445471, -0.22177981, -0.30709783, -0.14379688,  0.11660933,  0.30052472,  0.36860200,  0.31944188,  0.15241049, -0.07896028, -0.27293400, -0.34820737, -0.29411011, -0.14059651,  0.04525766,  0.16893027,  0.17528110,  0.09871269,  0.02062498, -0.03987506, -0.09007142, -0.10644002, -0.07274501, -0.01605240,  0.01830189,  0.01988973, -0.00416566, -0.02922488, -0.02965474, -0.02237693, -0.03559710, -0.04884831, -0.01679203,  0.02829745,  0.05207612,  0.06314789,  0.06762450,  0.07079772,  0.05622379,  0.02877928,  0.02033142,  0.01887168,  0.00225925, -0.02843131, -0.05759448, -0.05491691,  0.01035999,  0.10433126
  0.18368888, -0.00452173, -0.16525461, -0.18010086, -0.07696845, -0.00401559, -0.06141971, -0.04646280,  0.09571594,  0.24099669,  0.30636213,  0.29515368,  0.23041277,  0.09644252, -0.06298062, -0.20287087, -0.29444665, -0.33502206, -0.31067218, -0.20967205, -0.09202593, -0.05067351, -0.05208295, -0.02788396, -0.00184861,  0.00270557,  0.02438145,  0.04612663,  0.08259466,  0.13327440,  0.13374437,  0.11051288,  0.07625103,  0.07724723,  0.09267398,  0.05813779,  0.04394672,  0.04186911,  0.04886357,  0.06597607,  0.06356497,  0.07525121,  0.09883088,  0.05445279, -0.02170048, -0.08275785, -0.12509327, -0.14987794, -0.13397589, -0.08682401
 -0.00470631,  0.09638612,  0.03857014, -0.10160974, -0.14219104, -0.05533204, -0.01076638, -0.02802919, -0.03207495,  0.00783000,  0.04539798,  0.07833926,  0.12885007,  0.18902506,  0.23520988,  0.23964527,  0.21095603,  0.13811081,  0.00479659, -0.11798367, -0.17262686, -0.20965021, -0.25304190, -0.26260164, -0.25016003, -0.23839181, -0.22009519, -0.20792795, -0.19120050, -0.15313175, -0.10717719, -0.05633013, -0.02699022,  0.00007980,  0.05238940,  0.08928085,  0.10776562,  0.10800275,  0.10671227,  0.12490623,  0.12892859,  0.13176066,  0.16834774,  0.18337342,  0.15728192,  0.12080179,  0.07241377,  0.00305075, -0.05343002, -0.07212838
  0.25587786, -0.30139321, -0.29821556,  0.30814195,  0.31534078, -0.26090102, -0.25870477,  0.12272383,  0.18597480, -0.03128950, -0.04106122,  0.09472873,  0.01179626, -0.09830011, -0.05881527,  0.06402202,  0.03855252, -0.04271463,  0.13931214,  0.23688344, -0.09431579, -0.22155185, -0.08710662, -0.09317740, -0.07557992,  0.04729841,  0.02998929, -0.03751999, -0.00508640,  0.00982723, -0.09984744, -0.16380993,  0.03344250,  0.17616759,  0.07982305,  0.00318730, -0.03615528,  0.04545898,  0.03556326, -0.07382392,  0.06546906,  0.22350339,  0.06707526, -0.05147224, -0.04496724, -0.08474578, -0.13320279,  0.02228363,  0.09402629, -0.01262302
 -0.09895571, -0.09401023,  0.18540477,  0.16534088, -0.16179235, -0.18628857,  0.05575368,  0.13066804,  0.02877756, -0.00896215,  0.04170375, -0.02172255, -0.07673687, -0.02719093,  0.07535551,  0.11960711,  0.07432556,  0.04719845, -0.04386515, -0.29165145, -0.34731116, -0.15444983,  0.01206728,  0.11988721,  0.20865669,  0.12948897, -0.03399397, -0.09906870, -0.09695166, -0.05084553,  0.09114110,  0.28519979,  0.32671244,  0.17922364, -0.00524980, -0.13112778, -0.09572441, -0.02089219,  0.04392919,  0.15788762,  0.19235297,  0.01516058, -0.17998777, -0.23016130, -0.18688001, -0.14118258, -0.00535980,  0.09493934,  0.04438881, -0.03480392
  0.09755961, -0.07611128, -0.09714065,  0.07792059,  0.01086578, -0.15495156, -0.01365974,  0.18916732,  0.13870557, -0.04608072, -0.07705171, -0.03071376, -0.03802605, -0.03325822,  0.05520691,  0.12411162,  0.00646377, -0.15623578, -0.11492524, -0.00021709,  0.05588548,  0.15587803,  0.18748109,  0.04114038, -0.11190486, -0.22167239, -0.27467700, -0.15358626,  0.09476952,  0.27984326,  0.24197419,  0.04232237, -0.11765225, -0.20665845, -0.24132362, -0.14292938,  0.09424752,  0.31155961,  0.29508638,  0.09101434, -0.04483585, -0.11941931, -0.18654999, -0.10339380,  0.06754903,  0.10777185,  0.08315960,  0.08107234, -0.02241256, -0.14533452
 -0.04818510, -0.18380098,  0.14927136,  0.16952199, -0.19329277, -0.09073280,  0.23805773,  0.17275246, -0.12212075, -0.17011990,  0.01505075, -0.00701172, -0.05813521,  0.02176009,  0.11946078,  0.05112108, -0.11752162, -0.05719224,  0.08929664, -0.04454049, -0.11254078, -0.05346081, -0.14262049, -0.20136770, -0.06648601,  0.00084211,  0.08745591,  0.27988989,  0.32143622,  0.12633562, -0.08613662, -0.07376156,  0.00556481,  0.06479424,  0.16170319,  0.24572297,  0.35275490,  0.20433167, -0.10299238, -0.17831629, -0.11341016, -0.15805865, -0.14274775, -0.01361258,  0.03354518, -0.07066432, -0.05787008, -0.04123326, -0.11559057, -0.08724367
  0.12682120, -0.07924863,  0.00227059,  0.00140600, -0.16424472,  0.03526997,  0.23277316,  0.02531539, -0.23537408, -0.07085038,  0.27176542,  0.12221901, -0.22722205, -0.18852808,  0.13831246,  0.17909479, -0.15371813, -0.25515674,  0.05035605,  0.21028547,  0.12237760,  0.02637964,  0.02792052,  0.15170215,  0.19463009, -0.07370044, -0.24871163, -0.09570180,  0.05229390, -0.05572936, -0.22002697, -0.07064176,  0.10737840,  0.02209976, -0.17257910, -0.22307616, -0.01317075,  0.00567163, -0.17747979, -0.08885491,  0.17737234,  0.23672361,  0.14469635,  0.07598463,  0.05411104,  0.03918269,  0.04132506, -0.02951870, -0.06867721,  0.03648914
 -0.05754990,  0.05390980,  0.07273616, -0.00098601, -0.11134622, -0.09157151,  0.10023258,  0.20939007, -0.01848487, -0.26083078, -0.07887604,  0.25190374,  0.20234079, -0.20165706, -0.27428963,  0.08787398,  0.24311635, -0.02305138, -0.26418914, -0.11941008,  0.21012289,  0.15452379, -0.14225701, -0.12011912,  0.18357173,  0.24989685, -0.00592075, -0.17226586, -0.05427528,  0.08623231, -0.00599108, -0.17141656, -0.08834108,  0.16706374,  0.16223583, -0.09846246, -0.11830309,  0.04123538,  0.05655832, -0.09870049, -0.15731083,  0.00121172,  0.15193525,  0.08599226, -0.02913395, -0.03588142,  0.10083258,  0.11075724, -0.05811601, -0.12495503
  0.13595320, -0.17624177,  0.03812659,  0.15093809, -0.17643947, -0.14142624,  0.09383093,  0.20483528,  0.09973751, -0.08425994, -0.12310828, -0.13995964,  0.08358166,  0.20751929,  0.01947398, -0.16846217, -0.16900149,  0.03586159,  0.11168549, -0.17281358, -0.05275354,  0.38872280,  0.27960835, -0.08936182, -0.07172463, -0.02113229, -0.03035023, -0.06959653, -0.13052027, -0.07540084, -0.00568664,  0.01529123, -0.12022763, -0.07409682,  0.07624083, -0.05129168, -0.07325251, -0.15155024, -0.18902979,  0.04444905,  0.16312255,  0.06923751,  0.15564390,  0.29487157,  0.15610697, -0.19862301, -0.18056327,  0.07297294,  0.08127976, -0.04218784
 -0.02051064,  0.00459231, -0.02174474,  0.06415072,  0.06531953, -0.09922997, -0.16026607,  0.01904629,  0.19993260,  0.18769504,  0.02643920, -0.11924327, -0.15863570, -0.07048748,  0.06143891,  0.08730269,  0.01182532, -0.06669454, -0.11675041, -0.16421912, -0.17466618, -0.03078836,  0.21166031,  0.31829601,  0.24098860,  0.12509922,  0.00729238, -0.11808679, -0.17457554, -0.15834092, -0.13740884, -0.09397023, -0.02742985,  0.03667780,  0.12286638,  0.17028700,  0.15184288,  0.07402686, -0.08475858, -0.22154046, -0.21480350, -0.11936643,  0.01087982,  0.17283193,  0.29445266,  0.24251140,  0.05851820, -0.10203372, -0.17125445, -0.13918465
  0.12559016, -0.06639669, -0.11506136,  0.01216174,  0.04556877,  0.08122823,  0.01919753, -0.13296669, -0.14659744,  0.07806485,  0.24337013,  0.08390703, -0.01554433, -0.06365293, -0.04701648, -0.03347211, -0.07532161,  0.08811085,  0.17487887, -0.12908460, -0.17964430, -0.00927024, -0.09455063, -0.08305007,  0.18723875,  0.21170873,  0.18452932,  0.15374332, -0.07763212, -0.12556581, -0.01580381, -0.18032943, -0.33932483, -0.14222531, -0.13617481, -0.19821512,  0.08627164,  0.09970597,  0.07440753,  0.19847414,  0.09715821, -0.09766838, -0.10884377,  0.01896655,  0.10511375, -0.02815250,  0.13035994,  0.37195351,  0.05358429, -0.28366734
  0.11195820, -0.19712314,  0.02919113,  0.13517945, -0.06898981,  0.03559021, -0.04966588, -0.01447230,  0.00587397, -0.01919756,  0.15749981, -0.08089796, -0.12548712,  0.22299272, -0.03602332, -0.18927041,  0.21024075,  0.08241117, -0.18951574,  0.01174525, -0.01711377, -0.09206121,  0.03551011, -0.02965166, -0.03694639,  0.17482891,  0.15503576, -0.15186886,  0.09731371,  0.21594147, -0.29380780, -0.03881247,  0.04769877, -0.33648799, -0.01344120,  0.01376620, -0.17969641,  0.11979858,  0.05607213, -0.01647816,  0.17976532, -0.07267049, -0.04698817,  0.20748764, -0.17018863, -0.03230175,  0.32229368, -0.13082706, -0.18038256,  0.18220583
 -0.10558474,  0.15474426,  0.07380000, -0.17839436,  0.05451290,  0.01574971, -0.13160567,  0.16532077, -0.02080593, -0.10036584,  0.04358910,  0.01831479,  0.10583739,  0.02189241, -0.07523100,  0.13185904,  0.03449986, -0.21449503,  0.00398092,  0.12213529, -0.15674562, -0.10821785,  0.10294799, -0.00498005, -0.07595733,  0.12172230,  0.02425579, -0.01537872,  0.21505629, -0.17079742, -0.13670962,  0.30269276, -0.24184522, -0.19076524,  0.29299044, -0.21544499, -0.14868745,  0.26712272, -0.13832480, -0.12718992,  0.16775594, -0.06556087, -0.07546890,  0.01564751,  0.03860115,  0.11053226, -0.14235675, -0.05080919,  0.29195053, -0.00570191
 -0.04019527,  0.07133498,  0.04548120, -0.12983307, -0.02367869,  0.13083937, -0.08435762,  0.04202307,  0.11788234, -0.23031581,  0.01154010,  0.21909563, -0.10830044, -0.09022425,  0.16307264, -0.04854022, -0.15581147,  0.10279056,  0.01915356, -0.10480722,  0.11726019, -0.03318811, -0.06457369,  0.16658655, -0.07116416, -0.11936076,  0.20083716, -0.03661918, -0.12427320,  0.11456532, -0.11582839, -0.00705094,  0.14898342, -0.19447312,  0.06432770,  0.17493347, -0.22376112,  0.04917831,  0.19295032, -0.25679834,  0.05816114,  0.24397392, -0.27481286, -0.02801389,  0.29065596, -0.20902486, -0.10797785,  0.22146267,  0.01215829, -0.09626476
 -0.01505764,  0.12477312, -0.19583256, -0.07987365,  0.24417739, -0.05907736,  0.01577908,  0.06603604, -0.19700953, -0.02016687,  0.17232948, -0.01158493, -0.18441908, -0.03049223,  0.03518231, -0.16511068, -0.02036085,  0.19505087,  0.01971521,  0.08434849,  0.16911280, -0.02474987,  0.09079727,  0.00021616, -0.22398564,  0.00373370, -0.10933092, -0.20420802, -0.04879817, -0.06370542,  0.18924035,  0.18631897,  0.04316218,  0.29395348,  0.22370041, -0.04964993,  0.08179269,  0.11708748, -0.18410547, -0.07044045,  0.11065810, -0.19324936, -0.15642673,  0.18777952, -0.05198060, -0.23077756,  0.15423339,  0.13470050, -0.22813005, -0.12548885
 -0.13352456,  0.20672638, -0.06653920,  0.01922507,  0.13199652, -0.34326003,  0.09618592,  0.15074669, -0.02155573,  0.06352287, -0.14391905,  0.03916356,  0.02703662, -0.02004387,  0.29395311, -0.01680299, -0.13051103,  0.16080499, -0.25420678, -0.21155793,  0.14303427, -0.24809604, -0.00749040,  0.14984314, -0.10362136,  0.22037489,  0.03224056,  0.10786078,  0.27899017, -0.09262605,  0.01728113, -0.15719778, -0.19996023, -0.04077048, -0.24446885, -0.11652014,  0.01017252, -0.06926848, -0.03683118,  0.03350162,  0.08247957,  0.11369660,  0.04725688,  0.05937187,  0.07980018, -0.08268413, -0.01716793, -0.01417540, -0.01769023,  0.22534871
  0.01337080, -0.08535864,  0.10641267, -0.15868165,  0.23979123, -0.06563687, -0.21538270,  0.27277046, -0.15501450,  0.02033744,  0.19558069, -0.22072377,  0.03556756,  0.00443106, -0.08526722,  0.20480133, -0.11446080,  0.03995964,  0.21291719, -0.28868329,  0.03436201,  0.13424786, -0.33351349,  0.13668863, -0.05530088, -0.13615760,  0.24889245, -0.18395322,  0.10260068,  0.28260977, -0.05343030,  0.08610885,  0.02029384,  0.01633680, -0.09799368, -0.10191896, -0.00409148, -0.12185107, -0.12022744,  0.02633512, -0.07594860, -0.02488804,  0.13185103,  0.04174242, -0.00768148,  0.14235762, -0.02254137,  0.00439981, -0.05540832,  0.02937376
  0.05787711, -0.01555806, -0.00656202, -0.00820625,  0.00900674, -0.12602315,  0.17558269,  0.07431602, -0.29139365,  0.11391317,  0.00008526, -0.18058629,  0.21146277,  0.05991596, -0.14139392, -0.04090088, -0.07773260, -0.01787177, -0.04904212,  0.05219070,  0.23076157,  0.02795394,  0.07262422,  0.26961902, -0.05883771,  0.02006847,  0.06741997, -0.22280175, -0.06312776, -0.22254514, -0.35712964, -0.02791069, -0.01683914, -0.04134255,  0.10593668,  0.25669198,  0.16480197,  0.12476868,  0.27428462,  0.20453169,  0.02137921,  0.05629986, -0.03868145, -0.23282805, -0.14509059, -0.05998023, -0.15876525,  0.02788468,  0.02487468, -0.10323239
  0.07862227, -0.15720882, -0.01717889,  0.14183572, -0.12126437,  0.03265677,  0.22555819, -0.27504406, -0.07295270,  0.38090253, -0.16432253, -0.09785389,  0.22410163, -0.24808015, -0.07933527,  0.17285451, -0.05801180,  0.07665846,  0.07535612, -0.00776986,  0.00162057, -0.15064529,  0.02387817, -0.04142672, -0.20433373,  0.12678519, -0.01768001, -0.17029430,  0.21544961,  0.10613750,  0.02791901,  0.27095122,  0.01954820, -0.09137206,  0.08043969, -0.04951593, -0.19273037, -0.10164768, -0.00955050, -0.16937284, -0.14383756,  0.08433775,  0.00073664,  0.05258562,  0.19766230, -0.00569479,  0.06064282,  0.16186764, -0.11339123, -0.07856899
 -0.04321309,  0.09644008, -0.15659076,  0.14060462, -0.02114219, -0.17349846,  0.14398018,  0.11400771, -0.18007689,  0.04949675,  0.25708831, -0.19538323, -0.11413329,  0.27841600, -0.12823988, -0.17282006,  0.28490725, -0.02008605, -0.20596289,  0.10691453,  0.04896662, -0.18089797, -0.11858412,  0.02924866,  0.09446571, -0.13221802, -0.05623470,  0.15974560,  0.00344153,  0.09204229,  0.10088511,  0.05713785,  0.12866913, -0.11971007, -0.03151769,  0.02061547, -0.13170917, -0.14642632, -0.05132497, -0.10686272, -0.15674918,  0.01206739,  0.09083183, -0.00036085,  0.23944630,  0.05737107, -0.16611657,  0.17879032,  0.23932521, -0.21496256
 -0.07100100,  0.06302477,  0.07043503, -0.03463842, -0.03242050, -0.04033176,  0.03887237, -0.02440741,  0.08185180,  0.03127623, -0.07783666, -0.18406608,  0.16659713,  0.15850137, -0.29426408,  0.22212376,  0.15399053, -0.35186683,  0.07787614,  0.05760613, -0.03378387, -0.12732076, -0.02064558,  0.26492629, -0.04621028, -0.19948034,  0.12033821,  0.21350784, -0.10387614, -0.03818125,  0.13174540, -0.16369747, -0.06356509,  0.04351641, -0.02809094, -0.06024619,  0.01534474,  0.07747001, -0.06669939, -0.04673923,  0.14268789,  0.08693620, -0.08311380,  0.11148896,  0.05146160, -0.35361612,  0.16044747,  0.14227174, -0.27723665,  0.13904545
 -0.09147851,  0.28618115, -0.30851003,  0.14094877, -0.04966680, -0.07778898,  0.14688501,  0.02788776, -0.07050103, -0.12373484,  0.13353754,  0.02583449,  0.11413212, -0.09368540, -0.08546971,  0.23561627, -0.18736548, -0.06913540,  0.15569728, -0.10655182, -0.01418647, -0.10190519,  0.24936994, -0.09319476, -0.20211046,  0.10123545,  0.14919081,  0.01531183, -0.28456921,  0.19290245, -0.00398979, -0.17212798,  0.26581090, -0.16704545,  0.06057232, -0.00558598, -0.00286187, -0.04940122, -0.07790132,  0.08718463, -0.02797585, -0.14067429,  0.00221599, -0.03635343,  0.02838984,  0.03114045,  0.18081659, -0.21815913,  0.19618766,  0.03494313
  0.03477355, -0.07946641,  0.05264942,  0.03127330, -0.06345351,  0.11137698, -0.17425446,  0.01664393,  0.15891371, -0.11415648,  0.09956033, -0.24391071,  0.22284597, -0.04815436, -0.09261466,  0.12712717, -0.23378513,  0.28055900, -0.12201760, -0.01810479,  0.26355144, -0.27537380,  0.01118262, -0.00374683,  0.24250676, -0.11405123, -0.22303717,  0.15771504, -0.01686454,  0.02476066, -0.06293970,  0.11106963, -0.03908928, -0.04139187,  0.04426893, -0.10080639,  0.21139590, -0.08108104,  0.02510205, -0.02784443, -0.03229416,  0.10336828, -0.13102660,  0.24075575, -0.13302069, -0.13853255,  0.14217974, -0.13404907,  0.20166322, -0.17020838
  0.03615006,  0.01219699, -0.04127476,  0.04134198,  0.00449052, -0.03437357, -0.04442772, -0.18372043,  0.13023023,  0.07079902,  0.02492507, -0.02590636, -0.04070618,  0.28299653, -0.09782614,  0.02626093, -0.07099816, -0.10322309,  0.16797585, -0.15619258,  0.26725047,  0.09836871, -0.31547077, -0.10246691,  0.10300502,  0.27940095, -0.26757949, -0.17535078,  0.01002548, -0.10975620, -0.02868361, -0.01817798,  0.17746515, -0.01038858, -0.04148838, -0.06582561,  0.05789533,  0.22244798, -0.06003424, -0.02249028, -0.10897458, -0.12408906, -0.19329977, -0.05909381,  0.25263604, -0.16192974, -0.06256029, -0.01388226,  0.16740928,  0.30704153
 -0.01334353, -0.02263834,  0.01552032,  0.02692078,  0.01853051,  0.00681756,  0.02463871, -0.04320131,  0.01758886, -0.07229519,  0.07909476, -0.04797094, -0.24096697,  0.18340458, -0.07931465,  0.03398779, -0.10965671,  0.10444044,  0.22539195, -0.24493931,  0.06965339, -0.02254745,  0.02668676,  0.14135466, -0.09014493,  0.09046570, -0.22908381,  0.18979809,  0.07167430, -0.08054515,  0.18869885, -0.06858913, -0.12221323, -0.10138922,  0.26864079,  0.01456885, -0.26792566,  0.19932796,  0.08364565, -0.02693164, -0.13380576,  0.26735351,  0.31612272, -0.23583693, -0.15750705,  0.01512063,  0.14564065, -0.12886453, -0.12993813, -0.15556611
 -0.04999650,  0.05856733,  0.00394086,  0.01450446, -0.05435012,  0.05432626,  0.02891790, -0.06601643, -0.08502134,  0.15735557,  0.02820460, -0.26086232,  0.06354105,  0.09322911,  0.03988452, -0.09250754, -0.00761267,  0.15974383, -0.13861379, -0.02253060, -0.00467333,  0.09959988,  0.10533050, -0.19877396,  0.03068875, -0.02896907,  0.15828148, -0.00543346, -0.16165345,  0.21824568, -0.02184748, -0.18276656, -0.06244311,  0.26395090,  0.09286348, -0.36596263,  0.05862673,  0.24344470, -0.03369863, -0.21085477,  0.10785429,  0.34828680, -0.18476942, -0.23825145,  0.08679751,  0.17943682, -0.10512499, -0.11425961, -0.05670132,  0.05803933
 -0.00403945,  0.04217897, -0.07731230, -0.06607044,  0.08594476,  0.11412603, -0.02726528, -0.04544846,  0.03875117, -0.01643368, -0.19552254,  0.11859636,  0.11170122, -0.03770893, -0.28604041, -0.08591159,  0.17109145,  0.19822321,  0.03981382, -0.16500675, -0.04172961,  0.01076223,  0.04632590,  0.14730470,  0.01421405, -0.01803926, -0.25416460,  0.02477784,  0.24835827,  0.15205187, -0.12007131, -0.17373624,  0.19964279, -0.08330928, -0.06332140,  0.10255817,  0.11167124,  0.02825237, -0.37993582,  0.08547652,  0.38597337,  0.01030958, -0.03104634, -0.15421493,  0.12184203,  0.09468697, -0.06133390, -0.02250749, -0.05319498, -0.24138191
 -0.01982408,  0.04953148, -0.01252085,  0.00709997, -0.08155730,  0.05724742, -0.02309583,  0.05962361, -0.04434845,  0.03714022, -0.03518896, -0.09065311,  0.14849132, -0.00552265,  0.10052517, -0.19689953,  0.00046395, -0.06647943,  0.22105219, -0.04216112,  0.00084893, -0.11722755, -0.01370104, -0.01663309,  0.20182002, -0.07423140,  0.10690057, -0.33075653,  0.18516471, -0.15121236,  0.32521596, -0.22047394,  0.09065065, -0.11086163,  0.00200161, -0.02147589,  0.13554609, -0.06534737,  0.21331554, -0.43988678,  0.25583985, -0.13539187,  0.19666257, -0.06814008, -0.07595906, -0.04107965,  0.10108486, -0.06059773,  0.12769764, -0.06269063
 -0.07596996,  0.18844398, -0.15953175,  0.04121093,  0.11552241, -0.16194684,  0.03873668,  0.02677550, -0.01646621,  0.06122562, -0.20490313,  0.06655775,  0.08689938, -0.04494006,  0.13420561, -0.14076687, -0.06937317,  0.04932159,  0.08715617,  0.09415275, -0.10284380,  0.01977833, -0.11375921, -0.08928803,  0.44110984, -0.21821551, -0.01354624, -0.03608182, -0.08943467,  0.14352292, -0.11189849,  0.19251397,  0.00147433, -0.35492047,  0.24107125, -0.08377191,  0.10753578,  0.12366909, -0.14935040,  0.10399639, -0.14015619,  0.07840180,  0.14892615, -0.10355425, -0.04946813, -0.14566033,  0.07105205,  0.09393458, -0.21939738,  0.13802257
  0.00041942,  0.02292526, -0.15721566,  0.19263769, -0.01440582,  0.05365284, -0.11141398, -0.03791689,  0.00165457,  0.06689081, -0.01278687,  0.07729561, -0.20953478, -0.04087611, -0.05019048,  0.15472780,  0.14222396, -0.01146966, -0.12305811, -0.17213298,  0.14609908,  0.19776052,  0.02139493, -0.09141160, -0.01784657, -0.29315833,  0.19148654,  0.09784871,  0.30507455, -0.29147209, -0.12497450,  0.00252978,  0.13107506, -0.01894257,  0.28463216, -0.29268280,  0.07206544, -0.22359103,  0.20376937,  0.14256917,  0.04650264, -0.05812519, -0.04655228, -0.05551970,  0.17339554, -0.08748445,  0.04953669, -0.14042830, -0.07047871, -0.02456084
  0.02250715,  0.04017723, -0.11925810,  0.13985766, -0.19275544,  0.04004029,  0.11283745, -0.02582920,  0.02639721, -0.09504084, -0.06082695,  0.27518417, -0.11382811,  0.20499953, -0.16701484, -0.08504002, -0.02719978,  0.09540265,  0.02969634,  0.08354308, -0.19043426,  0.00218155, -0.18322920,  0.36376741, -0.11069551, -0.02747323,  0.05568029, -0.24420328, -0.00578047,  0.11729261,  0.02760646,  0.13577680, -0.33933660,  0.08918590,  0.04902324, -0.07859661,  0.27710585, -0.21267887, -0.04239158, -0.04538534, -0.08962247,  0.14782222, -0.11557612, -0.07433491,  0.03950764,  0.00466152,  0.18671786, -0.15706076,  0.18398530,  0.05271065
  0.03905736, -0.01159161, -0.06164314,  0.05380712, -0.03104353, -0.04031083,  0.11750597, -0.13760751,  0.12990757, -0.19029425,  0.18727858, -0.02572271,  0.12691355, -0.14730750,  0.11526004, -0.24987649,  0.28244323, -0.19081004,  0.26365733, -0.30824664,  0.18947717, -0.19954499,  0.16508564, -0.01318711,  0.08124262, -0.20970679,  0.07704380, -0.14199264,  0.14223806, -0.04359491,  0.00720524,  0.00548286, -0.15965447,  0.10007614,  0.03217507,  0.07558059, -0.07588376,  0.01525921, -0.16291665,  0.18295024, -0.16874395,  0.15755217, -0.23182065,  0.07166080, -0.08363249,  0.17449197, -0.04664530,  0.01760686,  0.01831765,  0.10255638
  0.00226551,  0.08677365, -0.15583448,  0.05491941,  0.09446219, -0.17705797,  0.15537039, -0.14538468,  0.05532402,  0.02048807,  0.09054905, -0.13189591,  0.19678998, -0.20291964,  0.13500566, -0.10189215,  0.07317004,  0.01064855,  0.02912325, -0.08693118, -0.13769669,  0.34286774, -0.25065418,  0.14793008, -0.00322684, -0.13346721, -0.15860931,  0.23778502, -0.01396799,  0.03592066, -0.22230347,  0.09718619, -0.10292962,  0.18033544, -0.02864984,  0.10013339, -0.24258216,  0.06734410,  0.14276601, -0.20956236,  0.17615674, -0.14283359, -0.02780033,  0.02476429, -0.01671341, -0.06349351,  0.21549026, -0.17784744,  0.17336710, -0.01264795
  0.00778371, -0.05643745, -0.06557171,  0.15848532, -0.07567883,  0.02803444,  0.07232361, -0.04441577,  0.16114461, -0.08606737, -0.18753861, -0.01571153, -0.01056275, -0.04326883,  0.07601650, -0.08544518,  0.05567983, -0.07647975, -0.01583773, -0.00176626,  0.29217320, -0.02214261, -0.25297073,  0.07156901, -0.11896920,  0.07100583,  0.34147793,  0.08577538, -0.21887777, -0.17551715,  0.06828350,  0.31947708,  0.10517948, -0.07304506, -0.22772316, -0.12553296,  0.09937783,  0.26964958, -0.16990686,  0.00100825,  0.10947383,  0.00673058,  0.17093900,  0.02184898, -0.03070364,  0.13607946, -0.01929071, -0.16863290, -0.06642511, -0.29513919
  0.18653132, -0.27320655,  0.05259569,  0.06225735, -0.04052804, -0.07590881,  0.07987130,  0.09751308, -0.13225953,  0.01533575, -0.00513174,  0.14819563,  0.08598834, -0.06039923, -0.07310243,  0.03517360, -0.11926218,  0.16710354, -0.08966091,  0.00732087,  0.15865246, -0.12817297, -0.12789234,  0.10082927,  0.09491247, -0.18196241, -0.02011450,  0.10515008, -0.23138865, -0.10003843,  0.26301709, -0.05335976, -0.12136358, -0.09477024,  0.23463522,  0.06228867, -0.19445952, -0.01622143, -0.07845346,  0.01302009,  0.22435137, -0.27644345, -0.14139853, -0.09908883,  0.13713043,  0.30385603, -0.04389876, -0.07428132, -0.07852118,  0.29566572
 -0.03041329, -0.12567694,  0.22416047, -0.06279696,  0.07650396, -0.00256869,  0.11741568, -0.27483443,  0.06312388, -0.13607585,  0.09172067, -0.04982043, -0.01058760, -0.14078360,  0.09179126, -0.06657400,  0.08196873,  0.11365777, -0.01174044,  0.10212013, -0.06152720, -0.14887101,  0.02432091,  0.21652250, -0.01976070, -0.03875843,  0.05404687, -0.10595878,  0.00114811,  0.22450556,  0.03721967, -0.14112914, -0.02024960,  0.04472014,  0.13107774, -0.22925490,  0.01546170,  0.15010746,  0.07892855,  0.23548516, -0.05383468, -0.25157442,  0.27947186,  0.02053991,  0.24046361, -0.29835650, -0.26513647, -0.22343959,  0.08382609, -0.03072395
 -0.08727474,  0.11882789, -0.12875579,  0.19345647, -0.10203111,  0.12523500, -0.05290296,  0.02348348, -0.27333355,  0.22083225, -0.23008210,  0.19317119, -0.12959139,  0.04764033, -0.10845721,  0.05818136, -0.00375975,  0.07805277,  0.15948561, -0.13445531, -0.01798054, -0.05818002,  0.00308333,  0.11233489,  0.12694418, -0.13094035, -0.00988575,  0.03250977, -0.00069507,  0.11100454, -0.00814096, -0.05221909, -0.00612889,  0.09436549, -0.08213407, -0.02565732, -0.15156728,  0.26219965,  0.14976961, -0.02064017, -0.03357452, -0.05714989, -0.06147560,  0.45782897, -0.23146695,  0.00105106, -0.33857149, -0.10104246,  0.06519788,  0.00334361
 -0.10852348,  0.07745174, -0.07234090,  0.08504576,  0.06613867,  0.08275131, -0.04578265,  0.12743047, -0.16908460, -0.14601536,  0.02473054, -0.16270718,  0.03990506, -0.08306918, -0.01272722, -0.01981901,  0.08141647, -0.08878986,  0.15584070,  0.12018405, -0.04373393,  0.01722407, -0.10137667, -0.10034729,  0.15409944,  0.28691761, -0.09539442, -0.02178200, -0.00941004,  0.04455566,  0.17185927,  0.13589273, -0.13078463, -0.05904381, -0.04285561,  0.14262007, -0.03966123, -0.18399397,  0.21908633,  0.17127441,  0.14804967,  0.17950102, -0.18057322,  0.07150305,  0.28117539, -0.03928372, -0.13184347, -0.40298892, -0.31408036, -0.07887337
  0.03672517, -0.05816019,  0.06888405, -0.26991439,  0.30216206, -0.28745989,  0.40265793, -0.13924742,  0.11498503, -0.17298270, -0.07040489,  0.08240507,  0.00290715,  0.17494671, -0.22052948, -0.01872702, -0.12141420,  0.09847054,  0.07769493,  0.05967658, -0.14846739,  0.01266653,  0.01626378, -0.05220298,  0.07846231, -0.03005973,  0.06893996,  0.00199837,  0.06792232, -0.14249843,  0.00675780, -0.00622188,  0.24145417, -0.05904379, -0.03278731, -0.18183397,  0.01634810, -0.04979598,  0.20546415, -0.08067934, -0.05772102,  0.08435864, -0.17139835,  0.24980961, -0.04805990,  0.23629326, -0.02549730, -0.09672978, -0.08793652, -0.07849535
  0.03480012,  0.04144802, -0.05274028, -0.06895294, -0.17492630,  0.12976535, -0.04331344,  0.28539213,  0.05984551, -0.01342865, -0.22120841, -0.05108135,  0.13410632,  0.17798467,  0.09859372, -0.25832896, -0.19893426, -0.06993216,  0.16900478,  0.14475948, -0.00228733, -0.20783100, -0.04198037,  0.07368759,  0.01240359, -0.00362110, -0.03641508,  0.04547553,  0.09054041,  0.00439318, -0.22141448, -0.08141793,  0.12334859,  0.30148080,  0.01656396, -0.20705351, -0.27090955, -0.01424632,  0.08791080,  0.20540522, -0.12828204, -0.18983525, -0.01312976, -0.04038059,  0.19445238,  0.13762128,  0.23345765,  0.03531727, -0.09834874, -0.12770505
  0.10761603, -0.11708442, -0.04537193, -0.01135591,  0.01295125,  0.13501000, -0.08931036,  0.19165986, -0.22546185, -0.12838447,  0.11275408,  0.11799495,  0.22603789, -0.11443653, -0.16424140, -0.17599930,  0.14597489,  0.20027944,  0.03962465, -0.11474542, -0.18177316, -0.00947208,  0.19075171,  0.03949580, -0.09987586, -0.04743976, -0.05501150,  0.14362933, -0.03887718, -0.23879012, -0.01874833,  0.17308930,  0.13898727, -0.02495057, -0.27563148, -0.10135186,  0.11801472,  0.18757842,  0.07594493, -0.15999039, -0.27299740,  0.05634618,  0.12129356, -0.06603852,  0.18992559, -0.11351485,  0.04187814, -0.08280452, -0.06824783,  0.27514044
  0.07006544, -0.18637634,  0.22870735, -0.20626839,  0.15294396, -0.10611283,  0.00682163,  0.12804211, -0.23609701,  0.30570204, -0.19873747,  0.14039134, -0.09456235, -0.03265133,  0.06987675, -0.06026303,  0.12052127, -0.12560420,  0.01267280, -0.03285645,  0.06221214, -0.00377915,  0.04282029, -0.10538937,  0.05110245, -0.06020147,  0.07110847,  0.00903797, -0.07522406,  0.00170376,  0.08611671, -0.06604441,  0.02338182, -0.03003225, -0.00251482,  0.08025807, -0.06579728,  0.06052933, -0.15284441,  0.09348844, -0.09953020,  0.17186023, -0.15028429,  0.01817751,  0.11272717, -0.20532737,  0.33584832, -0.30595881,  0.32613169, -0.17977968
 -0.02684127,  0.04715879, -0.04226022,  0.00409808,  0.04273184, -0.04690271,  0.08003687, -0.07547594,  0.06171262, -0.07570060,  0.00708376,  0.04812700, -0.11702293,  0.16727556, -0.21107565,  0.18995631, -0.15280991,  0.11379892, -0.03426994, -0.01620471,  0.05809881, -0.12590392,  0.20661800, -0.26123317,  0.25538800, -0.19424030,  0.19184038, -0.15076653,  0.09385674,  0.00022622, -0.09606523,  0.20512698, -0.22429127,  0.24458236, -0.29091941,  0.25914592, -0.18421387,  0.10694087, -0.01917956, -0.03711773,  0.11013363, -0.11128662,  0.17172068, -0.18084381,  0.17964231, -0.11891081,  0.06976816, -0.08080235, -0.02415200, -0.01660146
 -0.02254000,  0.06361509, -0.09185681,  0.10649977, -0.10316464,  0.06904474, -0.03091870,  0.00308252,  0.03703168, -0.07219723,  0.10895506, -0.14215909,  0.11894156, -0.06507975,  0.00579267,  0.08307917, -0.15815819,  0.18264174, -0.20823242,  0.22272150, -0.22221308,  0.20376309, -0.16098989,  0.06996290,  0.03239432, -0.09079438,  0.14559232, -0.19728769,  0.24657065, -0.25788300,  0.25248464, -0.21229336,  0.12879599, -0.04007278, -0.04396571,  0.14015993, -0.22143996,  0.24124577, -0.22934087,  0.20586747, -0.16656051,  0.13728017, -0.11294490,  0.07928767, -0.01800553, -0.03361718,  0.04763976, -0.04822238,  0.04688344, -0.02939805
