  0.19678085,  0.21059824,  0.22334671,  0.23427262,  0.24328312,  0.24986396,  0.25363250,  0.25456426,  0.25270633,  0.24833504,  0.24169448,  0.23344959,  0.22402501,  0.21357989,  0.20222924,  0.18997950,  0.17687539,  0.16311346,  0.14867726,  0.13348205,  0.11775675,  0.10153163,  0.08499963,  0.06885765,  0.05342091,  0.03880608,  0.02544925,  0.01379647,  0.00376228, -0.00478816, -0.01186730, -0.01745265, -0.02171625, -0.02484955, -0.02693834, -0.02827978, -0.02922362, -0.02974433, -0.02958720, -0.02843461, -0.02710883, -0.02616651, -0.02473671, -0.02318961, -0.02148842, -0.01979404, -0.01821274, -0.01686017, -0.01570469, -0.01453528
 -0.34178154, -0.31160280, -0.27492801, -0.23439924, -0.19025465, -0.14481841, -0.10045424, -0.05843426, -0.01985758,  0.01503179,  0.04583166,  0.07418889,  0.10107004,  0.12652746,  0.15034135,  0.17194811,  0.19071241,  0.20666885,  0.21895920,  0.22633480,  0.22865494,  0.22512017,  0.21548661,  0.20177964,  0.18491925,  0.16506989,  0.14396031,  0.12368890,  0.10450289,  0.08634235,  0.06967508,  0.05530206,  0.04302444,  0.03244996,  0.02372410,  0.01613854,  0.00859798,  0.00138611, -0.00424459, -0.00650368, -0.00825271, -0.01165907, -0.01334198, -0.01453020, -0.01485736, -0.01493290, -0.01533661, -0.01654490, -0.01836504, -0.02000832
 -0.30638260, -0.24370489, -0.18970456, -0.13746259, -0.08953914, -0.04213607,  0.00796178,  0.05963814,  0.11153107,  0.15953495,  0.20092440,  0.22689233,  0.23240697,  0.21716610,  0.18250615,  0.13228077,  0.07134955,  0.00260766, -0.06816084, -0.13334934, -0.18937410, -0.23015723, -0.25196769, -0.25976593, -0.25496773, -0.23660090, -0.20942768, -0.18035552, -0.14995634, -0.11830108, -0.08771684, -0.06175447, -0.04076839, -0.02443868, -0.01396270, -0.00701127,  0.00081357,  0.00900049,  0.01331911,  0.00721479,  0.00122967,  0.00432233,  0.00377029,  0.00384366,  0.00293493,  0.00251479,  0.00389676,  0.00899055,  0.01771324,  0.02715683
 -0.22015348, -0.20286480, -0.14588123, -0.06011043,  0.04579340,  0.15197829,  0.23823358,  0.29028702,  0.29858172,  0.26204450,  0.18536847,  0.08461980, -0.02327118, -0.12363105, -0.20365176, -0.25534567, -0.27363832, -0.25639633, -0.21034864, -0.14699325, -0.07496513, -0.00665617,  0.04919125,  0.09361818,  0.12444276,  0.13956494,  0.14414593,  0.14524092,  0.14265861,  0.13562312,  0.12504485,  0.11234524,  0.09716153,  0.07925046,  0.06008134,  0.03850112,  0.01339971, -0.01063421, -0.02565162, -0.02401217, -0.01654534, -0.01168818,  0.00195457,  0.01737505,  0.03249976,  0.04279549,  0.04551716,  0.03905062,  0.02519716,  0.00953089
  0.45581493,  0.21953059, -0.00102762, -0.18711104, -0.29063109, -0.30534711, -0.24697826, -0.13499711, -0.00289273,  0.11935219,  0.19759563,  0.23400984,  0.23037376,  0.18604252,  0.10970503,  0.01569828, -0.08071266, -0.15140921, -0.17992294, -0.16818745, -0.11837705, -0.05202287,  0.00699164,  0.06355446,  0.10994452,  0.12647400,  0.11865464,  0.10596142,  0.08873273,  0.06544171,  0.04506455,  0.04236852,  0.05330544,  0.06946864,  0.09051992,  0.10375192,  0.08840919,  0.04674997,  0.00058222, -0.01396988, -0.02685297, -0.06662205, -0.07968422, -0.07588383, -0.04739871, -0.00532205,  0.03464973,  0.05538823,  0.05012504,  0.02556361
  0.29133685,  0.00663601, -0.19341499, -0.24859131, -0.19949718, -0.08713934,  0.04036556,  0.12664107,  0.14869553,  0.11475052,  0.07013166,  0.02092003, -0.04505632, -0.11970658, -0.17675507, -0.17725230, -0.11749460, -0.02471597,  0.08364261,  0.18214734,  0.21372060,  0.18789027,  0.13532969,  0.04291193, -0.06480057, -0.14476375, -0.19295785, -0.23610321, -0.25509795, -0.22337602, -0.13784702, -0.03449843,  0.03629932,  0.04859678, -0.00447092, -0.08896029, -0.14414997, -0.14169381, -0.11539079, -0.14363851, -0.17095966, -0.11042414, -0.04443773,  0.02127342,  0.04936257,  0.02314076, -0.05207527, -0.13528825, -0.18285980, -0.18559904
  0.10113185,  0.04134071, -0.02398164, -0.03850118, -0.02595673, -0.00746398,  0.00609862,  0.01066183,  0.00952630,  0.00961866,  0.03108654,  0.04369782,  0.03078963, -0.00329904, -0.02923346, -0.03427946, -0.00258235,  0.04433822,  0.08623126,  0.10855467,  0.10866660,  0.08697465,  0.06065069,  0.01909142, -0.04183559, -0.08743403, -0.11013488, -0.11116038, -0.08669553, -0.02645421,  0.05177683,  0.10099566,  0.11722889,  0.11795758,  0.10516934,  0.08662212,  0.07467768,  0.07431400,  0.08811538,  0.09492538,  0.12360756,  0.19012351,  0.26295906,  0.32881215,  0.35209663,  0.33756204,  0.31622414,  0.30106880,  0.28209369,  0.26185543
  0.01223078, -0.02734489, -0.09979799, -0.07816520,  0.06355344,  0.20359395,  0.18081937, -0.01722905, -0.22378112, -0.25579163, -0.09020348,  0.13971613,  0.25580284,  0.17358138, -0.03431018, -0.18252280, -0.16634113, -0.03005151,  0.09061787,  0.09055340, -0.02449282, -0.13435614, -0.12658096,  0.01930538,  0.21040492,  0.28078910,  0.15239989, -0.07889247, -0.22701059, -0.20329159, -0.06986327,  0.04049312,  0.01610433, -0.11165834, -0.17877034, -0.06822039,  0.14191502,  0.25511951,  0.15918391, -0.05955112, -0.21767753, -0.21103551, -0.08064618,  0.06737150,  0.12570648,  0.06877448, -0.02939330, -0.05678419,  0.01288929,  0.09029798
  0.12158300,  0.09235744, -0.04204089, -0.18946527, -0.19719415, -0.02687410,  0.18713048,  0.26394182,  0.13450103, -0.09228388, -0.24154017, -0.20044682, -0.01329735,  0.15654071,  0.17956167,  0.06864886, -0.05615031, -0.08030885,  0.01324121,  0.12561351,  0.13740501,  0.00536901, -0.19212982, -0.29656864, -0.20913441,  0.00687695,  0.18582052,  0.21766071,  0.12658650,  0.03413693,  0.04052543,  0.13447905,  0.18975283,  0.09511410, -0.10475643, -0.23728386, -0.18289434,  0.01287529,  0.18764311,  0.23248176,  0.14340421, -0.00621906, -0.08041042, -0.04922776,  0.02947258,  0.06329650,  0.02017726, -0.04764746, -0.06144986,  0.00200451
 -0.28702649,  0.04466342,  0.19654315,  0.15993005, -0.01252199, -0.11997764, -0.06365916,  0.03932602,  0.06434814, -0.01388679, -0.08224971, -0.09087959, -0.00998275,  0.12181575,  0.16583915,  0.05614167, -0.10875099, -0.20905591, -0.19459964, -0.06971728,  0.07190683,  0.16513386,  0.18391832,  0.10346059,  0.01796214,  0.04084937,  0.10680636,  0.05663137, -0.11662315, -0.30088028, -0.37934098, -0.29095328, -0.05654002,  0.15543170,  0.16642624,  0.01350357, -0.08299040, -0.01851172,  0.10466122,  0.07115553, -0.06759280, -0.13121587, -0.17893406, -0.10236657,  0.05677161,  0.19955156,  0.21078990,  0.10367245, -0.00325279, -0.02815138
 -0.08753723, -0.04822743,  0.12361420,  0.20632768,  0.06432506, -0.18378709, -0.25162074, -0.04585287,  0.19533139,  0.19636441, -0.02949228, -0.19290899, -0.10260640,  0.13527042,  0.22933012,  0.03728003, -0.23925275, -0.25464098,  0.02483866,  0.26954691,  0.19948461, -0.08607738, -0.24221871, -0.09069445,  0.15931462,  0.19607038, -0.01031115, -0.22084037, -0.20452222,  0.02465667,  0.22228771,  0.18953854, -0.00355479, -0.11160294, -0.02730016,  0.10056391,  0.10022567, -0.01455351, -0.10622534, -0.08073539, -0.00143563,  0.05880300,  0.08261097,  0.05098761,  0.01864201,  0.00599509, -0.01713424, -0.06631934, -0.09367111, -0.05633722
 -0.09407946,  0.06266771,  0.17041624,  0.04085385, -0.21168335, -0.21137064,  0.08192617,  0.26728068,  0.10858408, -0.15925450, -0.19595305, -0.01856771,  0.16599873,  0.18411947, -0.01325021, -0.24949525, -0.20508536,  0.12364209,  0.31367482,  0.09507385, -0.23330975, -0.23564060,  0.05028704,  0.22678742,  0.12216611, -0.08450971, -0.18976841, -0.10831154,  0.10329888,  0.22282386,  0.07420607, -0.17853410, -0.19025760,  0.03499420,  0.15917216,  0.04597565, -0.08843441, -0.07760315,  0.00674531,  0.03726236,  0.04362664,  0.05045916, -0.00290848, -0.03217156, -0.00785301,  0.01911337, -0.01516022, -0.05881679, -0.02538647,  0.04984867
 -0.20745830,  0.13125243,  0.31124062, -0.05692489, -0.24384838,  0.03242418,  0.14724085, -0.11061585, -0.15723178,  0.14106609,  0.16131258, -0.11141524, -0.11125141,  0.13513439,  0.06818624, -0.19404206, -0.08146507,  0.21395692,  0.05980713, -0.22791431, -0.01456131,  0.25078842,  0.00901962, -0.21015674,  0.01551775,  0.16370025, -0.06570959, -0.18885036,  0.01132759,  0.09813135, -0.06937327, -0.02080673,  0.26789889,  0.23728821, -0.09128141, -0.13235379,  0.11974833,  0.10033438, -0.18558737, -0.15636965,  0.06141156,  0.05605702, -0.01959320, -0.01886816,  0.05633746,  0.00096644, -0.14025147, -0.12324962,  0.04301448,  0.08436162
 -0.11332258,  0.20871734, -0.02445507, -0.19219712,  0.05636116,  0.15193022, -0.10069161, -0.11658246,  0.19185564,  0.12354498, -0.24176343, -0.18231581,  0.22646394,  0.21065051, -0.18858840, -0.17263250,  0.17613899,  0.09363501, -0.21905460, -0.02857344,  0.23199534, -0.02248941, -0.21802896,  0.08409945,  0.24682558, -0.08114515, -0.24339408,  0.05262713,  0.21204182, -0.05667318, -0.19920443,  0.01665433,  0.09355725, -0.10735205, -0.09334963,  0.14463153,  0.10759449, -0.15213927, -0.09041609,  0.11048437,  0.05251023, -0.04298622, -0.05804723,  0.06356816,  0.05751135, -0.05339065, -0.04991526,  0.06132836,  0.05431628, -0.06088408
  0.00335332,  0.00363112,  0.01288001, -0.01994814, -0.03166794,  0.02208012,  0.05020904, -0.00513133, -0.05447961, -0.04132479, -0.01175081,  0.00209044,  0.04989979,  0.11997060,  0.12253803, -0.00008859, -0.11378824, -0.14092150, -0.12991871, -0.06537354,  0.11307705,  0.23991862,  0.14283202, -0.06575840, -0.18972412, -0.17675620, -0.07373574,  0.09860186,  0.24414317,  0.23596521,  0.06066748, -0.17227039, -0.29096660, -0.24967206, -0.10697431,  0.08658858,  0.24310012,  0.22416506,  0.05086850, -0.08946870, -0.09593161, -0.02289920,  0.11047965,  0.23883040,  0.26043797,  0.13542883, -0.04502800, -0.17799502, -0.23014657, -0.20220660
  0.00836637, -0.01064797,  0.00984431, -0.00497056, -0.03405144, -0.03051709, -0.00867174,  0.02063018,  0.07603494,  0.08516725, -0.02327397, -0.13315839, -0.11940661, -0.01943554,  0.05444424,  0.11474016,  0.14493638,  0.06859793, -0.10412085, -0.20738286, -0.15475135,  0.00788222,  0.15165340,  0.21186073,  0.16733480, -0.02902502, -0.24736727, -0.27152811, -0.06626910,  0.14764627,  0.22193598,  0.18378275,  0.04681907, -0.15862686, -0.30057668, -0.25505418, -0.05103742,  0.15353603,  0.22056047,  0.12520100, -0.05019865, -0.17839649, -0.22928645, -0.14241091,  0.04388390,  0.19404521,  0.20573990,  0.10271299, -0.02977504, -0.12959432
 -0.24109221,  0.12107837,  0.29781617,  0.11922351, -0.11590450, -0.20902908, -0.04730397,  0.14536244,  0.01202546, -0.19468644, -0.05013476,  0.27767175,  0.17568089, -0.17815779, -0.14773567,  0.12926494,  0.07843898, -0.11167446, -0.07905526,  0.01746116, -0.00395244, -0.03408639,  0.05900398,  0.15727795, -0.01306246, -0.21075677, -0.04548263,  0.14755210, -0.03915936, -0.20243577,  0.03455892,  0.35171780,  0.31589859,  0.02412100, -0.11915709, -0.03818278,  0.09285303,  0.09565414, -0.05875112, -0.03489495,  0.05032124,  0.00102598,  0.09694528,  0.11779323,  0.03850382, -0.03314945, -0.08637883, -0.17085925, -0.17023517, -0.04581772
  0.01911239,  0.02208493, -0.00152947, -0.08275448, -0.10278976, -0.00465295,  0.15326235,  0.19194312,  0.04556862, -0.06783842, -0.11498880, -0.16666895, -0.17088986, -0.03208614,  0.10452580,  0.19626703,  0.09537700, -0.07735475, -0.05715210,  0.08341453,  0.03539330, -0.04673487,  0.02546125,  0.03824148, -0.08790401, -0.15814591, -0.06840091,  0.00935535,  0.04953029,  0.05367323,  0.01856609,  0.07269521,  0.05101835, -0.04993137,  0.03734626,  0.25774109,  0.24282376,  0.01831797, -0.17421316, -0.28531045, -0.33963025, -0.23851964, -0.14884201, -0.13778289, -0.06667947,  0.01340514, -0.02874022, -0.00508636,  0.23993153,  0.44079903
 -0.18607101,  0.30657692,  0.09519304, -0.28830670, -0.17157412,  0.16601568,  0.18329010, -0.08332663, -0.14063744,  0.04659378,  0.18702037, -0.03658909, -0.18776084,  0.04715934,  0.16307359, -0.03582255, -0.10945416, -0.00822042, -0.01142978,  0.00514183, -0.03632752, -0.06356070,  0.12085553,  0.18171342, -0.06608703, -0.09344363,  0.15184254,  0.05811987, -0.24140180, -0.17152670,  0.15632475,  0.15456383, -0.16494440, -0.30596833, -0.00530449,  0.20965294, -0.02824385, -0.25380011,  0.03487295,  0.24237105,  0.08188578,  0.07466557,  0.00985995,  0.01589605, -0.00922047, -0.04026725, -0.07403388, -0.01183945,  0.06992090, -0.04976731
  0.06314832, -0.17094876,  0.06258432,  0.16328512, -0.16728223, -0.03681780,  0.22744162, -0.13589062, -0.20883847,  0.19216334, -0.02750473, -0.18257624,  0.16581332,  0.09209106, -0.11846963,  0.12586004,  0.03414534, -0.19779901,  0.09402415,  0.10363772, -0.22214189, -0.01379122,  0.12244496, -0.11406086,  0.02598353,  0.10621554, -0.12031971,  0.06789454,  0.24179433, -0.15769790, -0.14795199,  0.26854397, -0.00542652, -0.25926278,  0.07771383,  0.01527896, -0.29134985, -0.09568515, -0.05931838, -0.20846169, -0.02124546,  0.08306253, -0.04524850, -0.02015665,  0.19876499,  0.06783932, -0.07066216,  0.11182108,  0.10111200, -0.11929047
 -0.03500137,  0.02328800,  0.11716226, -0.12980489, -0.06924851,  0.22735696, -0.04025734, -0.19892852,  0.22933424,  0.15552327, -0.29533313, -0.03875890,  0.17154247, -0.10673590, -0.05557129,  0.10758011, -0.08698946,  0.01818813,  0.17166058, -0.11646046, -0.08546600,  0.20839827,  0.02343313, -0.11774800,  0.01153398, -0.08265250, -0.04555095,  0.09293111, -0.15210179, -0.14815940,  0.27576859,  0.13220097, -0.23353904,  0.14143802,  0.35050798, -0.03583774,  0.01637760,  0.29239294,  0.06558583, -0.05606109,  0.02470387, -0.11115346, -0.12190603,  0.05058471, -0.02024434, -0.20330580, -0.03539136,  0.09328040, -0.04371184,  0.02723944
  0.03706711, -0.02784405, -0.06679367,  0.10948338,  0.03003072, -0.09131178,  0.06620652,  0.05018060, -0.06057341,  0.14559547,  0.13648541, -0.12058050, -0.02340274,  0.04303040, -0.15644798, -0.09257318,  0.06367229, -0.04615871,  0.02482450,  0.16741840,  0.03773848,  0.01760985,  0.13001399, -0.01626965, -0.10532086, -0.00023712, -0.11398373, -0.15647343,  0.03021657, -0.02400739, -0.14147455,  0.07045696,  0.14501347,  0.00976256,  0.18370513,  0.32943968,  0.21254273,  0.32706440,  0.45816467,  0.27225409,  0.12821105,  0.04726843, -0.07763327, -0.17988290, -0.11310920, -0.11337831, -0.20859976, -0.12976636, -0.01917258, -0.00050655
  0.12165214, -0.19735535,  0.07278959,  0.02604886, -0.20427287,  0.13556897,  0.13774846, -0.15379326, -0.02366497,  0.04913388,  0.11559964,  0.16037030, -0.18264292, -0.25309795,  0.18707254,  0.12150537, -0.21886466, -0.07734483,  0.12710816,  0.11068247,  0.10179621, -0.08037659, -0.22180813,  0.10154782,  0.30482031, -0.13891525, -0.27157087,  0.17914038,  0.18999683, -0.14719593, -0.14517910, -0.10727880, -0.08614524,  0.06443660, -0.11130971, -0.09678656,  0.20162055,  0.04933425, -0.01497993,  0.15814497,  0.16751918,  0.07869432, -0.15254223, -0.08813324,  0.02914760,  0.02564863,  0.03256608, -0.02310956, -0.05343868,  0.09153444
  0.02457455, -0.07825456,  0.01585264,  0.08061242,  0.16237771, -0.02464938, -0.30499040, -0.14589879,  0.13817907,  0.21781884,  0.09566272, -0.11309263, -0.12885905,  0.08930802,  0.04607825, -0.22078555, -0.13573463,  0.20306207,  0.30380731,  0.04907323, -0.20535024, -0.15289503,  0.08518019,  0.07548663, -0.21037345, -0.21970846,  0.15586914,  0.29973259,  0.07289988, -0.09447599, -0.07524246,  0.06475087,  0.16242874,  0.00340964, -0.16528205, -0.02737729,  0.04771033,  0.00198404,  0.01676738,  0.01967460, -0.08558103, -0.26493522, -0.13640443,  0.11228697,  0.19324884,  0.06806545, -0.06208457, -0.05716916,  0.03479789,  0.03519548
 -0.08685962,  0.09702041, -0.03927412, -0.12208772,  0.27151237,  0.27209576, -0.03961429, -0.20935239, -0.27050166, -0.09233118,  0.05676816,  0.07052870,  0.10917455,  0.14568126,  0.06674486,  0.02235261, -0.16160243, -0.24776111,  0.00560206,  0.21178318,  0.05856309, -0.06036177,  0.04329440,  0.10088252, -0.09147475, -0.24097485, -0.13748656, -0.07692982,  0.07036420,  0.23775076,  0.12664745,  0.08017982,  0.23635321,  0.25905494,  0.18830092, -0.00777463, -0.14710834, -0.02611551, -0.09637630, -0.08028549,  0.05270830, -0.06275714, -0.16337187, -0.19027964, -0.03698174,  0.14517913,  0.09720275, -0.05662818, -0.05736810, -0.11911916
 -0.08266670,  0.23233471, -0.01536159, -0.27785620,  0.07002379,  0.00876789, -0.10554391,  0.00423922,  0.05842240,  0.22257811,  0.05861854, -0.15683727, -0.00103784, -0.09985240, -0.15286620,  0.25502703,  0.10686312, -0.21558754,  0.03009213,  0.12293415, -0.09813107, -0.19196545,  0.01687570,  0.18359541,  0.05133951,  0.05380226,  0.12139212, -0.04981975, -0.02866903,  0.07926102, -0.16665928, -0.23289579, -0.08564409, -0.04472203, -0.03081204, -0.26093915, -0.13557095,  0.27975345, -0.01720371, -0.11013375,  0.16283028,  0.11598842,  0.08490869,  0.06915485,  0.10710289,  0.08382329, -0.14881634, -0.25776848,  0.05129979,  0.22553498
 -0.00496371, -0.15866021,  0.34231224, -0.03363028, -0.20402030,  0.11525719, -0.09005353, -0.02071136, -0.05954051,  0.01096137,  0.24404387, -0.00759339, -0.10801693,  0.08951433, -0.22623388, -0.17932793,  0.32238266,  0.01713929, -0.07565422,  0.10469221,  0.13708380, -0.06762937, -0.23477675, -0.06336258,  0.07674058, -0.06828713,  0.03424763,  0.17615549, -0.08266889,  0.06468833,  0.15363451, -0.08244228, -0.07878908, -0.00465622,  0.05545965,  0.12527874, -0.25761433,  0.00725627,  0.27183184, -0.19300425, -0.07988980, -0.08079442, -0.02747023, -0.01213737,  0.02400201,  0.09611004,  0.18819440, -0.06227187, -0.23050220,  0.14334991
 -0.11561590,  0.19441760, -0.11617410,  0.17562630, -0.01219311, -0.25958971,  0.22784206, -0.11859603, -0.19990646,  0.25035525,  0.06855747, -0.07093025,  0.14270729, -0.16818732, -0.10561391, -0.01004387, -0.04761159,  0.23923459, -0.04768014, -0.02309865,  0.27870118, -0.18180314, -0.19207605,  0.08819339, -0.18108049,  0.04463486,  0.07545120, -0.02947285,  0.14144485, -0.02564423,  0.06978784,  0.12498693, -0.19958564,  0.01897700,  0.22334075, -0.19754162,  0.05433641,  0.03124051, -0.10106347,  0.13150726, -0.14480167, -0.18402786, -0.04303756,  0.03835475, -0.07338042,  0.16584109,  0.15808042, -0.07678780, -0.11075035,  0.06136468
 -0.00832883, -0.00297729, -0.01044280,  0.12378963, -0.18010239,  0.12696567,  0.08023071, -0.31908311,  0.18306352,  0.12045888, -0.25847086,  0.16184288,  0.05699819, -0.06858782,  0.05394409, -0.13938710,  0.15980650, -0.00839901, -0.23571223,  0.24995788, -0.05719695, -0.21182924,  0.30300460, -0.07279095, -0.17056455,  0.19329698, -0.07516912,  0.03225371, -0.02660106, -0.05585339,  0.19832781, -0.13644814, -0.02980664,  0.20023734, -0.17315435, -0.02546973,  0.09341077, -0.14086165,  0.05264234,  0.03886951, -0.06655916,  0.05413718,  0.13210653, -0.15783833,  0.00454722,  0.20332339, -0.11652540, -0.13912776,  0.02901305,  0.05666573
  0.16450025, -0.24191555,  0.01249162, -0.02485416,  0.03363892,  0.04403535,  0.07134060,  0.10999033, -0.23362958,  0.18112836, -0.09691986, -0.28367121,  0.08605990,  0.24421429,  0.13375330, -0.08350056, -0.00339991, -0.04165073, -0.10345379, -0.12935339,  0.05829849, -0.09579167,  0.12677841,  0.29157792, -0.02867716, -0.13370046, -0.01107947,  0.05979376, -0.04234233, -0.20632224,  0.02249401,  0.08785934, -0.09646019,  0.23736157, -0.16484311, -0.08132618,  0.07807953,  0.03750646,  0.01957754, -0.17541300,  0.17284532,  0.03297590,  0.30756819,  0.07952464, -0.29477755, -0.14492690,  0.12847505, -0.03053592, -0.08072332,  0.06757819
 -0.01275039,  0.12724492, -0.27668804,  0.22837688, -0.08084229, -0.04071433,  0.15646792, -0.14468456,  0.10025802, -0.13357132,  0.16140651, -0.12417013, -0.14545932,  0.33029826, -0.11173004, -0.07063840,  0.16031396, -0.16427180,  0.00718916,  0.09168801, -0.18779970,  0.10589838,  0.03467493, -0.03980545,  0.15764375, -0.11584120, -0.11841335,  0.25817246, -0.19488805, -0.00546199,  0.08082422, -0.09604546,  0.11292446, -0.08725656,  0.15487235, -0.24249364,  0.09820375,  0.12886263, -0.25626266,  0.18808107, -0.08927304,  0.01604276,  0.11892699,  0.03186569, -0.09702940, -0.06488933,  0.06857703,  0.03630690, -0.14017290,  0.08930335
 -0.06253404,  0.15785395, -0.04891395, -0.15039102,  0.19348853, -0.17490536,  0.06723943,  0.08466973, -0.04006880, -0.02058023, -0.00399978,  0.17409187, -0.32634556,  0.00056366,  0.26550783, -0.18273348,  0.09441163,  0.08750074, -0.15372349,  0.12623563, -0.00115408, -0.17958965,  0.09584814, -0.08674069,  0.05247237,  0.19199924, -0.28057265,  0.08140206,  0.18808810, -0.21566278,  0.07923369, -0.00303481, -0.02836737,  0.03107315,  0.10321592,  0.04098585, -0.23178427,  0.27623793, -0.04076136, -0.15738981,  0.12878144, -0.18742777,  0.00658027,  0.17113442,  0.04799383, -0.13887126, -0.04765328,  0.15561895, -0.04000400, -0.06459051
 -0.00193497, -0.00523610,  0.01739768,  0.02951731, -0.16341702,  0.30466759, -0.29604190,  0.11932227,  0.10128414, -0.22390489,  0.15949771, -0.01048533, -0.09614933,  0.06742161,  0.06385771, -0.11990192,  0.11057561, -0.02404386, -0.08744129,  0.08138244, -0.01278480, -0.08493484,  0.07860323,  0.05518290, -0.14821446,  0.14540075, -0.01411663, -0.15254893,  0.16502002,  0.00832811, -0.24472790,  0.37190474, -0.24465489,  0.00577832,  0.26084244, -0.34740574,  0.22825966, -0.08896789,  0.01743145, -0.03551170,  0.01719860,  0.03177781, -0.04826433,  0.04429550,  0.01367547, -0.01716334, -0.04005157,  0.03884900, -0.05511758,  0.03179254
  0.05561306, -0.08209330, -0.02571636,  0.11314253, -0.13943527,  0.05836991,  0.15094627, -0.24698209,  0.16293978,  0.06246431, -0.26080748,  0.21436847, -0.11938468, -0.00688982,  0.21463256, -0.15170591, -0.00559272,  0.06698670, -0.05605730, -0.10891894,  0.13311739, -0.06488033, -0.06010556,  0.21725338, -0.05306791, -0.15220500,  0.19798398, -0.08947837, -0.11754346,  0.25957533, -0.31109426,  0.09080655,  0.20461910, -0.28551424,  0.17380951,  0.00176219, -0.20126647,  0.20649552,  0.00748536, -0.13157394,  0.06452504,  0.02657537,  0.13413743, -0.03716592, -0.05321170, -0.02916587, -0.02234238,  0.05504680, -0.06209554,  0.03409308
 -0.03802672,  0.10515513, -0.10752282,  0.07379316, -0.05846438,  0.06476779, -0.11970611,  0.21053371, -0.24488495,  0.18322867, -0.03993370, -0.10894003,  0.21222493, -0.30928067,  0.26781664, -0.11984561,  0.04854488, -0.00172609, -0.01366365,  0.04284450, -0.06577132,  0.03204842, -0.01806075, -0.04744927,  0.05567542,  0.07205234, -0.22219679,  0.30170494, -0.29411091,  0.21567695, -0.04913904, -0.10342612,  0.17788379, -0.14010436,  0.14585852, -0.10938279,  0.12621550, -0.17872157,  0.19247582, -0.14506530,  0.05495959, -0.04336784, -0.06438780,  0.14955989, -0.09743775,  0.09309028, -0.11872770,  0.08905039, -0.03207033, -0.01420973
  0.03974342, -0.07075470,  0.02241147,  0.04231160, -0.13076605,  0.18159318, -0.09635857, -0.02425161,  0.15059632, -0.21087841,  0.20604776, -0.23999162,  0.15493475, -0.02460803, -0.02986564,  0.20090958, -0.31453412,  0.27144268, -0.15126078, -0.06281658,  0.19286849, -0.24951049,  0.17738278,  0.04244563, -0.13951298,  0.17226892, -0.17795750,  0.10205967,  0.00086767, -0.08655749,  0.10232186, -0.17523309,  0.26325191, -0.18913150,  0.07432630,  0.02855119, -0.13461622,  0.16429674, -0.03772164, -0.02937039, -0.07570851,  0.14773558, -0.02788314,  0.05578578, -0.04810950, -0.11209777,  0.11610711, -0.06598197,  0.04814381, -0.02755941
 -0.02443615,  0.06162041, -0.05974927,  0.03065150, -0.02152401,  0.03235737, -0.00043274, -0.03368906,  0.02618021, -0.00266853, -0.06186433,  0.11057814, -0.13037115,  0.12371482, -0.09331902,  0.05259893,  0.10499011, -0.30418842,  0.39206191, -0.35169045,  0.18896155, -0.01807547, -0.14028615,  0.28964617, -0.35636277,  0.33980179, -0.22968780,  0.05779076,  0.03535939, -0.06999298,  0.10828627, -0.11302726,  0.10735973, -0.01982920, -0.02396362,  0.02326009,  0.03300303, -0.11921017,  0.08692957, -0.04687828,  0.01280406, -0.02117231, -0.00417738, -0.00785084,  0.03814341,  0.00543278, -0.08959851,  0.11768494, -0.11382232,  0.05533211
  0.01220051, -0.01671585, -0.00160939,  0.03807825, -0.08745593,  0.08812764, -0.03729684,  0.01016354,  0.01627621, -0.02004971,  0.03976085, -0.10551417,  0.11722141, -0.15218225,  0.20296968, -0.16473740,  0.11650481, -0.02573745, -0.09895525,  0.20972235, -0.29597627,  0.32091936, -0.35282811,  0.32708566, -0.17968122,  0.01405237,  0.11243790, -0.19782109,  0.24491078, -0.23993721,  0.19435839, -0.17190842,  0.14462365, -0.04541002,  0.00783927,  0.03076544, -0.07753579,  0.12277776, -0.06177875,  0.03762099, -0.11025109,  0.10842961, -0.05229121,  0.10566724, -0.10541167,  0.02561396, -0.02095482,  0.02193593,  0.02582867, -0.04369741
  0.06788721, -0.19558193,  0.20768518, -0.21313284,  0.18791007, -0.08608362, -0.08756007,  0.12312861, -0.05087182,  0.05834370, -0.10970995,  0.10593472,  0.06764948, -0.00185846, -0.03065183, -0.26321628,  0.10742854, -0.02560454,  0.07069112, -0.01017341,  0.06864152,  0.05418470,  0.08923216, -0.08618261, -0.14949630,  0.09504742, -0.04794189,  0.13113837, -0.08641635, -0.08795548,  0.03333187,  0.01156433, -0.03148853, -0.34026019,  0.05787466, -0.06648305,  0.11189782,  0.17485123, -0.35488099,  0.11629971,  0.13843146,  0.21032753, -0.18386540, -0.25720842, -0.14704061,  0.23011456,  0.17799356, -0.09086999,  0.05988186,  0.05250784
  0.05852113, -0.20434422,  0.29374647, -0.16457947,  0.02435836, -0.01704646,  0.07386041, -0.01952973, -0.04810071,  0.04197537,  0.00008818, -0.04088714,  0.00252732, -0.08034489,  0.11501554, -0.04079619,  0.20739067, -0.22066118,  0.10647490, -0.07194712,  0.11883514, -0.21291443,  0.07891110, -0.05285233,  0.10122226, -0.05769594,  0.05877544, -0.11370041,  0.07475632,  0.02765511,  0.06185607, -0.16390593,  0.18876964, -0.01510001,  0.25170775, -0.20206547,  0.09774392, -0.05986861,  0.01107399,  0.27347082, -0.29772118, -0.16709009,  0.18101616,  0.16594158,  0.05665717, -0.18268636, -0.01890756, -0.06500450,  0.24450155, -0.24088494
  0.03540772, -0.12676582,  0.17475996, -0.09859475,  0.02862140,  0.02005609, -0.03083582,  0.04165520, -0.11358500,  0.12735849, -0.10657852,  0.10678273, -0.12894785,  0.12589909, -0.09677054,  0.15572360, -0.11594303,  0.08341647, -0.15112110,  0.13198540, -0.10939131,  0.08137193, -0.11596702,  0.15988373, -0.13910035,  0.17858920, -0.21809734,  0.17276114, -0.17270361,  0.24164585, -0.19723678,  0.14200080, -0.09688529,  0.18024360, -0.06379189,  0.04864997, -0.15819282,  0.10421330, -0.09609578,  0.31163412, -0.36709697,  0.09811089, -0.00515175,  0.22572059, -0.12136188,  0.01765030, -0.14655003,  0.05637423,  0.01719372, -0.02079860
 -0.10960632,  0.16762140,  0.09685835, -0.24282278,  0.14912061, -0.14003510,  0.08898959, -0.13483819,  0.13864698,  0.01126154,  0.03942869,  0.00008217, -0.04565544, -0.01321865, -0.03082648, -0.00875211, -0.10429282,  0.03554343,  0.12719460,  0.10525037, -0.05052959, -0.03189366, -0.01605735, -0.06401666,  0.00350468, -0.05822567, -0.00172492,  0.07609274,  0.12972193, -0.05060238, -0.09261424,  0.02120178,  0.04904066, -0.04838399, -0.05144612, -0.15173536,  0.19093815, -0.00422070,  0.30956375, -0.26894142, -0.35319932,  0.35884308,  0.13328444, -0.11483381, -0.28592664,  0.05495862,  0.12463176,  0.26759089, -0.08070089, -0.12856184
  0.01064861, -0.01411194, -0.03355222,  0.06861931, -0.03114958,  0.02971351, -0.09561848,  0.13779172, -0.16720864,  0.19189994, -0.22984165,  0.27041400, -0.27919654,  0.28068698, -0.21992837,  0.16648062, -0.17499674,  0.17848010, -0.17553713,  0.08901273, -0.04971447,  0.10818011, -0.10078607,  0.05776843,  0.01757545, -0.05171844,  0.00974141, -0.00388407,  0.05666533, -0.13233044,  0.16919062, -0.13471936,  0.12269279, -0.16953219,  0.21587386, -0.22866984,  0.13945344, -0.13978102,  0.18068470, -0.13929625,  0.06454148,  0.00802921, -0.00167983, -0.02912720,  0.04785603, -0.04365067,  0.04489232, -0.19653396,  0.23051552, -0.06373039
 -0.00164645, -0.01016293,  0.06572295,  0.01501294, -0.18731439,  0.00719097,  0.11487451,  0.06214003, -0.00205046,  0.00750854,  0.02350410, -0.06277777, -0.03930950,  0.01661442, -0.18420419,  0.06898346,  0.09454722,  0.03765197, -0.01213549,  0.21169074,  0.00428821, -0.19129744, -0.09785239,  0.10214926, -0.16924720,  0.01250243,  0.16884500,  0.04973523, -0.18152879,  0.11889121, -0.01288494, -0.13766922, -0.03565822,  0.11527264, -0.08183798,  0.04074813,  0.27463601,  0.17346716, -0.18356464, -0.15367897,  0.22935833, -0.08665645, -0.13186121, -0.04330115,  0.07927697, -0.03921541,  0.02710612,  0.37847831,  0.11411411, -0.47980203
  0.10252817, -0.21688399,  0.13509531, -0.11220054,  0.22058417, -0.24816150,  0.28698832, -0.25668980,  0.22089237, -0.23098379,  0.10829317, -0.07607977,  0.02999422,  0.07199151, -0.02968069,  0.05400811,  0.00090854,  0.03618080, -0.15092461,  0.00633702, -0.03428975,  0.07317597, -0.03470124,  0.10024146, -0.03901467,  0.03909866, -0.02580450, -0.00294707, -0.09430453,  0.03535287,  0.03351890,  0.00993299, -0.00066164, -0.01037611,  0.12083331, -0.09244105,  0.09331102, -0.21825838,  0.12216374, -0.11942646,  0.26387511, -0.07050338, -0.25493183,  0.32060949, -0.13432789,  0.18030336, -0.22438388, -0.08689457,  0.05778472,  0.06011850
 -0.02756387,  0.00130516, -0.00668190,  0.08662874, -0.01746299, -0.02584641, -0.09699479,  0.03154200,  0.04947923, -0.13337321,  0.16096630, -0.03320744,  0.04423462,  0.01912653,  0.00290270, -0.09296739, -0.07355293,  0.00180411, -0.00573112, -0.07803871,  0.19855763,  0.10980781, -0.13030341,  0.05091165,  0.04120899, -0.12363407, -0.10169038,  0.15093073, -0.02570608, -0.05712600,  0.08616677,  0.05911958, -0.16519531,  0.01161106, -0.01510729, -0.12532569, -0.16603033,  0.15568446,  0.05276720, -0.03757595, -0.01685878, -0.13340362,  0.30206657, -0.29135864, -0.09625177,  0.28135780, -0.42272450,  0.06326365,  0.44165897, -0.12161397
  0.05348165, -0.06930733, -0.04159588,  0.03535899,  0.12812926, -0.12137578,  0.03495253,  0.05744024, -0.08508958,  0.00574455, -0.00953480, -0.05864844,  0.03006736,  0.04632378,  0.09807956, -0.08879742,  0.07091228,  0.05805898, -0.16714692, -0.09870393,  0.14404255, -0.08936437, -0.00555477,  0.13446942,  0.03682619, -0.14796134,  0.07386471,  0.04388383, -0.11156366, -0.04145493,  0.16156928, -0.01177279, -0.02247130,  0.11918707,  0.07657434, -0.13197288,  0.00129426, -0.00040652,  0.00911695, -0.02286325, -0.18723151,  0.44428739, -0.26196166, -0.16624402,  0.47345128, -0.16038026, -0.31238972,  0.14786089, -0.10842605,  0.09985226
  0.05026053, -0.01848553,  0.00381833, -0.13797096,  0.13847132, -0.06344068,  0.11778178, -0.04802749,  0.10326194, -0.08964129,  0.03382762, -0.12946998,  0.01226477, -0.08784318,  0.12150861,  0.03843961,  0.05252841,  0.13508063, -0.03651992, -0.00947347, -0.21843430,  0.08741681, -0.21205148,  0.15518916, -0.06185959,  0.19415636, -0.14377162,  0.17137458, -0.12919685,  0.03380036, -0.11455778,  0.12242660, -0.00831035,  0.07552743,  0.15770495,  0.08070198,  0.09927394, -0.06136826,  0.03140208, -0.05529876,  0.01073259, -0.07037601,  0.29887565, -0.34053960,  0.37183690, -0.09257546,  0.24706588, -0.31297110, -0.01231867, -0.14994886
 -0.08376270,  0.10894173, -0.08494256,  0.15033103, -0.04659176, -0.09499830,  0.02966439, -0.09271113,  0.04588752, -0.02178385,  0.04006530,  0.06957936,  0.04460728, -0.02096403,  0.04000709, -0.20158443,  0.06397115, -0.17378440,  0.04643250,  0.03651433,  0.13035475,  0.07421169, -0.01049760,  0.03084033, -0.09647901, -0.02373648, -0.09314574,  0.09659145, -0.06804126,  0.11497300, -0.03854558,  0.08137289, -0.16040975,  0.05919096, -0.19536568, -0.07441464, -0.10416296,  0.04797471,  0.12044027, -0.11329202, -0.04045595,  0.17117088, -0.27887697,  0.14282743, -0.03232372, -0.35780892,  0.29233871, -0.26481750,  0.48103566, -0.05622998
 -0.05852749, -0.05849941,  0.17647354, -0.05367644,  0.05537242, -0.11236648, -0.00856835, -0.08189287, -0.03730182,  0.02087084,  0.08611516,  0.04479484,  0.16671983, -0.03867429, -0.08589052, -0.05871631, -0.18540509, -0.06373030, -0.12607061,  0.25040044,  0.04413980,  0.18316700,  0.05159568,  0.02937004, -0.19192469,  0.01764948, -0.07139086, -0.04915896,  0.01943325,  0.12199788,  0.00732614, -0.09236372, -0.01346082, -0.19251990, -0.15753853, -0.22579023, -0.02047908, -0.09377330,  0.04597655,  0.08826954,  0.10822040, -0.27095258,  0.14302102, -0.19122516,  0.10321436, -0.40915867,  0.01035472,  0.31983886, -0.03287767,  0.32383639
