 -0.14163316, -0.14162759, -0.14162637, -0.14162697, -0.14162795, -0.14162855, -0.14162783, -0.14162387, -0.14161627, -0.14160647, -0.14159525, -0.14158334, -0.14157059, -0.14155656, -0.14154187, -0.14152635, -0.14150996, -0.14149452, -0.14148041, -0.14146741, -0.14145516, -0.14144369, -0.14143260, -0.14142155, -0.14141108, -0.14140173, -0.14139201, -0.14138241, -0.14137244, -0.14136338, -0.14135436, -0.14134530, -0.14133554, -0.14132615, -0.14131887, -0.14131242, -0.14130601, -0.14129786, -0.14128850, -0.14127799, -0.14126628, -0.14125539, -0.14124616, -0.14123697, -0.14122836, -0.14122029, -0.14121209, -0.14120418, -0.14119578, -0.14118820
  0.39822110,  0.42539615,  0.40284926,  0.34435042,  0.26605445,  0.17898443,  0.08966228,  0.01491628, -0.03987817, -0.08291893, -0.11665753, -0.14459010, -0.16467042, -0.17523666, -0.17643145, -0.16868139, -0.15020818, -0.12787780, -0.10767733, -0.08928872, -0.07043929, -0.05191599, -0.03408205, -0.01688968, -0.00404691,  0.00510143,  0.01407241,  0.02130226,  0.02847748,  0.02920968,  0.03216683,  0.03734148,  0.04019881,  0.03383127,  0.00833045, -0.02181915, -0.04656114, -0.06168837, -0.06793908, -0.06771136, -0.06298451, -0.05686209, -0.05067533, -0.04484819, -0.04181494, -0.03846845, -0.03291236, -0.02609401, -0.01857325, -0.01240593
  0.29422293,  0.11302720, -0.04484680, -0.16978232, -0.25728938, -0.30395245, -0.30847578, -0.29466347, -0.27986274, -0.25879263, -0.23161601, -0.19407221, -0.14938901, -0.10307904, -0.05499225, -0.01002787,  0.02034118,  0.04234978,  0.06290434,  0.08350315,  0.10081684,  0.11459026,  0.12214815,  0.12051109,  0.11564468,  0.11199150,  0.10141764,  0.08914163,  0.07117268,  0.06195764,  0.04881260,  0.02527601, -0.01204037, -0.05135407, -0.06101071, -0.04648335, -0.01761310,  0.01061129,  0.03473594,  0.05158747,  0.05882797,  0.06569859,  0.07674435,  0.08545318,  0.09845949,  0.11418355,  0.12739786,  0.13897000,  0.14370380,  0.14757601
 -0.26440525, -0.14428704, -0.04388856,  0.02081058,  0.05789229,  0.06802052,  0.03632148, -0.00163953, -0.02193472, -0.03653260, -0.04577251, -0.06174359, -0.08608486, -0.12231557, -0.16228734, -0.20385932, -0.22315440, -0.21429792, -0.20058999, -0.18853036, -0.17259408, -0.15213678, -0.13227058, -0.11287422, -0.09851670, -0.08080038, -0.06315004, -0.04945278, -0.03907939, -0.04712696, -0.04066546, -0.00372531,  0.05096646,  0.11103772,  0.13041830,  0.12808683,  0.12459348,  0.11487543,  0.10877737,  0.10403023,  0.10096649,  0.11538331,  0.14937357,  0.17945697,  0.19708765,  0.21315852,  0.22871663,  0.24642001,  0.25832747,  0.27400109
 -0.36270953, -0.19494278,  0.02071150,  0.19957204,  0.27866646,  0.22368602,  0.04656599, -0.12587872, -0.20861201, -0.21776548, -0.16633003, -0.10048324, -0.04733672, -0.02557476, -0.03901711, -0.06436451, -0.04205560,  0.02374177,  0.08807994,  0.12906330,  0.15309628,  0.16733616,  0.18211242,  0.20532730,  0.21949204,  0.21422058,  0.18547724,  0.10652105, -0.00808310, -0.16300876, -0.25762751, -0.23823358, -0.11619164,  0.04293046,  0.10866198,  0.09721752,  0.04741151, -0.00910398, -0.04744099, -0.05811279, -0.04021805, -0.00674121,  0.02346824,  0.03532972,  0.01086360, -0.02750979, -0.05886104, -0.07431067, -0.06703426, -0.04176053
  0.02653539, -0.11570806, -0.14981746, -0.07098095,  0.06491311,  0.16687004,  0.16104253,  0.06391330, -0.05865874, -0.15628578, -0.19207963, -0.16186016, -0.07935139,  0.02674605,  0.11123843,  0.14788766,  0.13955533,  0.08546040, -0.00315706, -0.10925016, -0.20744488, -0.27215411, -0.27353093, -0.19494360, -0.05760886,  0.10030018,  0.25370831,  0.35441290,  0.37260770,  0.27711567,  0.11233643, -0.04698028, -0.12597480, -0.10992501, -0.05664100, -0.00537678,  0.01801199,  0.02096616,  0.00842138, -0.00161162,  0.00955808,  0.03112872,  0.04869790,  0.06194158,  0.04978548,  0.00905586, -0.03935282, -0.07864624, -0.08613546, -0.06825698
 -0.01737590, -0.06289547, -0.08074382, -0.04817805,  0.03793138,  0.13734284,  0.18039107,  0.15005264,  0.06270800, -0.05683328, -0.16544832, -0.23673450, -0.25401388, -0.21917822, -0.13979182, -0.03540524,  0.08887675,  0.21843721,  0.31097367,  0.33497197,  0.27916681,  0.15221899, -0.01464815, -0.17169288, -0.27492665, -0.29188514, -0.23239318, -0.12482831, -0.01220926,  0.05693765,  0.07877907,  0.06774562,  0.04065416,  0.02515066,  0.01207674,  0.00921913,  0.01583294,  0.01027885, -0.00322943, -0.02128958, -0.03360082, -0.01324471,  0.03841047,  0.08475067,  0.10650360,  0.09726784,  0.05602938,  0.00036516, -0.05716775, -0.08495431
  0.10039557, -0.08066792, -0.21954599, -0.25286173, -0.15092644,  0.03919544,  0.19745631,  0.27030308,  0.26148621,  0.18272102,  0.07493635, -0.03432328, -0.12055934, -0.17923588, -0.21837067, -0.25113620, -0.25735382, -0.21558294, -0.13062024, -0.02009108,  0.09198158,  0.17496611,  0.21253916,  0.21107570,  0.17724235,  0.14155958,  0.12975545,  0.14389555,  0.16517827,  0.13331807,  0.05322060, -0.03659307, -0.09281196, -0.08525009, -0.05695505, -0.02172322,  0.01168423,  0.02220724,  0.00494759, -0.03698178, -0.08905212, -0.11511231, -0.09007918, -0.03218611,  0.02395208,  0.05470215,  0.04916483,  0.01368167, -0.04647130, -0.10703976
 -0.04424568, -0.02487479,  0.04916381,  0.10598952,  0.08004203, -0.03595398, -0.17110692, -0.21983047, -0.13354790,  0.04800539,  0.22703699,  0.30025603,  0.22160244,  0.02745825, -0.17702523, -0.28203964, -0.23245875, -0.06064741,  0.13418358,  0.24773943,  0.22175424,  0.07216463, -0.12029354, -0.25142310, -0.24739047, -0.10422221,  0.09714616,  0.24446054,  0.26362333,  0.16405085,  0.02565171, -0.07740185, -0.11859182, -0.10960878, -0.07501650, -0.02617004,  0.02076838,  0.04532224,  0.04323037,  0.02108191, -0.00946093, -0.03574222, -0.05386086, -0.06876080, -0.07299936, -0.05208875, -0.00898095,  0.03750983,  0.06148862,  0.05390545
  0.04951157, -0.06614151, -0.11126566, -0.04270377,  0.09565383,  0.19039645,  0.14034363, -0.02816580, -0.20108104, -0.27182454, -0.18870311,  0.00459964,  0.20358756,  0.29718665,  0.22998757,  0.03788267, -0.16788803, -0.28133865, -0.24760322, -0.08775499,  0.11268078,  0.24338200,  0.23473697,  0.09588608, -0.10097758, -0.24201059, -0.23596166, -0.09434249,  0.09411632,  0.20232282,  0.19621893,  0.11440318,  0.02601738, -0.02953568, -0.06485288, -0.07234388, -0.05250235, -0.01407112,  0.02002604,  0.03818465,  0.04414902,  0.04044708,  0.03339972,  0.02263659, -0.00760683, -0.04680110, -0.06729970, -0.05530143, -0.01512435,  0.02551540
 -0.18540207, -0.14541766,  0.00962909,  0.12342088,  0.05876568, -0.13333441, -0.24676493, -0.15917060,  0.04141925,  0.13409112,  0.01373477, -0.17620737, -0.21676509, -0.07067121,  0.06475679,  0.01794059, -0.14208774, -0.19654405, -0.06684433,  0.09464671,  0.10684683, -0.01895354, -0.10673093, -0.04253966,  0.10015462,  0.14260904,  0.04179599, -0.05372812,  0.00491326,  0.19278253,  0.32193909,  0.29515451,  0.19250886,  0.14911526,  0.17414508,  0.15248199,  0.05223987, -0.03123315,  0.00545000,  0.12880399,  0.19908108,  0.12725845, -0.03965113, -0.14448269, -0.10384585, -0.01906787, -0.03117319, -0.15163833, -0.25010454, -0.21202031
  0.10583044, -0.05675929, -0.17461866, -0.10363574,  0.10415435,  0.21888764,  0.07864360, -0.17471119, -0.22454208,  0.01383632,  0.24921215,  0.17949322, -0.11942580, -0.28139422, -0.10010904,  0.18745148,  0.21477244, -0.02723072, -0.23060269, -0.15011190,  0.09955190,  0.20377117,  0.04615703, -0.15442623, -0.13425811,  0.07860309,  0.17927506,  0.04823861, -0.14476928, -0.13558299,  0.05615888,  0.19827126,  0.12104009, -0.04789293, -0.07987580,  0.02987423,  0.11263977,  0.01485092, -0.15137883, -0.18741777, -0.05125536,  0.13488519,  0.17184412,  0.00057810, -0.15080345, -0.10267826,  0.06831020,  0.15632779,  0.03606056, -0.12514842
 -0.07647589,  0.02126108,  0.00342377, -0.11119374, -0.17587215, -0.08637708,  0.06715272,  0.06019093, -0.11852283, -0.22333083, -0.10000322,  0.11638750,  0.14938687, -0.05498604, -0.24561932, -0.18789389,  0.03614008,  0.17040120,  0.07606968, -0.11270038, -0.16267538, -0.02560154,  0.10704898,  0.06766866, -0.05248210, -0.06199910,  0.04857528,  0.12899162,  0.06826670, -0.00534858,  0.04548355,  0.22291969,  0.35061393,  0.30534532,  0.18431991,  0.11851162,  0.16703177,  0.21645228,  0.14545740, -0.02742872, -0.16728430, -0.14991599, -0.02441500,  0.02247696, -0.08141914, -0.22482413, -0.25249472, -0.13561867, -0.01910327, -0.01508950
  0.18696920,  0.10336976, -0.05375412, -0.09979276, -0.01834373,  0.04658079, -0.00413846, -0.05283732, -0.01447641,  0.02720871, -0.00514445, -0.09750805, -0.12428165, -0.02294085,  0.10106072,  0.13287180,  0.06547750, -0.05077317, -0.09621872, -0.03237566,  0.05664968,  0.06268335,  0.00271992, -0.04089439, -0.07254402, -0.11224168, -0.10075403, -0.03812755,  0.03959703, -0.01219757, -0.15974171, -0.28398982, -0.22993112, -0.01092198,  0.20285387,  0.34128523,  0.35787285,  0.31048927,  0.23798606,  0.17240851,  0.10312944, -0.03630483, -0.20767564, -0.27668976, -0.22701818, -0.11114643, -0.00382138,  0.03003522,  0.02365887, -0.00840535
 -0.05554403,  0.06016620,  0.09691099,  0.03468810, -0.03064546, -0.01137225,  0.05202417,  0.05185243,  0.00136923, -0.01072209,  0.03622427,  0.05797997, -0.02161762, -0.14315860, -0.18640749, -0.10426924,  0.02021329,  0.07038095,  0.01363881, -0.06704463, -0.06746506,  0.01115849,  0.07546016,  0.06658586,  0.02419448, -0.01062285, -0.03511491, -0.06272593, -0.07001750, -0.03166422,  0.00025775, -0.03508066, -0.14538729, -0.24808294, -0.25362916, -0.15349490,  0.01339695,  0.17092833,  0.26666783,  0.31115197,  0.34061842,  0.35614298,  0.30230360,  0.15647573, -0.03019203, -0.17302262, -0.21514149, -0.17928631, -0.13258453, -0.11633452
  0.16302021,  0.11225006, -0.00584284, -0.11860279, -0.12408570, -0.00611566,  0.11438994,  0.08870999, -0.03973830, -0.10540849, -0.06694839,  0.02706226,  0.10763461,  0.13736238,  0.10963465,  0.01167023, -0.14744419, -0.21881751, -0.09006533,  0.13286155,  0.21454906,  0.05163617, -0.20347624, -0.28848933, -0.10140109,  0.17748186,  0.24700472,  0.04754642, -0.23087491, -0.31458980, -0.18286104,  0.02437902,  0.12979827,  0.07604283, -0.00533952, -0.03963688,  0.01369602,  0.10574101,  0.15906605,  0.12930213,  0.01918775, -0.06998781, -0.02421902,  0.11718025,  0.22656383,  0.18558538, -0.00129246, -0.18969977, -0.24017576, -0.11447190
 -0.17532246, -0.00037773,  0.20637155,  0.17009461, -0.10075544, -0.25386895, -0.07051548,  0.14770358,  0.13118825, -0.02409837, -0.09861518, -0.04278300, -0.00241097, -0.01473631, -0.00956240,  0.08889489,  0.14273042,  0.01794998, -0.17420641, -0.21718854, -0.01292257,  0.24667526,  0.25139711, -0.05369673, -0.30648083, -0.21373609,  0.12911606,  0.30947256,  0.15818253, -0.07210559, -0.16243571, -0.07520508,  0.05754221,  0.09089633,  0.05288462, -0.05417604, -0.14211410, -0.11477760, -0.02469430,  0.07588501,  0.13144629,  0.08292227, -0.04335962, -0.09651623, -0.02090595,  0.11521419,  0.19551957,  0.10402524, -0.09328225, -0.23515872
  0.41695752, -0.22451408, -0.34739980,  0.11686976,  0.31214793, -0.04444381, -0.26277028, -0.08362427,  0.13470755,  0.15227792, -0.02251483, -0.06410502,  0.04639228,  0.07671407, -0.01515804, -0.04072870, -0.06012729, -0.04549714,  0.04786899,  0.04785681, -0.10344363, -0.14539067,  0.05586275,  0.16108408, -0.03738729, -0.20896284, -0.09399046,  0.16690872,  0.06225953, -0.16365339, -0.23798309, -0.02169741,  0.18489353,  0.05525174,  0.00709671,  0.03232113,  0.04037671,  0.02110893,  0.00303489,  0.01139498, -0.00697777,  0.03002595,  0.15938732,  0.17673034,  0.08368705, -0.05000636, -0.06999166,  0.02092371, -0.03975270, -0.23411790
 -0.04500726,  0.23864330, -0.05726437, -0.23228134,  0.04657907,  0.16903346, -0.01598767, -0.23328052, -0.21080972,  0.04463891,  0.22309564,  0.17402599,  0.01061977, -0.09624356, -0.14541776, -0.01429108,  0.14816921,  0.07967833, -0.08718114, -0.09486409, -0.02679423, -0.04280236, -0.02152129,  0.07626091,  0.12381438, -0.06617617, -0.22871533, -0.05382322,  0.16467752,  0.16851932, -0.08905054, -0.19754021,  0.04679362,  0.20886124,  0.14734377, -0.02488529, -0.13096846, -0.11258471, -0.01209927,  0.10041860,  0.10433217, -0.01490677, -0.10768015,  0.03507954,  0.28556920,  0.29467518,  0.03813283, -0.16942603, -0.18333756, -0.21389205
  0.11467793, -0.03160671,  0.10108765,  0.00218006, -0.16691533,  0.00038503,  0.07056241,  0.01530099, -0.07519175, -0.16520017, -0.02899213,  0.10621733,  0.18107716,  0.14834723, -0.00353322, -0.18235857, -0.16137446,  0.09333156,  0.17790134, -0.02075363, -0.15395745, -0.10253267,  0.01566452,  0.05072464, -0.02205315,  0.04617647, -0.00978445, -0.15557275, -0.08700002,  0.02483094,  0.11084884, -0.01301032, -0.20607866, -0.06169539,  0.11659715,  0.21205571,  0.20870688, -0.02597084, -0.18026049, -0.10504412, -0.03099772,  0.11624740,  0.21182638, -0.01324982, -0.10198526,  0.13227908,  0.31165361,  0.20642537, -0.25208028, -0.41796504
 -0.11961194,  0.05005538,  0.22809226,  0.06610556, -0.12682105, -0.04633751, -0.09897550, -0.17701832, -0.01269038,  0.18931850,  0.19851414, -0.09643099, -0.22619114,  0.01139692,  0.23983820,  0.11737183, -0.09942051, -0.06464254, -0.00450550, -0.08747553, -0.07729932,  0.08414483,  0.16069209,  0.01789959, -0.15862850, -0.07192892,  0.02166113, -0.01851580,  0.05507566,  0.08652704,  0.05962229, -0.05129637, -0.14359217, -0.02652331, -0.01755884, -0.01250845,  0.17738669,  0.23288772,  0.05042540, -0.17328135, -0.33638070, -0.20701084,  0.19693214,  0.36602555,  0.20775339,  0.02199738, -0.11675266, -0.10842580, -0.09864762, -0.06127882
  0.07203913, -0.21846797, -0.01331124,  0.26128935, -0.02467528, -0.10154492,  0.14017622,  0.08528243, -0.21162306, -0.21256985,  0.17353378,  0.26104831, -0.12499002, -0.25524817,  0.05391711,  0.20342145,  0.01411802, -0.15513233,  0.07452549,  0.15316391, -0.11082490, -0.20712566,  0.03703164,  0.25993763,  0.01712699, -0.19828611,  0.05607418,  0.05118610, -0.07570794, -0.08911195,  0.14352220,  0.10742451, -0.09556444, -0.08219454, -0.02051542, -0.00707471, -0.12616480,  0.07667991,  0.21106717,  0.07101908,  0.02657420, -0.16460675, -0.29957866,  0.02065148,  0.10327943,  0.02810675,  0.17313814,  0.03329399, -0.10248365, -0.01187518
  0.15175799, -0.18649915, -0.06932305,  0.04487386,  0.04979833,  0.12882167,  0.02533245, -0.16969274, -0.06295601,  0.20136848,  0.00427151, -0.11166589,  0.06326563,  0.02279112, -0.04504241, -0.09658297, -0.03618949,  0.17733865,  0.16880315, -0.17245328, -0.27233416,  0.14467277,  0.25393640, -0.07888576, -0.19820929,  0.08726266,  0.12465069, -0.06632193, -0.10444167, -0.00225166,  0.02990379,  0.05169552,  0.04730015, -0.10643657, -0.04277519,  0.07566091, -0.05767144, -0.06066368,  0.08384257,  0.11950936,  0.03997785, -0.11834060, -0.06227772, -0.09533489, -0.12530883,  0.23423200,  0.21500309, -0.34788269, -0.20194411,  0.34533636
  0.08438778, -0.19531323,  0.02905672,  0.18441649,  0.00601742,  0.02995826, -0.21408085, -0.00666971,  0.25649475, -0.18396574, -0.15038145,  0.20186223,  0.14312763, -0.17025899, -0.13250132,  0.11828153,  0.10512154,  0.05223664, -0.09886913, -0.18884880,  0.12530739,  0.13722370, -0.13343249, -0.03324668,  0.07742604,  0.09840816, -0.12003289, -0.13574097,  0.14332457, -0.07184317,  0.04140485,  0.18131151, -0.20327675, -0.14109860,  0.07070803,  0.04154401,  0.05439604,  0.01550962,  0.09155955,  0.10270283, -0.25034299, -0.11787096,  0.14151180, -0.17674522,  0.10701950,  0.34928753, -0.20050546, -0.09477085,  0.07242463, -0.04228472
  0.03702626, -0.06646472,  0.05722843, -0.14315129,  0.04884828,  0.18607117, -0.11766824,  0.05241272, -0.06592971, -0.05319732,  0.19868544, -0.09978041, -0.15780231,  0.09860669,  0.16688068, -0.13847652, -0.19407039,  0.23313321,  0.09010003, -0.11879235, -0.04019901, -0.03093396,  0.10163175,  0.04048606, -0.13085105,  0.01994573,  0.02617862,  0.15421715, -0.09439992, -0.22433501,  0.18672279,  0.07368839, -0.11363617,  0.10187969, -0.00628298, -0.13066285,  0.02014138, -0.05466452,  0.07110812,  0.06235569, -0.03818331,  0.20188204, -0.13733505, -0.37168640,  0.32269839,  0.04986251, -0.30384688,  0.23799485,  0.01492687, -0.02237929
  0.02318285, -0.08300005,  0.01286228,  0.04155755,  0.18255740, -0.09238604, -0.19503661,  0.14453684, -0.03102691,  0.02463409, -0.03302611, -0.11930416,  0.22418989,  0.02050613, -0.18467461, -0.06148665,  0.21211995,  0.13302781, -0.26382515, -0.04369936,  0.09866938,  0.03030286,  0.01496668, -0.08627018,  0.01059283,  0.13475987, -0.06161650, -0.06954664, -0.10858224,  0.09459867,  0.19760408, -0.13280805, -0.06754749,  0.02777479, -0.15882073,  0.08232671,  0.12945506, -0.05064405,  0.14597525, -0.02803645, -0.10742402, -0.04768373, -0.21119449,  0.15894799,  0.27432138, -0.27903399,  0.13177168,  0.21456031, -0.36705080,  0.11789410
 -0.06570698,  0.04893239, -0.14014339,  0.13060877,  0.09131906,  0.02693534,  0.05294363, -0.21559147,  0.08170288,  0.02992571, -0.09099846, -0.03497590, -0.06718502,  0.23938201, -0.05637697, -0.20148912,  0.14043146,  0.11517218,  0.03125204, -0.17000328, -0.01849955,  0.11319150, -0.05502962, -0.01552436,  0.02216156, -0.01202207,  0.22242712, -0.15777458, -0.16921521,  0.08698316,  0.08958046,  0.10156081, -0.03855125, -0.07896383, -0.04317585, -0.16782443, -0.02903968,  0.23609008,  0.00691635,  0.11683331,  0.16483286, -0.30237261, -0.28741533,  0.12833686,  0.03634953,  0.02999594,  0.00448707,  0.14732917,  0.28825046, -0.36606264
 -0.17117070,  0.12376885, -0.02351558,  0.03925796, -0.02005077,  0.10861521,  0.05766372, -0.12553146, -0.02154728,  0.03261161,  0.02332185, -0.17155442,  0.04809918,  0.08408270, -0.12713619,  0.15018028,  0.03701043, -0.12994124,  0.05532637,  0.13808495, -0.07665072, -0.13401199,  0.05549964,  0.07717367,  0.01408467,  0.02832278,  0.02037172, -0.14920374,  0.21167538,  0.00445119, -0.21016254,  0.15314993,  0.17678162,  0.04318639, -0.35785948, -0.24994672,  0.23433194,  0.00414531,  0.14743224,  0.23936334, -0.25394064, -0.06980017,  0.06019649, -0.25475377, -0.09295174,  0.09568835,  0.09991362,  0.28253524, -0.16879165, -0.03782805
 -0.00633248, -0.16529567,  0.24793895, -0.14725936,  0.01772721,  0.21835062, -0.21516333,  0.09472278,  0.00214429, -0.09812446,  0.07197425, -0.09560780,  0.06602090, -0.03808220, -0.03015383,  0.15935002, -0.17458402,  0.15095238, -0.05565476, -0.04928676,  0.17655627, -0.24588392,  0.14511860, -0.06394351,  0.01436477,  0.20100316, -0.27254103,  0.17104170, -0.06070121,  0.00007805,  0.05659522, -0.11577009,  0.23565173, -0.11588108, -0.03999116, -0.12754423, -0.15386670,  0.32150755,  0.00529222, -0.00687001,  0.12205570, -0.25294533,  0.02445591,  0.03967770, -0.21538945,  0.07176956,  0.15358449,  0.03355517,  0.06596579, -0.12060189
 -0.13482463,  0.15274819,  0.03367326, -0.20448684,  0.29740315, -0.09267983, -0.10689660,  0.10267006, -0.08595969,  0.09473059, -0.17256189,  0.07515131,  0.10619949, -0.25130312,  0.31862861, -0.16507422, -0.02864767,  0.12735187, -0.12543758,  0.18320528, -0.24793297,  0.12773108,  0.03641495, -0.16464711,  0.31008943, -0.21327838, -0.03291743,  0.15976580, -0.08991180,  0.00354581, -0.07863247,  0.23546693, -0.02814795, -0.20067000, -0.00948338, -0.07963742,  0.11175244,  0.16244051, -0.04037436, -0.00196230, -0.06656442, -0.04094780, -0.00850774, -0.09293086,  0.01943828,  0.08739329,  0.12616372, -0.02152358, -0.04980273, -0.03622520
 -0.09416288,  0.09849189,  0.06353772, -0.07301469, -0.06903226,  0.14869575,  0.00483520, -0.25770185,  0.21171045,  0.03875579, -0.19841970,  0.08501347,  0.04651797, -0.03427199, -0.01270223,  0.12290844, -0.12155254, -0.08060294,  0.23436173, -0.13324526, -0.05245889,  0.07121348, -0.00949379, -0.02034704,  0.01596101,  0.09901271, -0.19704403,  0.06315711,  0.20340334, -0.21142635, -0.05982512,  0.19850799,  0.07051171, -0.18177855, -0.15166834,  0.20142641, -0.02605919,  0.02539568,  0.15968417, -0.31210772,  0.09306048,  0.22226471, -0.35186616,  0.09889075,  0.16298676, -0.13810996,  0.12319688,  0.01423951, -0.03134270, -0.05948596
  0.07688717, -0.24233040,  0.26701867, -0.18929629,  0.15258760, -0.07639328,  0.02190388,  0.07440254, -0.18187692,  0.21644009, -0.22495397,  0.19037083, -0.13775172,  0.02516730,  0.10493394, -0.20141514,  0.26738219, -0.24020265,  0.15642097, -0.05754895, -0.02940568,  0.12351704, -0.21985042,  0.21784313, -0.19774115,  0.22388924, -0.10987815, -0.06342535,  0.07330626, -0.00797985,  0.03501881, -0.13185959,  0.12363512,  0.02770201,  0.00755788, -0.16417403, -0.03654436,  0.13735425,  0.04751290,  0.03920572, -0.14394972,  0.06833474,  0.04574119, -0.13934838,  0.04867568, -0.07992770,  0.14788396, -0.04446573,  0.07163143, -0.07201838
  0.12747562, -0.25838316,  0.14654664,  0.14753689, -0.34688906,  0.23880323, -0.01059614, -0.03054111, -0.08996100,  0.13517804, -0.01564837, -0.13467840,  0.21304601, -0.19063000,  0.12938916, -0.09640613,  0.05263179,  0.04960537, -0.19904568,  0.25773408, -0.17870873,  0.07276324,  0.00383198, -0.07760271,  0.05194726, -0.04083591,  0.15608003, -0.24598995,  0.08246958,  0.15315252, -0.16538443, -0.08208526,  0.16972030, -0.01824387, -0.01887212,  0.11414126, -0.22111572,  0.10134200,  0.06078115, -0.13164903,  0.07566002,  0.07671257, -0.01832496, -0.10933066,  0.16068378, -0.04205553, -0.16011838,  0.12437089,  0.08878687, -0.10729373
  0.04077934, -0.03543146, -0.15247535,  0.22264907,  0.04898551, -0.25237626,  0.23956183, -0.11181282,  0.00014690,  0.00598565, -0.01841169,  0.02618332, -0.02848270,  0.00159333,  0.05220812, -0.00090192, -0.12619146,  0.16809439, -0.04162903, -0.10714757,  0.10725327, -0.03129180,  0.02033583, -0.14049956,  0.15622619,  0.03377431, -0.10499581,  0.06108314, -0.17031216,  0.19768345,  0.01044486, -0.19591025,  0.06657463,  0.21032962, -0.14503300, -0.13602693, -0.04383128,  0.13666753,  0.34841105, -0.30422967, -0.21828418,  0.29782206,  0.00006841, -0.16058132, -0.07219306,  0.16012950,  0.08840019, -0.09462087,  0.07996181, -0.08869089
  0.00013664, -0.08666187,  0.09028101,  0.10846680, -0.07948991, -0.08435118,  0.04686022,  0.04837678, -0.06293341,  0.00598188,  0.03459394, -0.03339554, -0.00357154,  0.08220756, -0.04879551, -0.08619484,  0.09564027,  0.05862974, -0.12943469, -0.03292187,  0.16843464, -0.11046388, -0.09315811,  0.22817697, -0.02606277, -0.12885451, -0.00747161,  0.06035854,  0.00384224, -0.00054140, -0.04145611,  0.00907067,  0.15705207, -0.11540110, -0.31130005,  0.04426627,  0.43309958,  0.16639449, -0.38134033, -0.20258893,  0.22680275,  0.06250670, -0.14946028, -0.11336735,  0.14105885,  0.24563563, -0.06556782, -0.22674830, -0.00624536,  0.10990736
  0.00911573,  0.04962584, -0.14012020,  0.09740749, -0.06714494,  0.16299915, -0.25640926,  0.17526709,  0.02193000, -0.14494567,  0.17424953, -0.08228274, -0.03946600,  0.05136783,  0.01265459, -0.03145294, -0.02750619,  0.01336306,  0.10582161, -0.11583922, -0.08383166,  0.33367492, -0.35752552,  0.09255594,  0.15150375, -0.14714405,  0.06314573, -0.09304942,  0.17056069, -0.12630556,  0.03364049, -0.02989923, -0.03780005,  0.20000487,  0.01471694, -0.24599907, -0.09133191,  0.28441506,  0.01638286, -0.23347820,  0.12232166,  0.01233911,  0.05263737, -0.00100874, -0.14906730, -0.01128764,  0.15467259,  0.01857232, -0.23869297,  0.15664303
  0.04862372, -0.06754088,  0.01336411,  0.01311942,  0.02408019, -0.03101656, -0.01815363, -0.01845938,  0.16524240, -0.24234262,  0.13935840,  0.11597638, -0.30434644,  0.30936749, -0.10808892, -0.19128328,  0.30596566, -0.14804613, -0.12856786,  0.28032784, -0.19995106, -0.06293681,  0.29198817, -0.25958940,  0.01667771,  0.18029966, -0.16155402, -0.01287120,  0.06899267,  0.01878097, -0.11933249,  0.12258931, -0.06010266, -0.06264615,  0.14213422, -0.09353534, -0.02736279,  0.13881953,  0.00661243, -0.19819866,  0.07011346,  0.07220607, -0.02656536, -0.02703946,  0.00150949,  0.07249636, -0.04365175,  0.00219486, -0.10316809,  0.09550467
  0.04785929, -0.12254149,  0.09229315,  0.03986996, -0.05179900, -0.04998003,  0.07703976,  0.04084441, -0.14397369,  0.06702915,  0.10057593, -0.21815375,  0.16803164,  0.07088605, -0.27674971,  0.21505194,  0.07605048, -0.31273918,  0.26236672,  0.00667602, -0.25654586,  0.25164119,  0.00600277, -0.26951800,  0.28295831, -0.04902264, -0.19296910,  0.23975109, -0.13881782, -0.05110704,  0.17156905, -0.10005731, -0.06020448,  0.08866168, -0.06393638,  0.00819833,  0.08778982,  0.02485070, -0.14321926,  0.07198255,  0.01794387, -0.02580586, -0.00208325, -0.05688019,  0.11195203,  0.02582969, -0.08608888, -0.02942829,  0.14938188, -0.10146758
  0.01562450,  0.04226312, -0.13523350,  0.10212498,  0.07012928, -0.21412172,  0.12466012,  0.12508311, -0.27704201,  0.18420556,  0.05037784, -0.21326760,  0.22098491, -0.09576515, -0.01887616,  0.05292965, -0.06870854,  0.07116402, -0.04828605, -0.00681625,  0.06932927, -0.12304588,  0.14196298, -0.06705647, -0.12827378,  0.23897211, -0.09230246, -0.20559997,  0.34455031, -0.22610887, -0.03189694,  0.22524620, -0.26757531,  0.08987898,  0.18374633, -0.18151755, -0.03860273,  0.20190167, -0.15072203, -0.03423579,  0.05145932,  0.08367066, -0.09437316,  0.03274352,  0.04081127, -0.04407695,  0.04636720, -0.10208874,  0.11388137, -0.05847243
  0.02630234, -0.07219646,  0.13747642, -0.19872251,  0.22755342, -0.14745625, -0.02419869,  0.10913231, -0.02649657, -0.12409207,  0.19005496, -0.13822201,  0.04626733,  0.08117980, -0.18068076,  0.18014671, -0.08697918, -0.07281973,  0.19635452, -0.20829659,  0.10575027, -0.00358586, -0.02948279,  0.03173551,  0.00734511, -0.11631527,  0.21136517, -0.15389621, -0.12609532,  0.37026574, -0.37199964,  0.18904224,  0.02797622, -0.22030025,  0.17213142,  0.05450798, -0.13951647,  0.13156978, -0.00947334, -0.07005489, -0.07535493,  0.13765844, -0.03098894, -0.09427751,  0.15585607, -0.05454496, -0.00806060,  0.00773005, -0.03781294,  0.02451893
  0.01549486, -0.01411784, -0.01923700,  0.05369179, -0.05127208,  0.04232978, -0.08438366,  0.15423235, -0.20644663,  0.23055629, -0.22684111,  0.19733367, -0.13581018,  0.11262591, -0.13083856,  0.12290482, -0.07852391,  0.00294846,  0.06048814, -0.07964614,  0.05916168, -0.06499553,  0.12405511, -0.17214177,  0.17282498, -0.15286027,  0.14419772, -0.14887005,  0.11080944, -0.09091857,  0.13701568, -0.19897119,  0.22140159, -0.25975897,  0.25095405, -0.16449382,  0.09571053, -0.00638506, -0.02387658,  0.01158854, -0.10783046,  0.19519247, -0.19652183,  0.16392899, -0.13334480,  0.17777777, -0.20085414,  0.16241471, -0.12799923,  0.05729892
 -0.02465061,  0.07156662, -0.08937012,  0.07497915, -0.08068268,  0.11695688, -0.13657978,  0.07105261,  0.02496548, -0.06687519,  0.06078719, -0.04519361,  0.05698951, -0.11650204,  0.20378829, -0.25168301,  0.23510107, -0.20191650,  0.18007124, -0.16834909,  0.16090816, -0.15381016,  0.13514596, -0.09292399,  0.05248744, -0.02670838, -0.00364792,  0.03744319, -0.04385298,  0.03124059, -0.02150700,  0.02561516, -0.04701442,  0.12157872, -0.20874804,  0.22965433, -0.22166430,  0.22998509, -0.23312498,  0.25388058, -0.29273723,  0.25239598, -0.17034898,  0.14172207, -0.13460051,  0.09408692, -0.02349086,  0.00239720, -0.03502579,  0.02621613
 -0.15250632,  0.27103383, -0.18534965,  0.04260076,  0.10767354, -0.02315312, -0.23889381,  0.33789059, -0.18161064, -0.08624320,  0.15722719, -0.11735714, -0.00762930,  0.10414888, -0.04286672, -0.01618409,  0.04850078, -0.05741120, -0.01251854,  0.11393017, -0.14897360,  0.06502739, -0.00498420,  0.09022989, -0.16442055,  0.11605810,  0.03323381, -0.09267993,  0.04618578, -0.06223208,  0.13883558, -0.10109642,  0.17740374, -0.25619004, -0.11908553,  0.30285805, -0.05454445, -0.10075519,  0.23509638, -0.13952316, -0.08737719,  0.02168590,  0.02015828, -0.03912473, -0.01824803,  0.16444073,  0.00275932, -0.15515126,  0.25593147, -0.18676915
 -0.03521906,  0.06271201, -0.05712321,  0.03566390,  0.03347688, -0.11176078,  0.10345671,  0.03750075, -0.17783316,  0.17040380, -0.05345872, -0.05510286,  0.08464830, -0.07993744,  0.08105615, -0.09414146,  0.11577885, -0.12494307,  0.13258094, -0.12113290,  0.06774901,  0.01019690, -0.06046513,  0.07499012, -0.07966213,  0.12572249, -0.16664195,  0.14541020, -0.08991280,  0.08411637, -0.10664660,  0.12303161, -0.06793111, -0.02834500, -0.00809598,  0.10858287, -0.10315183, -0.02469050,  0.16516029, -0.23551992,  0.25524062, -0.22053370,  0.08850623,  0.04222801, -0.16660679,  0.28518740, -0.37511177,  0.36907922, -0.23385190,  0.07533552
  0.05993295, -0.17313755,  0.25272505, -0.22668636,  0.08344102,  0.03521724, -0.01356806, -0.06373038,  0.08002437, -0.07414350,  0.13789429, -0.21316980,  0.17623205, -0.05118858, -0.01023924, -0.04073987,  0.08856418, -0.02056331, -0.09967407,  0.12784994, -0.05494667,  0.02829463, -0.10894297,  0.13947137, -0.04926887, -0.06507823,  0.06781382,  0.00936085, -0.02233820, -0.02983870,  0.00172649,  0.08185271, -0.12880788,  0.10267705,  0.04902742, -0.16413925,  0.16981281, -0.21049099,  0.19848726, -0.06218606, -0.07733909,  0.21323205, -0.29066481,  0.34482379, -0.35616270,  0.23906186, -0.07384617, -0.05464174,  0.11477374, -0.06676911
  0.00462427, -0.05843906,  0.03374529,  0.15337297, -0.24762606,  0.08276918,  0.11527525, -0.02427345, -0.20023362,  0.12776465,  0.15904697, -0.20050368, -0.09147741,  0.23107822, -0.00099969, -0.21996264,  0.12738451,  0.11502070, -0.12638157, -0.10596333,  0.20451288,  0.00313211, -0.18928712,  0.03765126,  0.21037490, -0.11034601, -0.20468527,  0.24601817,  0.02406003, -0.11741408, -0.10718084,  0.23034299,  0.03260671, -0.30566864,  0.20312948,  0.03663895, -0.05153977, -0.14632462,  0.16316383,  0.10294717, -0.18283707, -0.00336879,  0.06245899,  0.01504603, -0.01315654, -0.12281047,  0.17295878, -0.05399316,  0.00431388, -0.01496480
  0.00467327,  0.00808150, -0.05947854,  0.05308972,  0.09125765, -0.25288324,  0.27358442, -0.17371642,  0.15849167, -0.23941832,  0.23633759, -0.11732717,  0.06443233, -0.13533698,  0.15200992, -0.04068619, -0.08369096,  0.09653132, -0.01942521,  0.01625059, -0.13796539,  0.22593833, -0.15295189,  0.04452172, -0.06943189,  0.17417744, -0.14955601, -0.01690965,  0.10656018, -0.06046118,  0.07225299, -0.21627741,  0.32347841, -0.28415749,  0.13019025, -0.00670831, -0.02511202,  0.08381192, -0.19909813,  0.20979970, -0.10075774,  0.05190180, -0.09305883,  0.07035559, -0.00717942,  0.01533120, -0.11885774,  0.16471915, -0.12244311,  0.05510028
  0.01326442, -0.05824741,  0.09335768, -0.08047149,  0.06285248, -0.07432622,  0.07051032,  0.00828827, -0.11224694,  0.13364685, -0.09182857,  0.10704135, -0.20364954,  0.26154931, -0.22166995,  0.17168559, -0.19172240,  0.24563685, -0.24079444,  0.17177262, -0.12828551,  0.15274758, -0.16984105,  0.10356108, -0.01199353,  0.00631236, -0.05715770,  0.04665030,  0.02738729, -0.04038856, -0.04767822,  0.12928395, -0.13079578,  0.14330143, -0.23501891,  0.31669790, -0.29760800,  0.19639829, -0.13005497,  0.14630422, -0.13504490,  0.07095410, -0.05499682,  0.09417224, -0.12238741,  0.10490928, -0.08425426,  0.08279931, -0.05477328,  0.01415066
  0.10517866, -0.19560774,  0.09030549,  0.01310158,  0.04605327, -0.11274176, -0.00210922,  0.20811002, -0.14306427, -0.12678831,  0.15306336,  0.12580872, -0.23193567, -0.01746587,  0.20834027, -0.07838433, -0.13433729,  0.11253777,  0.11361799, -0.19450955,  0.01388042,  0.12326848,  0.02925843, -0.27199137,  0.18611989,  0.08789069, -0.07910749, -0.19649217,  0.24216992,  0.04563914, -0.24189283,  0.05149665,  0.08333551,  0.13982994, -0.27299923,  0.10073406,  0.17668260, -0.28305233,  0.04074553,  0.09945846,  0.13274297, -0.15329574, -0.06697059,  0.15465705, -0.05114482, -0.06061361, -0.01215878,  0.02006158,  0.09273728, -0.07018734
  0.00668020, -0.06929795,  0.18006826, -0.23111478,  0.19978195, -0.17467082,  0.18256976, -0.16883520,  0.07478139, -0.01349771,  0.07322555, -0.12396970,  0.03784613,  0.06407663, -0.01014821, -0.11177891,  0.12823153, -0.04301056, -0.00962248, -0.05820172,  0.15551745, -0.15097651,  0.07766380, -0.08936854,  0.21134129, -0.27975893,  0.21456126, -0.16597372,  0.25736958, -0.34646832,  0.26242542, -0.09372874,  0.03041915,  0.00143470, -0.10852152,  0.20630031, -0.19199235,  0.04999505,  0.10695165, -0.11102483,  0.05307229, -0.12410660,  0.19245809, -0.10630431, -0.01429524,  0.04614299, -0.00372872,  0.01429888, -0.03925350,  0.01244812
