 -0.14166524, -0.14165931, -0.14165764, -0.14165724, -0.14165778, -0.14165641, -0.14165320, -0.14164487, -0.14163433, -0.14162293, -0.14161024, -0.14159687, -0.14158244, -0.14156609, -0.14154871, -0.14153147, -0.14151452, -0.14149719, -0.14148054, -0.14146415, -0.14144895, -0.14143511, -0.14142212, -0.14140948, -0.14139752, -0.14138645, -0.14137572, -0.14136550, -0.14135567, -0.14134605, -0.14133732, -0.14132894, -0.14132043, -0.14131221, -0.14130430, -0.14129626, -0.14128745, -0.14127839, -0.14127022, -0.14126247, -0.14125477, -0.14124771, -0.14124069, -0.14123281, -0.14122520, -0.14121796, -0.14121128, -0.14120439, -0.14119719, -0.14118966
  0.41896197,  0.43123674,  0.40014993,  0.34000219,  0.25891916,  0.17354824,  0.08764837,  0.01929912, -0.03484046, -0.07678643, -0.11077420, -0.14034460, -0.16172432, -0.17137298, -0.17243932, -0.16816262, -0.15729961, -0.14109449, -0.12427636, -0.10876933, -0.09518272, -0.08409972, -0.07322756, -0.06183731, -0.05141754, -0.04285837, -0.03254971, -0.02343774, -0.01528372, -0.00904119, -0.00572751, -0.00445898, -0.00148600, -0.00077343, -0.00172847, -0.00207997,  0.00174546,  0.00685020,  0.00791057,  0.00724669,  0.00464413,  0.00072781, -0.00437107, -0.00849707, -0.01134470, -0.01364623, -0.01514400, -0.01375921, -0.01201943, -0.00935839
 -0.06704431,  0.00987790,  0.08459262,  0.15197516,  0.20560631,  0.24480890,  0.26851495,  0.28104893,  0.28102203,  0.26935127,  0.25069173,  0.22641308,  0.19793259,  0.16832658,  0.13869230,  0.10888331,  0.07938201,  0.05326823,  0.03016026,  0.01128671, -0.00573335, -0.02179577, -0.03678398, -0.04975847, -0.06102421, -0.07113793, -0.07995778, -0.08703887, -0.09250131, -0.09607323, -0.09953180, -0.10248349, -0.10502137, -0.10702098, -0.10915559, -0.11132822, -0.11257256, -0.11266995, -0.11293482, -0.11370327, -0.11441598, -0.11680951, -0.11978943, -0.12197655, -0.12564563, -0.13070617, -0.13737449, -0.14408209, -0.14945957, -0.15335593
 -0.61718736, -0.27007908, -0.00244103,  0.18385094,  0.25536835,  0.25700655,  0.15954860,  0.07671547,  0.02646454,  0.01987652,  0.02084477, -0.00934992, -0.05807146, -0.10048421, -0.13771670, -0.17586889, -0.18890786, -0.17443152, -0.14694989, -0.12712747, -0.10623963, -0.09395163, -0.07765522, -0.05906550, -0.04377058, -0.04289186, -0.02381595, -0.00860259,  0.01041246,  0.02314602,  0.02540371,  0.01604010,  0.03190715,  0.03663584,  0.02023194, -0.00388559,  0.00244314,  0.03567573,  0.06190549,  0.09345141,  0.11483820,  0.13411191,  0.13688617,  0.12733900,  0.12234199,  0.11545767,  0.10505178,  0.10558158,  0.09102556,  0.06143031
 -0.06356475, -0.01990036,  0.00585115,  0.02317484,  0.02681617,  0.02530992,  0.02836559,  0.04404740,  0.03952104, -0.00818630, -0.07126125, -0.12491979, -0.15371115, -0.14660371, -0.10817678, -0.05457702, -0.00480533,  0.05178852,  0.11035590,  0.17756937,  0.22844423,  0.24543922,  0.22499503,  0.17917985,  0.11985216,  0.05285494, -0.02137740, -0.09395478, -0.15897944, -0.20231675, -0.22638121, -0.22125037, -0.19300202, -0.13956784, -0.06882694,  0.01355864,  0.10113644,  0.17917412,  0.23156419,  0.24525503,  0.22866509,  0.17735870,  0.11247149,  0.05701483, -0.00475741, -0.07382609, -0.14715227, -0.20633916, -0.22424177, -0.19227754
  0.11811432,  0.02807522, -0.03540315, -0.07747041, -0.07397976, -0.05081925,  0.00057084,  0.03264271,  0.06731387,  0.09693570,  0.09466213,  0.06723003,  0.02492057, -0.03070300, -0.08334045, -0.11638530, -0.13166489, -0.14044246, -0.12780058, -0.09481459, -0.03447080,  0.04250639,  0.11633576,  0.17410804,  0.21608855,  0.24420281,  0.24807046,  0.22796065,  0.17873622,  0.10409018,  0.01955549, -0.07203382, -0.16476399, -0.23783776, -0.27839246, -0.28925860, -0.27424616, -0.23211833, -0.15639984, -0.06844019,  0.01687765,  0.09369119,  0.14731614,  0.16842670,  0.16855413,  0.14374427,  0.09751335,  0.02336568, -0.06104628, -0.13000070
  0.07080358, -0.01693184, -0.11449460, -0.15048940, -0.09691640,  0.02691002,  0.15743039,  0.23345696,  0.21522629,  0.10531665, -0.04256706, -0.17528490, -0.25328268, -0.23624655, -0.12242115,  0.03758514,  0.17091685,  0.22911871,  0.18963045,  0.07969252, -0.06190898, -0.18165529, -0.24559427, -0.23268478, -0.15763560, -0.05014969,  0.05564881,  0.14396188,  0.19355738,  0.19313873,  0.13533643,  0.03080216, -0.08974552, -0.17131905, -0.18221089, -0.13031735, -0.04719936,  0.04827473,  0.12660099,  0.16307231,  0.15148468,  0.08845707, -0.00272182, -0.08261718, -0.12041700, -0.09885126, -0.03580540,  0.03848222,  0.09735309,  0.11753931
 -0.01319862,  0.08972520,  0.08940924, -0.01497259, -0.12416698, -0.19157070, -0.14316415, -0.04845291,  0.08802616,  0.21271394,  0.25379018,  0.20227281,  0.06499434, -0.12581444, -0.26988207, -0.27907145, -0.16048349,  0.00007131,  0.14160703,  0.20125530,  0.18814404,  0.12833283,  0.03765133, -0.07574515, -0.17399093, -0.22007963, -0.21469432, -0.15246505, -0.04627590,  0.06676449,  0.16534915,  0.21774198,  0.19588866,  0.11551786,  0.01726842, -0.06447697, -0.12826160, -0.15652614, -0.11086463, -0.01188919,  0.09220216,  0.16812362,  0.17270822,  0.09131596, -0.01355730, -0.08512823, -0.09151807, -0.06184006, -0.02544148,  0.00272719
  0.03300860, -0.00030057, -0.04419780, -0.03955453, -0.02308678,  0.03789533,  0.07313845,  0.09864977, -0.00404332, -0.15756498, -0.14933627,  0.01653936,  0.17692760,  0.21160832,  0.07431139, -0.14341565, -0.25602851, -0.13589544,  0.07516178,  0.21463395,  0.13071493, -0.08170606, -0.22078611, -0.14941943,  0.04037001,  0.16746950,  0.13370131,  0.00846402, -0.07189811, -0.03214184,  0.03942152,  0.04774371, -0.04890282, -0.14747549, -0.12759473,  0.02135530,  0.15940671,  0.15828432, -0.00810856, -0.17132695, -0.15467017,  0.01420882,  0.20832301,  0.26117848,  0.06826349, -0.20334253, -0.33005578, -0.17842971,  0.12126870,  0.28729329
 -0.04649183,  0.02419682,  0.03732672,  0.00528269, -0.04849198, -0.06571074, -0.02092086,  0.08816292,  0.15266000,  0.05529580, -0.12477450, -0.20986439, -0.12839482,  0.05516562,  0.19641984,  0.17121093, -0.00944531, -0.16905527, -0.16143676,  0.01528990,  0.19359980,  0.19973050,  0.01813478, -0.19091264, -0.25189159, -0.14122583,  0.01131724,  0.07606749,  0.04567358,  0.01830819,  0.06554513,  0.15954563,  0.18283128,  0.06988867, -0.10281044, -0.17561787, -0.08517211,  0.08496669,  0.16207041,  0.05939079, -0.12312358, -0.21014728, -0.09927940,  0.15163953,  0.32723513,  0.26474496, -0.00243762, -0.24580950, -0.24971846, -0.02892761
  0.04387320,  0.00830660, -0.05581592, -0.05742400, -0.01396562,  0.04436441,  0.04646752,  0.02617510, -0.01630827, -0.03773890, -0.01180577,  0.00574459, -0.00114928,  0.01034884,  0.04630990,  0.06971783,  0.05080622, -0.00682805, -0.09895145, -0.14302869, -0.09195794,  0.03644598,  0.15064135,  0.13813657, -0.04743006, -0.28799022, -0.35270125, -0.14591144,  0.18648573,  0.38332399,  0.27315519, -0.04217979, -0.28522673, -0.25809723, -0.01548503,  0.21611447,  0.26469933,  0.11906258, -0.08387712, -0.16699315, -0.07664831,  0.06643391,  0.14953593,  0.15124133,  0.08971507,  0.02246982, -0.03055137, -0.07236077, -0.10483889, -0.09420885
 -0.06201694,  0.03176010,  0.05139290,  0.01225799, -0.02393252, -0.02524052,  0.00754597,  0.02923783,  0.02697735, -0.00062500, -0.01869456, -0.01502619, -0.02283783, -0.05741320, -0.07055261, -0.02238162,  0.06109983,  0.12293398,  0.10438663, -0.00639292, -0.12330711, -0.14190957, -0.01005695,  0.19107609,  0.29861080,  0.17366372, -0.12682597, -0.36530606, -0.33094677, -0.03926487,  0.26862157,  0.34165726,  0.13626915, -0.15413548, -0.29193585, -0.19394202,  0.02829712,  0.17576543,  0.14845890, -0.00692130, -0.14160172, -0.16072400, -0.08999236,  0.00239453,  0.06545216,  0.09294468,  0.10184700,  0.08366480,  0.01959954, -0.07391030
  0.04171215,  0.11563008,  0.08908409, -0.05959628, -0.14421671, -0.17236077, -0.07862144, -0.07768481, -0.04570911,  0.05066255,  0.12364891,  0.18107994,  0.21045434,  0.16205087,  0.10179622,  0.09151550,  0.08037616, -0.02182011, -0.13426050, -0.25942879, -0.31486310, -0.29015795, -0.21756433, -0.14849500, -0.06466500,  0.01897943,  0.03117085, -0.01467254, -0.06707042, -0.09137320, -0.04511719,  0.01816844,  0.03921659,  0.01157792, -0.01673213, -0.00502422,  0.05007476,  0.12199352,  0.21937815,  0.26525350,  0.23832093,  0.22153716,  0.20519323,  0.13010800,  0.05385728, -0.01965464, -0.06519800, -0.12878035, -0.18982572, -0.19953716
 -0.18626457,  0.06249297,  0.25368156,  0.23717509,  0.05853868, -0.15901261, -0.17472329, -0.08404694, -0.01292570, -0.08195864, -0.14173946, -0.06251619,  0.03747213,  0.02008278, -0.00859409,  0.08656625,  0.21828405,  0.30464187,  0.29019078,  0.18063028,  0.02992251, -0.09224364, -0.16101666, -0.18206779, -0.10859197, -0.00473640,  0.00387208, -0.03351382, -0.05366015, -0.06122020, -0.11554248, -0.16103524, -0.18601904, -0.12377836, -0.02643760,  0.02551822, -0.02913761, -0.14371540, -0.18314477, -0.16049648, -0.07274627,  0.04094939,  0.14569943,  0.21455542,  0.21966376,  0.20882999,  0.17798274,  0.09745953, -0.00208992, -0.10121894
  0.11006602, -0.01745655, -0.15402939, -0.09635529,  0.05115097,  0.13079205,  0.04046473,  0.00473715,  0.03884018,  0.03759605, -0.07390375, -0.19969843, -0.12452766,  0.13725944,  0.25470295,  0.05357291, -0.20062503, -0.17615103,  0.06095930,  0.23401529,  0.11807615, -0.16076618, -0.25639217, -0.04979173,  0.16158824,  0.11303607, -0.08145187, -0.19169252, -0.11296432,  0.06496749,  0.14556609,  0.07219590, -0.00623291,  0.02926676,  0.12985169,  0.12795732, -0.02452007, -0.20875146, -0.22701626,  0.00458973,  0.26815350,  0.24346477, -0.01999022, -0.15567153, -0.02415110,  0.17462558,  0.17046983, -0.04391842, -0.22139605, -0.15052271
 -0.03620485,  0.06606802,  0.03426963, -0.06888285, -0.05587785,  0.04534264,  0.06898980, -0.06464924, -0.08901204,  0.09001424,  0.18031644,  0.01478998, -0.19357437, -0.18509474,  0.05599730,  0.24502528,  0.13915494, -0.15965178, -0.24380741, -0.03939964,  0.21880885,  0.19262898, -0.05188420, -0.22151264, -0.11241490,  0.10297144,  0.16565400, -0.00260510, -0.16765211, -0.14111851,  0.02652405,  0.10746201,  0.04688188, -0.08704612, -0.12162619,  0.01659179,  0.19778111,  0.14428698, -0.10497379, -0.24952620, -0.11164964,  0.17389795,  0.24260140,  0.00276881, -0.20630688, -0.12918113,  0.14624770,  0.25082390,  0.04606843, -0.17823641
  0.08315214, -0.00095839, -0.14787035, -0.08807153,  0.00331733,  0.14022003,  0.12253605,  0.15450425, -0.00074159, -0.12564881, -0.02933789, -0.05948808, -0.23605441, -0.17441941,  0.06648575,  0.18265326,  0.19207721,  0.18075395, -0.02300930, -0.15511772, -0.12432199, -0.05248397,  0.01734591,  0.14976299,  0.14027741, -0.06081732, -0.11580866, -0.04891184, -0.09383854, -0.16341628, -0.10301379,  0.05536290,  0.19701413,  0.26062644,  0.14873491, -0.09341723, -0.20305735, -0.14446567, -0.17122177, -0.18224656, -0.00925502,  0.15280524,  0.22350454,  0.28813265,  0.17497278, -0.08269590, -0.24334433, -0.11999407,  0.04267053,  0.07616878
  0.06044825,  0.05982112, -0.09983373, -0.20182822, -0.05652398,  0.19201460,  0.19224085, -0.08024000, -0.23794658,  0.00661559,  0.30486837,  0.23721835, -0.06669740, -0.23638954, -0.18119187, -0.07944838, -0.03472330,  0.00552710,  0.13638582,  0.20497169,  0.03133911, -0.20525788, -0.18681113, -0.00158153,  0.05155545, -0.01875198,  0.00031085,  0.10235656,  0.12836329, -0.02139892, -0.17558726, -0.11996919,  0.07523058,  0.10966223,  0.00673926,  0.04235566,  0.19647334,  0.18833284,  0.01014948, -0.10808019, -0.14210413, -0.15450593, -0.10473656,  0.03735575,  0.20590687,  0.24699509,  0.09420301, -0.12554408, -0.20047347, -0.08778175
  0.07368927, -0.09889511, -0.10096640,  0.02188092,  0.23472293,  0.10131867, -0.18393748, -0.36082084,  0.02646134,  0.41525698,  0.15507125, -0.22496049, -0.17442404,  0.03561231,  0.07448684,  0.00593153, -0.03350274,  0.00949678,  0.16024610,  0.01850744, -0.24768294, -0.11878895,  0.17563386,  0.09136344, -0.14383494, -0.02758544,  0.14465971,  0.11430361, -0.04197943, -0.15067250, -0.03784576,  0.15954337,  0.09104293, -0.18198197, -0.13924567,  0.18562145,  0.18866605, -0.09575775, -0.11259414,  0.04272031, -0.01403639, -0.07534310,  0.03680362,  0.08325084,  0.05793578, -0.02930255, -0.11226508, -0.12237612,  0.02515362,  0.09940436
 -0.16836686,  0.08617512,  0.21835034, -0.05348611, -0.16959075,  0.01745528, -0.01979466, -0.04717115,  0.17862629,  0.10879630, -0.16441528, -0.01261105,  0.10491090, -0.19073323, -0.12647582,  0.26981476,  0.10493780, -0.24866645, -0.02056368,  0.10231847, -0.13093927, -0.06936984,  0.11116707,  0.00046447,  0.08095749,  0.24749420, -0.04638932, -0.22819476,  0.15876275,  0.20264162, -0.20079616, -0.13985774,  0.21050879,  0.06065693, -0.11774856,  0.10234610,  0.09199741, -0.12553564, -0.06233673,  0.02739157, -0.10437247,  0.02556807,  0.15033138, -0.13044290, -0.16537278,  0.11737809, -0.01513217, -0.25095330,  0.00229893,  0.22795281
 -0.00434412, -0.14153439, -0.00174036,  0.11050906, -0.06788343, -0.14334910, -0.01087718,  0.10245379,  0.18509857,  0.21637383,  0.00537337, -0.17331212, -0.04211948, -0.00738741, -0.24807683, -0.20517884,  0.13938384,  0.11599000, -0.13795930, -0.10274801,  0.00572449, -0.05706163, -0.06985747, -0.00062941,  0.05602693,  0.23513688,  0.29916765, -0.00885917, -0.14762814,  0.15391873,  0.23369064, -0.09487697, -0.09156135,  0.24610502,  0.31331904,  0.15859319,  0.09903856,  0.04749233, -0.06499511, -0.08940559, -0.13643842, -0.16340607,  0.01647344,  0.11588085, -0.05096351, -0.10692122, -0.00274339, -0.12374486, -0.27441240, -0.08589709
 -0.06721024,  0.09058343, -0.04538869, -0.08376933,  0.07140076, -0.04114116, -0.18686621,  0.09472490,  0.26510155, -0.01095935, -0.03729432,  0.15233877, -0.05920943, -0.21866023,  0.04623050, -0.00187194, -0.22448142,  0.04085548,  0.19162399, -0.21488168, -0.11905480,  0.19672517, -0.05288100, -0.23320102,  0.16846652,  0.19006208, -0.05987978,  0.08006204,  0.15105405, -0.14162863, -0.03413425,  0.20304755, -0.03695056, -0.17161891,  0.25086152,  0.29328736, -0.05922322, -0.00786307,  0.16593122, -0.10373379, -0.20761404,  0.07387518, -0.01831142, -0.16481351,  0.10228840,  0.09308542, -0.13863911, -0.02247779,  0.03349535, -0.19135613
  0.22977928, -0.06458560, -0.23216489, -0.19453106,  0.07783133,  0.33212931,  0.10591890, -0.07742413, -0.04099267, -0.05496417, -0.15586699, -0.00646403,  0.20500859,  0.05131393, -0.13100443, -0.05760707, -0.00090573,  0.03545184,  0.11934226,  0.00536629, -0.11086644,  0.14516962,  0.16153101, -0.24533591, -0.25076527,  0.11075501,  0.04154082, -0.24693720, -0.10361078,  0.09208685, -0.02292098, -0.06273488,  0.05156646,  0.01608969,  0.03745107,  0.03028074, -0.14867341, -0.15902547,  0.17035657,  0.18893349, -0.17410203, -0.13658823,  0.23484465,  0.17281388, -0.05498165,  0.03029688,  0.15043573,  0.12071386,  0.00148088, -0.18531605
 -0.11741320,  0.26574398,  0.12041872, -0.22013060, -0.39139857, -0.00710727,  0.17853587,  0.21973491,  0.16748795,  0.03483433, -0.00116323, -0.02290466, -0.04224713, -0.03840382,  0.04318829,  0.01357131, -0.17917802, -0.13400352,  0.04775962,  0.02776865, -0.13128395, -0.08000855,  0.17543240,  0.06585638, -0.13451195, -0.10820924,  0.12813869, -0.02430836, -0.25151144, -0.14041450, -0.00156728, -0.07440183, -0.11865165, -0.02167960,  0.09795177,  0.18878673,  0.13237506, -0.12223560, -0.14076528,  0.11440527,  0.11678768, -0.17206114, -0.16629508,  0.15842656,  0.16657562,  0.00925755,  0.00502068,  0.20992658,  0.20358681, -0.04919413
  0.13080269,  0.07648835, -0.09219433, -0.10918096, -0.03686325, -0.11816919,  0.00614765,  0.05714843,  0.06691564,  0.28012595,  0.19140800, -0.10992738, -0.12041674,  0.16437332,  0.06177575, -0.22861764,  0.02928343,  0.05894334, -0.15258552, -0.17810539,  0.09349878,  0.07361168, -0.14019707, -0.02586872,  0.03399884, -0.01510016, -0.18474007, -0.22278466, -0.10252597, -0.14518843, -0.16134253, -0.25138397, -0.13614272, -0.04390271,  0.02474711,  0.04109783, -0.07473740,  0.06386591,  0.12619074,  0.01332127, -0.15396093,  0.05409230,  0.15629461, -0.09684481,  0.07187136,  0.26235762,  0.17888551,  0.00200626,  0.18073350,  0.40163092
  0.16302299, -0.19510712, -0.02809725,  0.06068151, -0.08471174, -0.04901508,  0.16370119, -0.01522564,  0.01799475,  0.20130834, -0.11551124, -0.21753490,  0.23453778,  0.10867198, -0.31591204,  0.02145095,  0.20709032, -0.20649345, -0.10366938,  0.17096988, -0.00509948, -0.12427977,  0.05778534,  0.00717989, -0.04597275, -0.01355798, -0.09011351,  0.00730347,  0.05403835, -0.11177084, -0.09894600,  0.08692746,  0.03935353, -0.08910975,  0.14539346, -0.00291865, -0.05558361,  0.11657055,  0.08240942, -0.21398780,  0.00239181,  0.22944718, -0.11080534, -0.15777857,  0.27544036,  0.08025368, -0.18994738,  0.10881960,  0.24232588, -0.24375383
  0.06927022, -0.10033237,  0.13041613, -0.13794674, -0.00432435,  0.11437520, -0.02098100, -0.19192225,  0.07982577,  0.27022385, -0.24321201,  0.06137072,  0.13119568, -0.13896221,  0.03188170,  0.05074618,  0.00371513, -0.13898401,  0.16915610, -0.10677363, -0.08837301,  0.22206587, -0.17696026, -0.01564624,  0.04596396,  0.09196286, -0.20399235, -0.01558544,  0.10097486, -0.17544296,  0.11103416, -0.14192828, -0.07629427,  0.09256210,  0.02141639, -0.13007500, -0.05793090,  0.26671456, -0.19467896, -0.00437068,  0.15526333, -0.08006835, -0.08190249,  0.07459047,  0.22108392, -0.30553085,  0.13455742,  0.18474665, -0.17595438,  0.17321437
 -0.02114977,  0.03554969, -0.06197750,  0.18102538, -0.18755283,  0.12198939, -0.06916434,  0.05963495, -0.17924251,  0.05769532,  0.11902967, -0.12810781,  0.12616589, -0.11609535,  0.07406163,  0.01951900, -0.03822291,  0.08566469, -0.12408478,  0.21827771, -0.27140660,  0.18746607, -0.01571259, -0.07175954,  0.05342292, -0.05950568,  0.16018103, -0.18936158,  0.11304189, -0.03823144, -0.03361162,  0.17387029, -0.27642709,  0.17967949, -0.15940701,  0.15633992, -0.18869898,  0.05960994,  0.08078234, -0.14569034,  0.15327665, -0.09009172,  0.05743469, -0.05381317, -0.04180616,  0.17496276, -0.26444673,  0.24209097, -0.22771913,  0.16249600
 -0.12311368,  0.04694659,  0.17402035, -0.01406580, -0.03294983, -0.00728651,  0.17527835, -0.16495171, -0.31437067,  0.02496281,  0.21979889, -0.02849337, -0.21745828,  0.08910913,  0.13032488,  0.02478821, -0.03780083,  0.03726890,  0.18201473, -0.09111029, -0.06520589,  0.08480634,  0.18396554, -0.17972530, -0.14103273,  0.32860928,  0.07110961, -0.19749158, -0.04204140,  0.28673949,  0.11304759, -0.13193192, -0.05686068, -0.01163838,  0.13925904, -0.15614203, -0.14733925,  0.05841575,  0.03239484, -0.06831825,  0.03232894,  0.16108185, -0.20949667, -0.09124119,  0.19422552, -0.07108688, -0.19967281, -0.11646062,  0.09748800,  0.02901461
 -0.10219100,  0.20236212, -0.06938788, -0.06376281, -0.00731862,  0.04971634,  0.03070689, -0.20276604,  0.13780591,  0.08741547,  0.06238060, -0.25170471,  0.05190291,  0.17075549, -0.08259652, -0.02394275, -0.09278848,  0.18700108, -0.08650952, -0.12627003,  0.12574350,  0.01780555,  0.03251626, -0.29444913,  0.33341231,  0.01336425, -0.17611072, -0.02926623,  0.15004714,  0.15562199, -0.29543142,  0.08105903,  0.01360687,  0.10899214, -0.03861813, -0.16347145,  0.23526279, -0.06314554, -0.00539327, -0.05600286,  0.13295124, -0.07159880, -0.19624722,  0.28960277, -0.11312240, -0.04560054, -0.09107973,  0.14489301,  0.04756820, -0.11373384
 -0.15279208,  0.21208708,  0.00440500, -0.20711006,  0.19531456, -0.02191309, -0.06793281,  0.08202867, -0.08659762,  0.04988905, -0.07343734, -0.05022352, -0.01265714,  0.05609631,  0.06918634, -0.20221929,  0.15322537,  0.07810002, -0.12872367, -0.01320055,  0.13979074,  0.04298806, -0.22226624,  0.20983080, -0.08219922,  0.07042438,  0.07361819, -0.13392232,  0.16343459,  0.11309526, -0.03279778, -0.11848453,  0.24532342,  0.05433298, -0.27725097,  0.27314393, -0.01758160, -0.12711034, -0.00358911,  0.09112610, -0.04733216, -0.02534417,  0.00270294, -0.15262653,  0.28784200, -0.21817608, -0.20672118,  0.22365536, -0.03302481, -0.17660718
 -0.06312125,  0.13493907, -0.14127224,  0.14343543, -0.09677812,  0.08917869,  0.00156762, -0.09335397,  0.00341478, -0.06076531,  0.06319068, -0.06987367,  0.11226484, -0.10910980,  0.09038078, -0.08848527,  0.15106391, -0.07731747,  0.06433549, -0.08878668,  0.14248341, -0.11134980,  0.12555991, -0.17403988,  0.20960889, -0.20565326,  0.23568764, -0.22431496,  0.24081969, -0.24079064,  0.27522492, -0.17353106,  0.12625056, -0.15675685,  0.11607860, -0.09400907,  0.07195543, -0.15879285,  0.14748514, -0.13923381,  0.19589263, -0.19194420,  0.14731270, -0.15281297,  0.14522547, -0.13851489,  0.08980361, -0.13713903,  0.05217205,  0.01232129
  0.02617875, -0.15182718,  0.27530428, -0.20232006, -0.02742843,  0.24462130, -0.05637009, -0.11198363, -0.06240567,  0.01490273, -0.02762310, -0.02260353,  0.11220964, -0.02612855, -0.06716662,  0.01768968,  0.04031006,  0.12979466, -0.04961072, -0.11099165,  0.05339954,  0.23232048, -0.20889515, -0.03053124,  0.12927171, -0.11405803,  0.05022989,  0.13361991, -0.17525819, -0.00407217,  0.22079730, -0.02600299, -0.13791833,  0.12184265, -0.04868658, -0.12926004,  0.21030175, -0.15436316, -0.10972788,  0.14506870,  0.04796774, -0.09078433,  0.13346287, -0.22343481,  0.03867333,  0.28736722, -0.27839978, -0.16180870,  0.25141981, -0.10722119
  0.08718108, -0.19153106,  0.10329693,  0.00453761, -0.10671144, -0.06620059,  0.05253158,  0.27086056,  0.01655455, -0.07391712, -0.04047648, -0.09128774, -0.04406616,  0.14681051,  0.09388109, -0.26180170, -0.14702736,  0.18772857,  0.09399508, -0.05661971, -0.28085311,  0.20231697,  0.07630636, -0.01566104, -0.14952796,  0.07113630,  0.01241290, -0.05594713,  0.15990172, -0.06618864, -0.14213069, -0.02169274,  0.28367798,  0.07235428, -0.14807138, -0.07425652,  0.24629980,  0.14341714, -0.15687101, -0.26429934,  0.21889315, -0.02468944,  0.12548495, -0.14784153, -0.03563351,  0.04388542,  0.19478180, -0.11920398,  0.04263463, -0.16833218
  0.07634760, -0.09664012,  0.09650202, -0.20737466,  0.28294403, -0.19865810, -0.06060980, -0.03727708,  0.20713844,  0.02175713,  0.00788092, -0.02230486,  0.02288997, -0.12731894,  0.12995488,  0.12690400, -0.24880266, -0.04612069,  0.08795956,  0.08038717, -0.07336656, -0.14727969,  0.06387308,  0.08184193,  0.00874922, -0.21575313,  0.17477890, -0.07916902, -0.11748131,  0.16760716, -0.05370751, -0.17396724, -0.08191453,  0.25000930,  0.01336618, -0.25502794,  0.15041269, -0.05195050,  0.33664029, -0.26706437, -0.06438721,  0.07010944,  0.12130197, -0.10539820,  0.06895192, -0.03937321, -0.03875938,  0.22361352, -0.04936591, -0.01271025
  0.03830434, -0.19416291,  0.27340472, -0.12534867,  0.07050547, -0.06345582, -0.05917277,  0.07236623, -0.10178773,  0.01281736,  0.18579283, -0.01505298, -0.16921851,  0.02416948,  0.01132613,  0.11123118, -0.00184403, -0.04980501, -0.20756315,  0.27876837, -0.06987956,  0.04591850, -0.18428340,  0.07890116,  0.04046752,  0.12884331, -0.15679815, -0.07328669,  0.14987469,  0.02139809, -0.10116914,  0.11609794, -0.07238498, -0.18528963,  0.25532919, -0.00222919, -0.07077340, -0.16312684,  0.20448115, -0.00571747,  0.16356863, -0.41184781,  0.14887353,  0.14178406,  0.00810652, -0.20361680,  0.08707907, -0.05913652,  0.15682749, -0.07928603
  0.16222463, -0.21437606,  0.03474117, -0.07388794,  0.11765511, -0.06446653,  0.11514216, -0.04687956,  0.08641015, -0.14351019, -0.04180673,  0.23393199,  0.09003876, -0.14716939, -0.12993799,  0.02296790,  0.06263674,  0.16210951, -0.21806457, -0.12169158,  0.08886509,  0.09118344,  0.00497172, -0.11915260, -0.06248050,  0.01760497,  0.15525318, -0.14991028, -0.18595612,  0.06920963, -0.14205239,  0.13526407,  0.05221000, -0.23780197, -0.05902990,  0.15988849,  0.13518809, -0.22607949,  0.01325828, -0.12066771,  0.29637474,  0.06820503, -0.27900438,  0.01589979,  0.20330789,  0.03058292,  0.04591304, -0.03554396, -0.15428127,  0.30295793
 -0.04550813,  0.02620402,  0.12336275, -0.24595159,  0.17937377, -0.09818024,  0.18910643, -0.21175358,  0.26000883, -0.31524709,  0.21838351, -0.23083568,  0.20900282, -0.15653072,  0.17043485, -0.24917669,  0.24279776, -0.13249137,  0.07526152, -0.05008549,  0.05642099, -0.05460061,  0.03955282,  0.07189611, -0.11373352,  0.05548766,  0.03425506, -0.04344609,  0.07188903, -0.04475348, -0.06950473,  0.24765020, -0.22001438,  0.12106222, -0.02773025,  0.07853569, -0.16638373,  0.17051068, -0.13090453, -0.00092973,  0.05000521, -0.04025727,  0.03000637,  0.00635286, -0.07894442,  0.04724496,  0.05284065, -0.13286404,  0.05771701, -0.02558553
 -0.19034166,  0.19212458,  0.17972678, -0.31153062,  0.04885849,  0.03928529,  0.19540323, -0.01566763, -0.17656360,  0.13594307, -0.27417692,  0.02320584, -0.05989892,  0.27498179, -0.19756406,  0.00580272, -0.02723484,  0.13175393,  0.06825577, -0.12489893,  0.11565889, -0.11499803,  0.11333768,  0.12823734, -0.09974325, -0.02933079,  0.06950097,  0.06345736,  0.11698379, -0.16671041,  0.00507331,  0.26086732, -0.06849084, -0.09912773,  0.17667091, -0.07540129, -0.04749016, -0.03915835,  0.07112722, -0.18039001,  0.04923743, -0.03529853,  0.18046775, -0.12940568, -0.15603483,  0.09591299, -0.00857628,  0.03626027, -0.29425785,  0.14397534
 -0.07827805,  0.21492366, -0.22131314,  0.06223991,  0.07117281, -0.11664556,  0.17871614, -0.17784199,  0.13538198, -0.12357289,  0.05307365, -0.03172320,  0.03327051,  0.07826057, -0.22205415,  0.25319226, -0.23108310,  0.25041687, -0.22711583,  0.16083336, -0.10492656,  0.03018345,  0.06923657, -0.05134923, -0.04934422,  0.12116100, -0.13002142,  0.13961939, -0.08218642, -0.04874880,  0.09310443,  0.01680670, -0.12238431,  0.14206386, -0.09872904,  0.03660299, -0.01976075,  0.04080717, -0.08679040,  0.04133491,  0.03231168, -0.09279315,  0.20291145, -0.31155622,  0.28167026, -0.19529447,  0.15916961, -0.13964434,  0.04160397,  0.02308304
 -0.05569929, -0.06064591,  0.21805458,  0.02449433, -0.30641164,  0.16416749,  0.17875305, -0.17619754, -0.01412636,  0.02296658,  0.04364970, -0.26473660,  0.16755643, -0.05250966,  0.12441432, -0.03991467, -0.15235209,  0.18260474,  0.01371846, -0.01028737, -0.03512150,  0.10438107, -0.15167545,  0.12281062,  0.15172131, -0.25628817,  0.08468266,  0.16585899, -0.13582486,  0.18050747, -0.13357637,  0.03777032,  0.18022558, -0.17719340,  0.04671801,  0.13884736, -0.19456326, -0.02441255,  0.14739352, -0.03181169, -0.21649505,  0.16554356,  0.01637227, -0.04498160,  0.03076133, -0.23189123,  0.21803211, -0.07930919, -0.09055805,  0.00442784
  0.06008591, -0.14926263,  0.07295831,  0.04495796,  0.01832416, -0.19306395,  0.19497083,  0.01743152,  0.01950240, -0.20385493,  0.24946934, -0.14201745, -0.08994896,  0.20824003, -0.22551978,  0.14974355,  0.03020328, -0.25000581,  0.31814398, -0.18504193,  0.00776030,  0.08372388, -0.02337540, -0.10558837,  0.16462008, -0.03990807, -0.12925507,  0.16032244, -0.10145524,  0.01269227,  0.06771969, -0.15221113,  0.18672288, -0.04018055, -0.15167999,  0.22623450, -0.08323045, -0.06002817,  0.02086567, -0.00466624,  0.08562790, -0.18787010,  0.15750551, -0.03544616, -0.01396136,  0.06086824, -0.15528301,  0.22878645, -0.19711434,  0.07249372
  0.03787620, -0.02294685, -0.05929508,  0.02175920,  0.09348855, -0.08978371, -0.10253444,  0.26425079, -0.20092770,  0.03283491,  0.17551850, -0.29374516,  0.34980840, -0.24412097, -0.03459708,  0.24273795, -0.25813564,  0.11393034,  0.05329740, -0.20410846,  0.20495533, -0.10151981, -0.01646651,  0.08233434, -0.12079760,  0.07099236,  0.03635940, -0.11886169,  0.03670499,  0.04523508, -0.10968981,  0.03612865,  0.08228055, -0.18961594,  0.19109964, -0.13824272,  0.05004292,  0.12814747, -0.25922736,  0.20209317, -0.01441931, -0.08848887,  0.08406469, -0.05850135,  0.04315100,  0.03688633, -0.06176119,  0.07510790, -0.04884896,  0.04560854
  0.00506061, -0.07996350,  0.09066522, -0.01968599,  0.01687891, -0.15061893,  0.19024280,  0.12290814, -0.18987302,  0.03221798, -0.00872235, -0.08941014,  0.11145754, -0.18286324,  0.25500001, -0.24913942,  0.12833687,  0.02148892, -0.10233607,  0.15625615, -0.09423453, -0.06278682,  0.23986657, -0.22573361,  0.09392417,  0.14265989, -0.28746842,  0.23078391, -0.01212053, -0.12812068,  0.08000495,  0.04866294, -0.01719128,  0.00882238,  0.02425013, -0.09206720,  0.24960548, -0.29010857,  0.01474365,  0.17656670, -0.20934184,  0.07814528,  0.04803385, -0.07426928,  0.06706870, -0.06118263, -0.02421647,  0.13244013, -0.21710618,  0.10243578
  0.11334781, -0.24473862,  0.10617946,  0.18373801, -0.23564100,  0.02742500,  0.17503285, -0.29094909,  0.19701182,  0.01989120, -0.10090263,  0.16481302, -0.12402766, -0.10268768,  0.22586073, -0.03609141, -0.20729965,  0.22888836, -0.12208864, -0.07370489,  0.28590846, -0.29422346,  0.07975467,  0.06014758, -0.12640360,  0.15121440, -0.11451806, -0.04907722,  0.12340137, -0.04449848,  0.02065134, -0.07865876,  0.06548660, -0.00072255, -0.04243417,  0.08946744, -0.09752329,  0.06287270,  0.00493327,  0.03217051,  0.02192177, -0.15555843,  0.15179723, -0.01850547, -0.04301783,  0.11918912, -0.21588748,  0.18996948,  0.00849435, -0.09040491
  0.00990843,  0.01676228, -0.17236167,  0.22560717, -0.02061498, -0.28053117,  0.36499132, -0.03122883, -0.22182295,  0.22207817, -0.15554030,  0.01949565,  0.07668890, -0.15411031,  0.06609984,  0.07598348, -0.06498824, -0.09992860,  0.22618385, -0.21131885,  0.07992771,  0.13199956, -0.22495339,  0.17130976, -0.07602331,  0.04453704, -0.01581877, -0.04020999,  0.04778036, -0.00156013, -0.05081507,  0.14899919, -0.17631393,  0.19425195, -0.14026090,  0.07153556,  0.11707989, -0.26797090,  0.17284014, -0.04482062,  0.03057513, -0.06177376, -0.00669743,  0.09010392, -0.05450559, -0.01332303,  0.07529502, -0.15967634,  0.15975169, -0.09263661
  0.00292173,  0.03595868, -0.09415744,  0.08200398, -0.01095502, -0.00956069, -0.04327327,  0.05404341, -0.07973313,  0.15280998, -0.18223614,  0.17965827, -0.09011896, -0.04352231,  0.13216538, -0.15667189,  0.15636574, -0.13784582,  0.08180886, -0.04981914,  0.05859211, -0.08697058,  0.11753893, -0.16416237,  0.16503088, -0.11838785,  0.02592848,  0.10611959, -0.27490329,  0.38131360, -0.34250511,  0.19389618, -0.06416787, -0.02150602,  0.05029869, -0.01474693, -0.07867136,  0.17039685, -0.14265169,  0.02283546,  0.14337719, -0.25177390,  0.26260838, -0.22098844,  0.15906299, -0.06533139, -0.00033081,  0.00359868,  0.03977098, -0.03310595
  0.07187661, -0.15678200,  0.05501111,  0.09974665, -0.08007754, -0.07857727,  0.14574162, -0.06800247,  0.09438339, -0.11589715,  0.03203133,  0.10552128, -0.23357634,  0.18949251, -0.08695753,  0.03373503, -0.00194332, -0.05785977,  0.05660459,  0.01065563, -0.05569087,  0.08068782, -0.07162936, -0.00542082,  0.11156103, -0.18634245,  0.24562519, -0.32060063,  0.26712555, -0.06188695, -0.15307041,  0.21890341, -0.13278735,  0.03206626,  0.07378595, -0.13790263,  0.16028390, -0.03701213, -0.20930371,  0.36277232, -0.30419181,  0.10320963,  0.04458189, -0.09256374,  0.14185374, -0.10951610, -0.00536942,  0.09775332, -0.07643198,  0.00438563
 -0.05706237,  0.12893870, -0.10806759, -0.03510780,  0.21812970, -0.32950018,  0.32747337, -0.17085165,  0.00208485,  0.08866747, -0.14580119,  0.07323969,  0.02210487, -0.09488310,  0.09428447, -0.04041399, -0.00919837,  0.06738409, -0.13140854,  0.20767139, -0.23370931,  0.21194913, -0.10733211, -0.01467537,  0.12100980, -0.15052382,  0.12511126, -0.03452005, -0.02295906,  0.02463103,  0.08422128, -0.17345741,  0.24848344, -0.24231874,  0.19403057, -0.06124414, -0.08171276,  0.15722580, -0.16748062,  0.07605049,  0.02791280, -0.07117740,  0.00799056,  0.09761830, -0.19153417,  0.20677015, -0.15827724,  0.02951268,  0.03675917, -0.04607777
 -0.06100525,  0.17411028, -0.20296276,  0.18456016, -0.16862701,  0.14057681, -0.04121967, -0.15579264,  0.22011579, -0.16586311,  0.08734042, -0.01572876,  0.00099828,  0.01475878,  0.03207056, -0.10896360,  0.14282306, -0.10284350,  0.05768090,  0.00350353, -0.09584399,  0.16977602, -0.23390515,  0.28461633, -0.26952668,  0.18628244, -0.10144962,  0.08962153, -0.10150640,  0.10833521, -0.09544446,  0.03072111,  0.04569259, -0.15723312,  0.23743914, -0.29786245,  0.23899819, -0.13502442,  0.08616722, -0.06898987,  0.04615232, -0.03617338,  0.07660137, -0.10301161,  0.02723589,  0.06185605, -0.12782265,  0.16159316, -0.14415327,  0.08132834
