 -0.02428188, -0.02989118, -0.03559609, -0.04172796, -0.04769495, -0.05383131, -0.06009795, -0.06698463, -0.07294137, -0.07740266, -0.08152106, -0.08557244, -0.08958869, -0.09394517, -0.09847489, -0.10280500, -0.10665327, -0.11068576, -0.11462382, -0.11902405, -0.12315104, -0.12693841, -0.13044456, -0.13394942, -0.13733898, -0.14056807, -0.14351954, -0.14644089, -0.14933742, -0.15243744, -0.15531721, -0.15829324, -0.16114385, -0.16408980, -0.16710688, -0.17024854, -0.17347374, -0.17670138, -0.17972478, -0.18256385, -0.18556657, -0.18816290, -0.19085367, -0.19408804, -0.19695571, -0.19950215, -0.20160657, -0.20359666, -0.20592609, -0.20858351
  0.17264197,  0.19169789,  0.21299657,  0.23337662,  0.25063746,  0.26271038,  0.26983436,  0.27055850,  0.26490952,  0.25350339,  0.23888506,  0.22254520,  0.20459028,  0.18547270,  0.16600943,  0.14668864,  0.12725474,  0.10869732,  0.09145444,  0.07628383,  0.06234076,  0.04951700,  0.03741294,  0.02618660,  0.01589988,  0.00660356, -0.00248140, -0.01067770, -0.01818185, -0.02472928, -0.03071282, -0.03605966, -0.04170403, -0.04678353, -0.05141033, -0.05588771, -0.06080386, -0.06582374, -0.07040908, -0.07507022, -0.07944777, -0.08426050, -0.08897449, -0.09340668, -0.09847151, -0.10392804, -0.10981341, -0.11603982, -0.12160350, -0.12649512
  0.40309368,  0.41148223,  0.37526910,  0.30991890,  0.22402141,  0.13506555,  0.04710231, -0.02133082, -0.07471073, -0.11561009, -0.14787378, -0.17500111, -0.19322598, -0.19892035, -0.19553518, -0.18665221, -0.17127577, -0.15049115, -0.12935668, -0.10953666, -0.09200658, -0.07731087, -0.06307710, -0.04845515, -0.03505354, -0.02376520, -0.01102198,  0.00030646,  0.01047912,  0.01866849,  0.02368349,  0.02665212,  0.03122733,  0.03351305,  0.03418679,  0.03562806,  0.04133212,  0.04822775,  0.05083236,  0.05157782,  0.05046076,  0.04784101,  0.04414636,  0.04179950,  0.04062509,  0.03992022,  0.03987732,  0.04271847,  0.04606592,  0.05046001
 -0.59976583, -0.26061368,  0.00182175,  0.18720305,  0.26939907,  0.28667565,  0.21619363,  0.15211462,  0.10829810,  0.09418005,  0.08240793,  0.04313685, -0.01135687, -0.05905973, -0.10111076, -0.14317640, -0.16427031, -0.16172058, -0.14773278, -0.13850295, -0.12807665, -0.12437541, -0.11671835, -0.10523061, -0.09457404, -0.09387691, -0.07683250, -0.06127425, -0.04162669, -0.02617967, -0.01940408, -0.02268457, -0.00634362,  0.00071773, -0.00904403, -0.02503611, -0.01630543,  0.01384458,  0.03696082,  0.06293049,  0.08014100,  0.09490707,  0.09630921,  0.08844303,  0.08412944,  0.07813845,  0.06954531,  0.07080121,  0.06156842,  0.04197011
 -0.07666496, -0.02683834,  0.00491557,  0.02697942,  0.03214728,  0.02995823,  0.02887142,  0.04143987,  0.03632863, -0.00931313, -0.07053273, -0.12478046, -0.15607590, -0.15225744, -0.11727538, -0.06674368, -0.01815232,  0.03921529,  0.10031105,  0.17080299,  0.22629935,  0.24823043,  0.23277673,  0.19108887,  0.13460075,  0.06860864, -0.00504587, -0.07854261, -0.14562542, -0.19241795, -0.22091022, -0.22081726, -0.19611301, -0.14606947, -0.07891552,  0.00045525,  0.08770491,  0.16817801,  0.22444564,  0.24337337,  0.23184951,  0.18527563,  0.12347016,  0.06932719,  0.00808919, -0.06178311, -0.13744713, -0.20002830, -0.22305520, -0.19683266
  0.06905254,  0.00835293, -0.02905226, -0.05253069, -0.04645092, -0.03083302, -0.00173468,  0.01296728,  0.04082200,  0.07763702,  0.08810604,  0.06899376,  0.02971452, -0.02654131, -0.08365312, -0.12418761, -0.14346436, -0.15216345, -0.13724781, -0.10390151, -0.04209415,  0.03653432,  0.11435850,  0.17649629,  0.22188830,  0.25070634,  0.25885660,  0.24251227,  0.19793174,  0.12635575,  0.04306016, -0.04930455, -0.13890644, -0.21308173, -0.26216107, -0.28618288, -0.28105289, -0.24446563, -0.17322897, -0.08506738,  0.00180483,  0.08296362,  0.14023655,  0.16357887,  0.16776241,  0.14744778,  0.10509068,  0.03508977, -0.05134478, -0.12877009
  0.10581298,  0.01211488, -0.10447582, -0.17085583, -0.13422606, -0.01489988,  0.13840672,  0.23519428,  0.23944151,  0.14717077,  0.00314569, -0.13445866, -0.22608242, -0.23316422, -0.14182843,  0.01100628,  0.15102347,  0.21944662,  0.19275806,  0.09100279, -0.04758183, -0.16849173, -0.24026309, -0.24088456, -0.17829878, -0.07537241,  0.02837076,  0.12082658,  0.17844878,  0.18726548,  0.13997439,  0.04118700, -0.08651667, -0.17973659, -0.19783812, -0.14749191, -0.06712257,  0.02553276,  0.11056996,  0.15872755,  0.16120133,  0.11272118,  0.02947615, -0.05684776, -0.10927580, -0.10369866, -0.04992133,  0.01878146,  0.07875627,  0.10659435
 -0.01369682,  0.09479428,  0.10194962, -0.00105760, -0.11667601, -0.19752171, -0.16137145, -0.07405855,  0.06479350,  0.20159738,  0.25949095,  0.22469833,  0.09874276, -0.09256286, -0.25019534, -0.28011471, -0.18057123, -0.03029158,  0.11411104,  0.18713759,  0.19222843,  0.14837297,  0.06642497, -0.04773799, -0.15444816, -0.21307586, -0.22147771, -0.17148222, -0.07320268,  0.03853186,  0.14372971,  0.20898464,  0.20135757,  0.13135740,  0.03654439, -0.04853240, -0.12044036, -0.15986000, -0.12424322, -0.03119837,  0.07342436,  0.15739997,  0.17481814,  0.10498422,  0.00523863, -0.07002594, -0.08593192, -0.06718050, -0.03817918, -0.01112979
  0.03829873,  0.00434590, -0.04220116, -0.04202823, -0.02814377,  0.03214164,  0.07104601,  0.10022337,  0.00040798, -0.15420114, -0.15000468,  0.01498700,  0.17969082,  0.22044668,  0.08637396, -0.13430858, -0.25591180, -0.14525458,  0.06318472,  0.20782742,  0.13196983, -0.07630092, -0.21813946, -0.15276258,  0.03388127,  0.16298828,  0.13229362,  0.00802354, -0.07432562, -0.03664232,  0.03589944,  0.04736853, -0.04806552, -0.14852558, -0.13139521,  0.01741036,  0.15856912,  0.16159525, -0.00308471, -0.17006407, -0.15915832,  0.00815677,  0.20759034,  0.26945773,  0.08256252, -0.19184721, -0.32884276, -0.18815715,  0.10878687,  0.28164852
 -0.04210749,  0.02726392,  0.03926818,  0.00429662, -0.05068427, -0.06990500, -0.02439885,  0.08408287,  0.15253554,  0.06171652, -0.11718545, -0.20615680, -0.12866742,  0.05369533,  0.19819470,  0.17834415, -0.00101243, -0.16770940, -0.16910410,  0.00261723,  0.18527868,  0.20129398,  0.02668124, -0.18396319, -0.25199849, -0.14682130,  0.00514276,  0.07297903,  0.04450577,  0.01514521,  0.05980240,  0.15367356,  0.18041707,  0.07209356, -0.09885319, -0.17455295, -0.08839212,  0.08061240,  0.16234538,  0.06457084, -0.11823902, -0.20962654, -0.10366864,  0.14612510,  0.32804793,  0.27368907,  0.00946533, -0.24097984, -0.25647950, -0.04132643
  0.07419660,  0.02983772, -0.04948469, -0.07557026, -0.04058399,  0.01688033,  0.03705511,  0.02013930, -0.01430934, -0.02009951,  0.01415464,  0.03649365,  0.03248332,  0.03884670,  0.06647421,  0.08407812,  0.05663084, -0.02076591, -0.12794542, -0.18085157, -0.12682358,  0.01196864,  0.13337172,  0.12166673, -0.06066442, -0.28956359, -0.34797530, -0.14572133,  0.16964984,  0.34638289,  0.23247146, -0.06990187, -0.29631946, -0.25699421, -0.00877521,  0.22214772,  0.26650406,  0.12134213, -0.06839691, -0.13983247, -0.04816563,  0.09329920,  0.17331397,  0.16613939,  0.09966922,  0.02886687, -0.02671201, -0.07836252, -0.12075831, -0.11109002
 -0.06366847,  0.03002798,  0.04924211,  0.01247386, -0.02134567, -0.02081466,  0.01002065,  0.03001489,  0.02533106, -0.00396411, -0.02143477, -0.01731250, -0.02532650, -0.05893737, -0.07018748, -0.02080829,  0.06277471,  0.12427611,  0.10395368, -0.00757634, -0.12293902, -0.13816353, -0.00332899,  0.19686280,  0.29772069,  0.16424336, -0.13761939, -0.36745277, -0.32002327, -0.02086043,  0.28206927,  0.34203012,  0.12673985, -0.16336924, -0.29312655, -0.18750844,  0.03618618,  0.17821112,  0.14298957, -0.01560991, -0.14681440, -0.16072144, -0.08719323,  0.00529449,  0.06604624,  0.09108744,  0.09823586,  0.07947228,  0.01519939, -0.07763396
  0.10001604,  0.13756482,  0.08347501, -0.08667469, -0.17128979, -0.19279213, -0.07494331, -0.05863246, -0.01239454,  0.08901761,  0.14971540,  0.19443949,  0.21933329,  0.17088797,  0.10698880,  0.08782934,  0.06748564, -0.03931323, -0.14226234, -0.25094182, -0.29588407, -0.27033498, -0.20779620, -0.14220047, -0.04837247,  0.05211367,  0.05407366, -0.03469295, -0.14711378, -0.20728955, -0.14090403, -0.02243317,  0.03800356,  0.01597900, -0.02737605, -0.03198486,  0.01379977,  0.09373534,  0.20894820,  0.25938879,  0.22049057,  0.19048481,  0.17364174,  0.11208273,  0.06262990,  0.01462890, -0.01520887, -0.07821826, -0.14433377, -0.16261964
 -0.18529385,  0.06242379,  0.25291048,  0.23656560,  0.05867810, -0.15801810, -0.17360170, -0.08296696, -0.01199565, -0.08126651, -0.14158532, -0.06334415,  0.03580612,  0.01862900, -0.00923203,  0.08628918,  0.21781939,  0.30418147,  0.29041621,  0.18233727,  0.03291517, -0.08900908, -0.15876983, -0.18103370, -0.10838015, -0.00475561,  0.00382709, -0.03385316, -0.05467246, -0.06272636, -0.11694262, -0.16206068, -0.18690014, -0.12470360, -0.02716390,  0.02516883, -0.02949326, -0.14461484, -0.18516168, -0.16337967, -0.07561341,  0.03870529,  0.14410270,  0.21347797,  0.21921218,  0.20933874,  0.17957208,  0.09989580,  0.00052258, -0.09914862
  0.10798406, -0.01826343, -0.15251933, -0.09373086,  0.05219956,  0.12903473,  0.03798211,  0.00340727,  0.03791916,  0.03536623, -0.07609670, -0.19885038, -0.12067315,  0.14034089,  0.25438609,  0.05174775, -0.20047389, -0.17314842,  0.06354468,  0.23263024,  0.11280131, -0.16603490, -0.25833619, -0.04906853,  0.16234386,  0.11259114, -0.08201222, -0.19032014, -0.10931364,  0.06899443,  0.14773909,  0.07285264, -0.00551038,  0.03100699,  0.13138648,  0.12775935, -0.02601691, -0.20897562, -0.22382747,  0.00970535,  0.27177852,  0.24401305, -0.02039254, -0.15448189, -0.02230137,  0.17430220,  0.16652605, -0.04957489, -0.22547376, -0.15220178
 -0.02590219,  0.06621170,  0.02609043, -0.07600876, -0.05601741,  0.05147045,  0.07553512, -0.05721639, -0.08140304,  0.09471361,  0.17924515,  0.00846430, -0.20021603, -0.18604073,  0.05773185,  0.24115213,  0.13002851, -0.16485332, -0.23986208, -0.02789185,  0.23103151,  0.20215550, -0.04484711, -0.21422083, -0.10752291,  0.10224690,  0.16012806, -0.00914725, -0.17428499, -0.14842925,  0.01919768,  0.10078190,  0.04106024, -0.09073963, -0.12171212,  0.01709908,  0.19310875,  0.13471512, -0.11611722, -0.25839642, -0.11836689,  0.16514243,  0.23112554, -0.00514386, -0.20488380, -0.12022537,  0.15624718,  0.25943656,  0.05551946, -0.16687174
 -0.08275062,  0.00130231,  0.14770056,  0.08714984, -0.00496379, -0.14138455, -0.12284653, -0.15376531,  0.00138076,  0.12547671,  0.02934123,  0.06040670,  0.23711882,  0.17485335, -0.06651704, -0.18284296, -0.19260896, -0.18181855,  0.02120391,  0.15304852,  0.12252735,  0.05116604, -0.01875120, -0.15151878, -0.14213740,  0.05899683,  0.11403733,  0.04736579,  0.09267869,  0.16244589,  0.10196855, -0.05619057, -0.19711257, -0.25986732, -0.14747109,  0.09474494,  0.20444282,  0.14658063,  0.17398887,  0.18501930,  0.01167622, -0.15059791, -0.22131659, -0.28604140, -0.17316709,  0.08436015,  0.24488460,  0.12172370, -0.04077670, -0.07470543
  0.06989566,  0.06497374, -0.10431769, -0.21105173, -0.06097441,  0.19415833,  0.19765296, -0.07305307, -0.23203170,  0.00842223,  0.30433878,  0.23718447, -0.06640060, -0.23352037, -0.17686605, -0.08131299, -0.04279529,  0.00095016,  0.13905140,  0.20934368,  0.03529025, -0.19859406, -0.17968538,  0.00291689,  0.05029317, -0.02655951, -0.01024111,  0.09544916,  0.12215652, -0.03306517, -0.18807910, -0.12777468,  0.06880397,  0.10213413,  0.00240689,  0.04037551,  0.19083948,  0.18207840,  0.00766496, -0.10823894, -0.14389937, -0.15939397, -0.11151045,  0.03423131,  0.21154988,  0.25655479,  0.10264786, -0.11455633, -0.18498884, -0.07460574
  0.07316887, -0.09909143, -0.10079015,  0.02193211,  0.23456592,  0.10125451, -0.18408124, -0.36167868,  0.02554761,  0.41538840,  0.15601924, -0.22406983, -0.17406995,  0.03510892,  0.07351344,  0.00544932, -0.03346339,  0.00933205,  0.16009199,  0.01857135, -0.24809129, -0.12006112,  0.17427323,  0.09040540, -0.14426640, -0.02737020,  0.14526169,  0.11482087, -0.04132346, -0.14984663, -0.03747180,  0.15950877,  0.09137925, -0.18136466, -0.13882840,  0.18639023,  0.19029951, -0.09407715, -0.11151283,  0.04333339, -0.01377752, -0.07522331,  0.03712911,  0.08362720,  0.05825025, -0.02878310, -0.11185339, -0.12292625,  0.02383765,  0.09842536
 -0.17411061,  0.07641674,  0.22007620, -0.04276897, -0.16863119,  0.01027076, -0.02355064, -0.04694843,  0.18162124,  0.11530281, -0.16284774, -0.01832003,  0.10254304, -0.19371688, -0.14025341,  0.26085633,  0.11488260, -0.23982175, -0.02714368,  0.09580178, -0.13179995, -0.07575248,  0.10221035, -0.00254200,  0.08532286,  0.26206890, -0.02741340, -0.22263139,  0.15761950,  0.21645216, -0.18276427, -0.13859533,  0.21016441,  0.07617542, -0.10065577,  0.11008373,  0.09964284, -0.11819335, -0.06287422,  0.02254812, -0.10959316,  0.02117948,  0.15347302, -0.12423602, -0.17001073,  0.10757213, -0.02040165, -0.26307053, -0.02020235,  0.21466066
 -0.04437380, -0.15556254,  0.00390550,  0.14870432, -0.01421821, -0.13275720, -0.03971843,  0.05584628,  0.11170425,  0.15419245,  0.02054628, -0.13205241, -0.04678215, -0.02230728, -0.22986532, -0.18694348,  0.14543100,  0.14424006, -0.11943718, -0.11212239,  0.00189221, -0.07385382, -0.11369064, -0.02624098,  0.06521336,  0.23002567,  0.30764696,  0.05481923, -0.08607701,  0.18174338,  0.27635124, -0.02538190, -0.05749389,  0.24601570,  0.30495290,  0.13943242,  0.10498055,  0.08825027, -0.03386028, -0.08948790, -0.10902397, -0.11691467,  0.02609330,  0.11068028, -0.05767333, -0.14185772, -0.04918234, -0.15281101, -0.32384842, -0.16626946
 -0.06928576,  0.09545868, -0.04437498, -0.08597081,  0.07654984, -0.03466934, -0.18755946,  0.08773664,  0.25341170, -0.02281072, -0.03711265,  0.16099021, -0.05735186, -0.21883600,  0.05701954,  0.00812780, -0.22897669,  0.03692001,  0.19760752, -0.21027188, -0.11930642,  0.19758916, -0.05179307, -0.23366189,  0.16646049,  0.18014689, -0.07168478,  0.08303376,  0.16025969, -0.14560595, -0.04180079,  0.20970888, -0.03087571, -0.18113073,  0.23650967,  0.28503462, -0.06272486, -0.00804976,  0.16947085, -0.09981184, -0.20018407,  0.08286463, -0.01821391, -0.16979246,  0.10323615,  0.09553255, -0.14064230, -0.01942916,  0.04214512, -0.19078367
  0.22009516,  0.05187639, -0.14796835, -0.25033062, -0.17361199,  0.09442220,  0.15173355,  0.15712608,  0.22644058,  0.18491065, -0.05684917, -0.10778529,  0.06955970,  0.06169532, -0.11422558, -0.15734662, -0.06826225, -0.02877484,  0.00662624, -0.04168890, -0.06814490,  0.10542064,  0.15511094, -0.08378279, -0.16157053,  0.05160875,  0.04046943, -0.26144427, -0.29028589, -0.10595066, -0.09066407, -0.21770788, -0.14206046,  0.00664736,  0.15185617,  0.15315560, -0.05275321, -0.14750823,  0.02070923,  0.09249716, -0.16582402, -0.21987266,  0.06051139,  0.14775590,  0.07780442,  0.12377207,  0.20468428,  0.19315580,  0.14187950,  0.06698507
 -0.13658977,  0.14219980,  0.18854555,  0.03957049, -0.24266951, -0.33285375, -0.00898423,  0.21080469,  0.20468950,  0.19035140,  0.15492844, -0.06010630, -0.20207511, -0.01874123,  0.09492348, -0.03141440, -0.06287942, -0.07791590, -0.13508009, -0.03338268,  0.07499196, -0.11189959, -0.08026034,  0.24029272,  0.17591118, -0.12059370, -0.02878945,  0.11546590, -0.08724110, -0.20280862, -0.04552457, -0.07762294, -0.16454237, -0.02618940,  0.05270089,  0.07708267,  0.15268979,  0.08729382, -0.19280445, -0.14697912,  0.11458986,  0.01437927, -0.24795516, -0.09798038,  0.13804738,  0.05788169, -0.03784475,  0.00807614,  0.12457642,  0.27320666
 -0.21982477,  0.17132413,  0.15624642, -0.08756204, -0.23996606,  0.10734729,  0.12027687,  0.08770981,  0.00764882, -0.20912892, -0.10752810,  0.07076949,  0.03036360, -0.12882122,  0.02314130,  0.16240705, -0.14966163, -0.10680089,  0.15343084,  0.12408168, -0.16383473, -0.10677598,  0.21594868,  0.03746927, -0.13722504, -0.05766333,  0.23560519,  0.12551969, -0.09039377,  0.04527573,  0.13552868,  0.12618943,  0.03295559,  0.01966545,  0.03503690,  0.10532824,  0.13756109, -0.14262038, -0.15735034,  0.11554285,  0.18929598, -0.14893365, -0.18735967,  0.18136130,  0.05016321, -0.17614139, -0.13916298,  0.12265154,  0.01774905, -0.33434326
  0.15513211, -0.21771931, -0.01942986,  0.07991859, -0.06690442, -0.03364433,  0.15335524, -0.02716567,  0.01658884,  0.16564521, -0.14934507, -0.19616879,  0.25524224,  0.07988883, -0.32506839,  0.05498821,  0.20397368, -0.21324576, -0.08154918,  0.19351503, -0.01481092, -0.12703301,  0.06874927,  0.01297396, -0.04228421, -0.01032999, -0.07309869,  0.04208783,  0.07334668, -0.09635832, -0.07812141,  0.12113141,  0.05703234, -0.08036393,  0.13776490, -0.01612093, -0.04699033,  0.11406159,  0.06020997, -0.22067675,  0.02199356,  0.21860838, -0.13025176, -0.14298864,  0.25791003,  0.03790033, -0.20299434,  0.10716192,  0.20203928, -0.28750800
  0.06811043, -0.12099933,  0.12481376, -0.11489387,  0.02123216,  0.11976286, -0.04322970, -0.18881793,  0.09373847,  0.22351869, -0.26935881,  0.08971208,  0.14438225, -0.16684704,  0.02569508,  0.07852685, -0.00594334, -0.13590317,  0.17921746, -0.08695147, -0.08954285,  0.21229555, -0.16958125, -0.00368677,  0.05531334,  0.08112896, -0.18749518,  0.02405910,  0.11102820, -0.16429991,  0.11979902, -0.10634286, -0.05866776,  0.09861521,  0.00670019, -0.13641417, -0.04055804,  0.25319254, -0.21106849, -0.00473544,  0.16289282, -0.09719335, -0.08581288,  0.09510421,  0.17803284, -0.33032615,  0.14143418,  0.17439834, -0.21894105,  0.14375947
 -0.02164136,  0.03757918, -0.05853455,  0.17629672, -0.19039916,  0.12284427, -0.06596741,  0.05590256, -0.18187072,  0.06575519,  0.12036852, -0.13051540,  0.12454556, -0.11392325,  0.07618680,  0.01693958, -0.03728627,  0.08411523, -0.12195816,  0.21377013, -0.27219094,  0.19141537, -0.01768989, -0.07425199,  0.05203377, -0.05524347,  0.15655323, -0.19492275,  0.11291851, -0.03941593, -0.03218953,  0.16716067, -0.27892195,  0.17994063, -0.15679465,  0.15467638, -0.19170260,  0.06411499,  0.08039972, -0.14535071,  0.15437291, -0.08833901,  0.05580757, -0.05567086, -0.03321208,  0.17325357, -0.26483933,  0.24433381, -0.22406446,  0.16733735
 -0.12323419,  0.08551371,  0.17816268, -0.07189756, -0.05949978,  0.00236578,  0.18361031, -0.17182904, -0.29695377,  0.10309792,  0.21104004, -0.06299799, -0.20748167,  0.11545536,  0.13281283, -0.02453972, -0.01327123,  0.02571003,  0.16073703, -0.13144939, -0.04516356,  0.10290653,  0.12953712, -0.17554841, -0.13037503,  0.31382325,  0.02741047, -0.23065691, -0.03541820,  0.23427733,  0.10559561, -0.18768893, -0.06074904, -0.01221526,  0.13876498, -0.13499196, -0.14656957,  0.07625849,  0.03337312, -0.04137229,  0.02930974,  0.15345383, -0.18323603, -0.10473995,  0.25775371, -0.06607859, -0.18386612, -0.07845018,  0.14496249,  0.05967774
 -0.09956900,  0.20286314, -0.07328952, -0.06556908, -0.00735662,  0.05035032,  0.02673930, -0.19876829,  0.14536990,  0.08934950,  0.05685273, -0.25215346,  0.05734869,  0.16949487, -0.08537355, -0.02658153, -0.09059397,  0.18573673, -0.09169545, -0.12537720,  0.12815089,  0.01644702,  0.02597903, -0.28949536,  0.33679365,  0.00498643, -0.17875946, -0.02589748,  0.15140396,  0.14694975, -0.29784789,  0.08205213,  0.01514789,  0.10913649, -0.04228131, -0.15843687,  0.23850848, -0.06430387, -0.00606283, -0.05318589,  0.13185948, -0.07578907, -0.18995837,  0.29056167, -0.11509392, -0.04380316, -0.08622900,  0.14888907,  0.04698345, -0.11366737
 -0.14305807,  0.22680677, -0.00916795, -0.21572673,  0.15006516,  0.01230702, -0.07679530,  0.07822273, -0.05664852,  0.07899612, -0.08585504, -0.07079476,  0.02633287,  0.04937270,  0.06102938, -0.22912262,  0.18261679,  0.06035244, -0.14595309, -0.03685609,  0.16305307,  0.04126469, -0.25473448,  0.20253025, -0.03692315,  0.00011051,  0.06702056, -0.13579141,  0.17308302,  0.02216269,  0.00241580, -0.14416176,  0.23598331,  0.03799857, -0.26167337,  0.27597384,  0.00529658, -0.13809538,  0.00230730,  0.11139633, -0.03497736, -0.06593273,  0.06666514, -0.17303019,  0.29761211, -0.18529011, -0.17472632,  0.21110081,  0.00950526, -0.15778225
 -0.03934549,  0.10559552, -0.13217546,  0.15409001, -0.13315766,  0.10585991,  0.00654622, -0.10380598,  0.01962355, -0.05312624,  0.06542956, -0.06849604,  0.12264607, -0.11204285,  0.07357917, -0.06859518,  0.13659038, -0.08568169,  0.07046919, -0.09407906,  0.12773762, -0.10556995,  0.13082000, -0.19509139,  0.22709237, -0.22828805,  0.21357237, -0.19483998,  0.20847410, -0.27232613,  0.28376999, -0.15999260,  0.08342840, -0.15877521,  0.14899293, -0.12443479,  0.08146462, -0.14231414,  0.13938557, -0.13174764,  0.19684233, -0.19461777,  0.16346931, -0.13885668,  0.10779530, -0.08738415,  0.11315662, -0.16667388,  0.07509455,  0.03664098
  0.04270428, -0.16244007,  0.27283694, -0.19708295, -0.05773029,  0.24553224, -0.04977365, -0.10637930, -0.04733224,  0.03455311, -0.03180664, -0.02181771,  0.10985545, -0.01421848, -0.08417273,  0.02727494,  0.02782165,  0.11847316, -0.05312503, -0.10751816,  0.03664950,  0.23257728, -0.21402186, -0.02915511,  0.12559591, -0.11713549,  0.00713738,  0.16385778, -0.20153224, -0.02753649,  0.20020908, -0.00665857, -0.17056668,  0.11949861, -0.02969198, -0.12737127,  0.19684965, -0.12200326, -0.12319129,  0.16518008,  0.02901199, -0.08073654,  0.13800846, -0.19182431,  0.00290885,  0.32263911, -0.24857764, -0.16401421,  0.25998523, -0.08203292
  0.09801913, -0.21069812,  0.12585877, -0.03751914, -0.04051820, -0.09779877,  0.03750251,  0.25380338,  0.04841863, -0.07784622, -0.03750637, -0.08951270, -0.03602289,  0.11393292,  0.11647010, -0.23061868, -0.18613142,  0.18311248,  0.10730636, -0.04274313, -0.28249298,  0.17731888,  0.08578052, -0.00262795, -0.14224537,  0.03246706,  0.05851803, -0.07337184,  0.13487647, -0.02233359, -0.14058803, -0.05467182,  0.26755387,  0.11871588, -0.14974652, -0.12335374,  0.27722429,  0.11622667, -0.09255725, -0.31174171,  0.21022270, -0.01428184,  0.13960565, -0.17551737, -0.01300921,  0.03198148,  0.16722623, -0.07996035,  0.03134600, -0.17477428
  0.05374430, -0.06499048,  0.08448150, -0.20638831,  0.31498379, -0.17133364, -0.07350194, -0.09774022,  0.18468590,  0.01755575,  0.01684172,  0.00462285,  0.03605184, -0.16334554,  0.10695221,  0.17837175, -0.20281248, -0.06704681,  0.06387637,  0.08462654, -0.00351870, -0.16986106,  0.04539342,  0.07708387,  0.04252698, -0.21596049,  0.19154932, -0.07248087, -0.14465868,  0.19567274, -0.00825434, -0.16471493, -0.12570647,  0.22835783,  0.02880187, -0.23651190,  0.11074491, -0.10552212,  0.35227966, -0.21124470, -0.09057814,  0.06679860,  0.08019992, -0.09229259,  0.09015257, -0.05379039, -0.10567241,  0.23006892, -0.05908208,  0.00770012
  0.03827882, -0.19409590,  0.27340777, -0.12538221,  0.07045108, -0.06348289, -0.05917243,  0.07239332, -0.10174368,  0.01291692,  0.18578768, -0.01515635, -0.16924382,  0.02423456,  0.01138268,  0.11121034, -0.00192464, -0.04987300, -0.20748402,  0.27881299, -0.06995106,  0.04585514, -0.18427662,  0.07896975,  0.04047460,  0.12877006, -0.15687308, -0.07323482,  0.14990240,  0.02133347, -0.10118803,  0.11604421, -0.07243384, -0.18519491,  0.25538140, -0.00230101, -0.07081724, -0.16301192,  0.20454216, -0.00573271,  0.16344227, -0.41184195,  0.14901959,  0.14179151,  0.00801858, -0.20360076,  0.08715188, -0.05907459,  0.15686680, -0.07932936
  0.15114785, -0.21359372,  0.02400580, -0.04245604,  0.13422154, -0.04664413,  0.08982490, -0.04596622,  0.05220257, -0.17008944, -0.02935505,  0.24283064,  0.08667122, -0.15631365, -0.13283803,  0.03504832,  0.08657411,  0.16406358, -0.21255276, -0.11601282,  0.10577656,  0.10592971,  0.00686946, -0.13072404, -0.05305957,  0.05276944,  0.16631489, -0.14868930, -0.16583140,  0.09218715, -0.10722487,  0.13294521,  0.06568878, -0.23474721, -0.07761248,  0.15613695,  0.13694615, -0.24564319, -0.01979152, -0.09900122,  0.30238961,  0.05002642, -0.30208613,  0.00596980,  0.20834508,  0.01407451, -0.00183792, -0.05688281, -0.14899056,  0.26448782
 -0.04553187,  0.02443325,  0.13040976, -0.25305017,  0.17347436, -0.09571767,  0.19596946, -0.21623936,  0.26268863, -0.31101661,  0.21200567, -0.22888260,  0.20994162, -0.15473017,  0.16927945, -0.25236318,  0.23984231, -0.12658771,  0.07122751, -0.05473195,  0.05728683, -0.05566968,  0.03714189,  0.07452180, -0.11564086,  0.04759488,  0.03808536, -0.04461235,  0.06730679, -0.04534986, -0.07674127,  0.25277420, -0.21843752,  0.11345929, -0.02333991,  0.08341252, -0.16799424,  0.17012931, -0.12317210, -0.00678300,  0.05283352, -0.03456097,  0.02990244,  0.00786113, -0.07838538,  0.04906703,  0.06068034, -0.13179080,  0.05278250, -0.01595320
 -0.17884292,  0.16332635,  0.21219280, -0.31173837, -0.00518308,  0.06378991,  0.21223000, -0.03813386, -0.16099644,  0.15444712, -0.28350770,  0.01696820, -0.04719499,  0.26050362, -0.17419297, -0.01392940, -0.04491117,  0.15378074,  0.05241120, -0.13459431,  0.10840962, -0.10339312,  0.08291601,  0.13895940, -0.08562916, -0.07991143,  0.08754833,  0.06388598,  0.08351725, -0.14321408, -0.03250943,  0.25899172, -0.03966884, -0.13676699,  0.18664599, -0.04491528, -0.06192331, -0.04278008,  0.11167622, -0.19433049,  0.03763973,  0.00417475,  0.16279414, -0.10934610, -0.14800798,  0.08349306,  0.03303908,  0.03659486, -0.29794480,  0.16802345
 -0.08629350,  0.22456120, -0.21632022,  0.04735233,  0.07827236, -0.11665589,  0.18360474, -0.17694546,  0.12911884, -0.11888889,  0.04086886, -0.02684757,  0.02839496,  0.09057812, -0.23198012,  0.25324636, -0.22942018,  0.25305665, -0.22430934,  0.15453021, -0.09826314,  0.02227052,  0.07614170, -0.04677583, -0.05760437,  0.12397005, -0.12732229,  0.13838678, -0.07403711, -0.05857190,  0.09488015,  0.02870975, -0.12894371,  0.14091078, -0.09116436,  0.03152187, -0.01987265,  0.04193052, -0.08651345,  0.03415248,  0.03901047, -0.09700194,  0.21082760, -0.31587382,  0.27384648, -0.18662846,  0.15530794, -0.13740542,  0.03142137,  0.02881075
 -0.02027023, -0.08763959,  0.18246022,  0.06486484, -0.31545509,  0.15286570,  0.15753456, -0.18219138,  0.03025974,  0.01234816,  0.06608069, -0.24080856,  0.16469986, -0.08769249,  0.14443499, -0.04151927, -0.15418557,  0.17449800, -0.02235312,  0.01337432, -0.06048066,  0.11962312, -0.16702237,  0.09720799,  0.15750723, -0.25527647,  0.07152120,  0.14864219, -0.16498998,  0.19468522, -0.14094854, -0.00127998,  0.18153764, -0.16251860,  0.01919468,  0.15634859, -0.17770180, -0.02087625,  0.14982700, -0.01564732, -0.20838998,  0.17757961, -0.01320355, -0.02424245,  0.06693980, -0.23873381,  0.23540699, -0.08375211, -0.04213028,  0.00326038
  0.05393722, -0.14583841,  0.08045346,  0.04073507,  0.01311557, -0.18656705,  0.19817937,  0.01409906,  0.01472365, -0.20267892,  0.24940013, -0.15270611, -0.08306381,  0.21022462, -0.22802948,  0.15422993,  0.02172475, -0.24169804,  0.32206268, -0.19169430,  0.01395830,  0.08161789, -0.02661622, -0.09666211,  0.16318550, -0.04530749, -0.12284832,  0.16224075, -0.09994892,  0.01663998,  0.06370806, -0.14557727,  0.19069594, -0.04739741, -0.14486700,  0.22677915, -0.09182288, -0.05465363,  0.02035753, -0.00608985,  0.08275902, -0.18746377,  0.16348784, -0.04019557, -0.01639248,  0.05724308, -0.15241967,  0.22654864, -0.20270777,  0.07235691
  0.02571049, -0.01470535, -0.04750937,  0.01573457,  0.08603098, -0.07632161, -0.09906719,  0.25897647, -0.21181058,  0.03646969,  0.16954832, -0.30501399,  0.35612272, -0.24196888, -0.02892303,  0.23710172, -0.25894376,  0.12414134,  0.05536703, -0.20039662,  0.20509653, -0.10012901, -0.01659360,  0.09131947, -0.11705621,  0.06503936,  0.04323724, -0.10960224,  0.04096540,  0.04960428, -0.11008247,  0.04775957,  0.08297620, -0.19303399,  0.19792922, -0.14268980,  0.04232350,  0.12556189, -0.25579140,  0.19901424, -0.02785710, -0.08081890,  0.08568694, -0.06492443,  0.03813331,  0.02467227, -0.05544661,  0.06542897, -0.05647638,  0.04018276
  0.00306764, -0.08266360,  0.09865902, -0.02214555,  0.01054232, -0.14828527,  0.19792852,  0.11388610, -0.18558566,  0.03013712, -0.01081885, -0.08857541,  0.10685318, -0.17729336,  0.25472904, -0.25128279,  0.12566196,  0.02564752, -0.10268714,  0.15246194, -0.08969498, -0.06960966,  0.24263313, -0.22552774,  0.09272587,  0.14196952, -0.29026663,  0.23479461, -0.01178100, -0.12938766,  0.08026287,  0.05026292, -0.01431931,  0.00688245,  0.02472719, -0.08599941,  0.24431385, -0.28731640,  0.01843181,  0.17473372, -0.20693566,  0.07556779,  0.05654079, -0.07763140,  0.06641621, -0.05907410, -0.02641527,  0.13810694, -0.22317065,  0.10508148
  0.11875074, -0.24585910,  0.09671183,  0.18966940, -0.23215620,  0.02234465,  0.17143778, -0.28798200,  0.19952957,  0.02203351, -0.09927299,  0.16804372, -0.12273254, -0.10687124,  0.22257032, -0.02780464, -0.21178882,  0.22598545, -0.12025412, -0.07804342,  0.28823350, -0.29092128,  0.07265330,  0.06403584, -0.13020340,  0.15180985, -0.11048891, -0.05882987,  0.12349869, -0.04328691,  0.01821556, -0.08284128,  0.06408955,  0.00058175, -0.04469078,  0.08928948, -0.09652180,  0.06572602,  0.00195958,  0.03187546,  0.02720258, -0.15885999,  0.14709014, -0.01325178, -0.04323402,  0.12324669, -0.21658136,  0.18773402,  0.01812754, -0.09273382
  0.00843155,  0.01925277, -0.17293015,  0.22246451, -0.01774979, -0.28266771,  0.36487551, -0.02682874, -0.22530452,  0.22229102, -0.15446165,  0.01689157,  0.07907953, -0.15379399,  0.06417228,  0.07490730, -0.06207894, -0.10285008,  0.22706830, -0.21122360,  0.07643129,  0.13395782, -0.22423610,  0.16850036, -0.07467998,  0.04327765, -0.01700456, -0.03795553,  0.04497796, -0.00168670, -0.05170318,  0.15098251, -0.17718127,  0.19376541, -0.13898481,  0.07103695,  0.11997659, -0.26942720,  0.17330963, -0.04395580,  0.03095951, -0.06007968, -0.00629476,  0.08945190, -0.05264169, -0.01412262,  0.07824973, -0.16000778,  0.15779550, -0.08908399
  0.00404102,  0.03498050, -0.09458349,  0.08280563, -0.01090170, -0.00952208, -0.04398761,  0.05337282, -0.07789008,  0.15227153, -0.18203785,  0.18098873, -0.09126527, -0.04341893,  0.13228515, -0.15612698,  0.15580082, -0.13738987,  0.08096411, -0.04895965,  0.05870671, -0.08691218,  0.11740758, -0.16412309,  0.16542755, -0.11883884,  0.02719967,  0.10424223, -0.27417714,  0.38152827, -0.34279682,  0.19278560, -0.06358093, -0.02216148,  0.05058184, -0.01544272, -0.07922392,  0.17176497, -0.14451200,  0.02372469,  0.14289870, -0.25227910,  0.26213386, -0.22084454,  0.15899839, -0.06480866, -0.00152721,  0.00425310,  0.04046980, -0.03388349
  0.07110433, -0.15665995,  0.05614517,  0.09947029, -0.08088004, -0.07751045,  0.14603165, -0.06837990,  0.09373328, -0.11635137,  0.03229474,  0.10447028, -0.23340877,  0.19019323, -0.08724945,  0.03378591, -0.00205891, -0.05747505,  0.05723124,  0.01032999, -0.05534563,  0.08058888, -0.07172156, -0.00458276,  0.11111441, -0.18583052,  0.24535945, -0.31993929,  0.26822666, -0.06275859, -0.15209153,  0.21961245, -0.13324670,  0.03288005,  0.07328010, -0.13765920,  0.16037083, -0.03834171, -0.20802131,  0.36230685, -0.30511635,  0.10418378,  0.04429562, -0.09259816,  0.14146726, -0.11039897, -0.00491893,  0.09719912, -0.07717744,  0.00418013
 -0.05425965,  0.12755432, -0.11055393, -0.03605962,  0.21991143, -0.33370581,  0.32700638, -0.16698030,  0.00372647,  0.08850544, -0.14329427,  0.07339635,  0.02327551, -0.09599492,  0.09183145, -0.03920361, -0.00966509,  0.06504680, -0.13302888,  0.20610192, -0.23562440,  0.21228934, -0.10816125, -0.01716874,  0.11935656, -0.15089641,  0.12354545, -0.03790302, -0.02462260,  0.02178623,  0.08245032, -0.17443962,  0.24729344, -0.24277435,  0.19466323, -0.06093008, -0.07693305,  0.15719343, -0.16768256,  0.07879399,  0.02975642, -0.06960225,  0.00731886,  0.09959280, -0.18834849,  0.20936046, -0.15600822,  0.03217434,  0.03763922, -0.04095019
 -0.06090705,  0.17402063, -0.20297647,  0.18469749, -0.16873146,  0.14083444, -0.04150308, -0.15579432,  0.22022747, -0.16589496,  0.08735631, -0.01563291,  0.00091453,  0.01475614,  0.03213216, -0.10892632,  0.14281323, -0.10281151,  0.05771559,  0.00351350, -0.09564995,  0.16967336, -0.23382474,  0.28467564, -0.26951600,  0.18637634, -0.10141763,  0.08961495, -0.10151236,  0.10848061, -0.09549788,  0.03067040,  0.04565742, -0.15716820,  0.23731750, -0.29789986,  0.23884716, -0.13497765,  0.08609406, -0.06911419,  0.04614447, -0.03630367,  0.07654840, -0.10308880,  0.02723997,  0.06176228, -0.12791140,  0.16154396, -0.14407434,  0.08114372
