 -0.14164249, -0.14163671, -0.14163337, -0.14163252, -0.14163231, -0.14163281, -0.14163320, -0.14163190, -0.14162612, -0.14161841, -0.14160818, -0.14159647, -0.14158455, -0.14157164, -0.14155704, -0.14154195, -0.14152635, -0.14151067, -0.14149539, -0.14148083, -0.14146630, -0.14145134, -0.14143686, -0.14142282, -0.14140978, -0.14139734, -0.14138502, -0.14137338, -0.14136226, -0.14135114, -0.14134110, -0.14133146, -0.14132214, -0.14131338, -0.14130435, -0.14129539, -0.14128667, -0.14127803, -0.14126968, -0.14126136, -0.14125344, -0.14124604, -0.14123876, -0.14123168, -0.14122452, -0.14121712, -0.14120943, -0.14120243, -0.14119647, -0.14119099
  0.37877179,  0.40077079,  0.39357013,  0.35579266,  0.29952549,  0.22905687,  0.15287691,  0.07873329,  0.02195444, -0.02603292, -0.06405028, -0.09419571, -0.11934003, -0.13819943, -0.14797466, -0.15288568, -0.15197472, -0.14821452, -0.14202663, -0.13576553, -0.12738887, -0.11339104, -0.09910333, -0.08490918, -0.07346297, -0.06257205, -0.05224880, -0.04295082, -0.03584215, -0.02919592, -0.02350847, -0.01812963, -0.01391690, -0.01199129, -0.01054597, -0.01009999, -0.01184098, -0.01333205, -0.01427217, -0.01542419, -0.01601089, -0.01704160, -0.01776672, -0.01802273, -0.01729653, -0.01511167, -0.01058190, -0.00736055, -0.00573628, -0.00398831
 -0.14417436, -0.05658005,  0.03094886,  0.10854836,  0.17371451,  0.21978556,  0.24527092,  0.25426148,  0.25895566,  0.25450832,  0.24597586,  0.23221102,  0.21044039,  0.18522288,  0.16135832,  0.13682844,  0.11332067,  0.09068141,  0.06791634,  0.04416825,  0.02203473,  0.00442105, -0.01063815, -0.02285593, -0.03454176, -0.04492587, -0.05237644, -0.05917979, -0.06515345, -0.06894017, -0.07467573, -0.07979760, -0.08407219, -0.08888802, -0.09167321, -0.09406100, -0.09717147, -0.10096745, -0.10600980, -0.11116321, -0.11786676, -0.12652497, -0.13578292, -0.14590263, -0.15565198, -0.16407295, -0.17040128, -0.17759925, -0.18747822, -0.19812421
 -0.56400477, -0.31886283, -0.07856032,  0.09238049,  0.21019594,  0.24996067,  0.21536652,  0.12511763,  0.07964658,  0.04170649,  0.01595356, -0.00433039, -0.03727695, -0.07903961, -0.09983967, -0.11456587, -0.11303992, -0.11353090, -0.11303888, -0.13115997, -0.15411028, -0.14647128, -0.13202107, -0.11157237, -0.10198984, -0.08981998, -0.07569182, -0.05721334, -0.04836841, -0.04151654, -0.02978696, -0.01010199,  0.01387095,  0.03370029,  0.05505683,  0.07377283,  0.07555491,  0.07611957,  0.08210418,  0.08887100,  0.10208268,  0.11096767,  0.11313335,  0.10942122,  0.10408524,  0.10601822,  0.12644238,  0.14518341,  0.15599718,  0.16599231
 -0.30902896,  0.07954263,  0.32019787,  0.34844448,  0.05725856, -0.27642717, -0.39842535, -0.16898804,  0.03188942,  0.15409768,  0.10603530, -0.03926157, -0.10986883, -0.01093962,  0.14574913,  0.26149631,  0.19307515,  0.01333108, -0.13963387, -0.12432148,  0.02280688,  0.08419861,  0.05676115, -0.04543619, -0.09373366, -0.08057091, -0.02090485,  0.01019796, -0.00130498, -0.06792677, -0.12747311, -0.11004306, -0.00844082,  0.11021536,  0.13072329,  0.03026441, -0.07710439, -0.12827938, -0.08307633,  0.03949061,  0.08840013,  0.03959060, -0.06101068, -0.10600268, -0.03319637,  0.10406519,  0.14827736,  0.10285120,  0.00441548, -0.06198237
 -0.05741034, -0.20886010, -0.09564533,  0.19412485,  0.35138679,  0.22369948, -0.07207523, -0.22861118, -0.22035237, -0.09564758,  0.02366049, -0.00395996, -0.15791372, -0.26029562, -0.21825587, -0.02627379,  0.16294455,  0.22509343,  0.11146429, -0.01469348, -0.00222872,  0.09512312,  0.19489521,  0.20600009,  0.14638815,  0.06832583,  0.05816955,  0.09420454,  0.15874959,  0.18304146,  0.08071926, -0.07397179, -0.16435210, -0.12478707,  0.00420502,  0.09095926,  0.09269558,  0.00907868, -0.08463439, -0.07070993,  0.01147626,  0.06795136,  0.02762151, -0.10261466, -0.20809991, -0.19418105, -0.09768602, -0.00245764, -0.00014286, -0.09636268
 -0.10024814, -0.05264200,  0.01523651, -0.01208391, -0.02363913,  0.02972507,  0.12105985,  0.15633864,  0.14491132, -0.01890297, -0.17885950, -0.23173750, -0.18752807, -0.08681717, -0.00432408, -0.04033041, -0.12009891, -0.12128837,  0.00350340,  0.14974979,  0.20112462,  0.13647682,  0.00102796, -0.06311263, -0.00190387,  0.14672079,  0.27311833,  0.25541564,  0.11003815, -0.03308285, -0.10346569, -0.04027878,  0.05959647,  0.05449789, -0.04009124, -0.14168176, -0.13293173,  0.02680777,  0.23428181,  0.34930273,  0.25450137,  0.00252766, -0.21987517, -0.28992959, -0.20189011, -0.06234784,  0.02101010, -0.00635214, -0.09659411, -0.13492293
 -0.07773733,  0.00796209,  0.03523176,  0.08517845,  0.12100510,  0.12079818,  0.04327173, -0.03527303, -0.16297711, -0.23485938, -0.19935466, -0.09319916,  0.00881818,  0.07476121,  0.08198746,  0.09040534,  0.12666701,  0.19080312,  0.20754519,  0.14508853,  0.04534587, -0.06531854, -0.09270604, -0.03406694,  0.06632407,  0.10452533,  0.04585663, -0.08437589, -0.17518826, -0.16468450, -0.08397045, -0.00719629,  0.00532828, -0.02859817, -0.04384030, -0.00054636,  0.10051348,  0.15925405,  0.09028462, -0.08295534, -0.29130832, -0.39492152, -0.32817606, -0.13412665,  0.08431456,  0.23207903,  0.24380197,  0.17513439,  0.09155047,  0.03127341
  0.16640288,  0.04401066, -0.07092045, -0.15589570, -0.12952167, -0.01451176,  0.12312375,  0.14417105,  0.14628942,  0.10634429, -0.00441895, -0.10076107, -0.11502597, -0.07308574,  0.01403863,  0.07842530,  0.09352775,  0.05068858,  0.02232201,  0.03748813,  0.07028801,  0.11859300,  0.09275212, -0.02271176, -0.18577085, -0.26041316, -0.20848581, -0.05563118,  0.04458246,  0.01734175, -0.07160845, -0.15885387, -0.14948484, -0.03556755,  0.08708250,  0.14715805,  0.08448355, -0.01567274, -0.06087637, -0.06329513, -0.01344270, -0.00785310, -0.09785539, -0.21958105, -0.27647111, -0.19101908,  0.04588104,  0.28228235,  0.40180331,  0.33954001
 -0.14694027,  0.14655649,  0.16526417,  0.05581121, -0.12564040, -0.18386475, -0.14982476,  0.00104128,  0.05890462,  0.12383698,  0.13483469,  0.10427956,  0.02885085, -0.04969102, -0.09023292, -0.03841544,  0.02734969,  0.05608552,  0.01824531, -0.08065322, -0.14378385, -0.15558569, -0.02961468,  0.12841738,  0.21353952,  0.13600776, -0.02950273, -0.14903300, -0.13753533, -0.03614807,  0.07070772,  0.04146918, -0.11010968, -0.24645896, -0.25310533, -0.08840858,  0.16377190,  0.33340178,  0.33733019,  0.22041944,  0.05354357, -0.03677099, -0.06210555, -0.07261125, -0.11855923, -0.16346059, -0.18326365, -0.08070533,  0.10557298,  0.23688564
  0.12679843, -0.03117100, -0.11076107, -0.11745178, -0.03855289,  0.00036683,  0.02481799,  0.01285320,  0.06375745,  0.05797686,  0.08030352,  0.08506470,  0.05903188,  0.05584098,  0.06726449,  0.00489983, -0.11823352, -0.23502383, -0.31017172, -0.26761513, -0.13130671,  0.04836597,  0.15021341,  0.16992781,  0.12911229,  0.08698880,  0.09320339,  0.07959555,  0.03794322, -0.02330016, -0.17768503, -0.26597897, -0.20851641, -0.05106829,  0.15867885,  0.29273610,  0.30857146,  0.21903468,  0.08209298, -0.01095861, -0.06408701, -0.10838699, -0.10640411, -0.06668566,  0.02283202,  0.10377175,  0.14356172,  0.07596965, -0.11180295, -0.28623704
 -0.08302809, -0.02282501,  0.04134396,  0.05360791,  0.00025814, -0.03521269, -0.03468401,  0.02369730,  0.08424192,  0.10688697,  0.08673558,  0.02386304, -0.08126526, -0.17694371, -0.23255061, -0.24044325, -0.19405384, -0.08640605,  0.06110256,  0.19548621,  0.28317785,  0.28820391,  0.25393888,  0.20394506,  0.12588189,  0.00355847, -0.13609708, -0.25952133, -0.30075460, -0.23931374, -0.10751352,  0.05690656,  0.18320648,  0.22158592,  0.18990515,  0.12396567,  0.06292512,  0.01149200, -0.03252426, -0.05672766, -0.08500472, -0.08105118, -0.03277116,  0.02275992,  0.03674242,  0.00003095, -0.07381595, -0.12091382, -0.07983192,  0.04774078
  0.10070289, -0.01272579, -0.08803552,  0.07371480,  0.15200816,  0.06375882, -0.10601049, -0.17742058, -0.26393219, -0.10108851,  0.08777726,  0.23032487,  0.33552083,  0.27936129,  0.01954410, -0.15965658, -0.16643256, -0.08398466, -0.02977703,  0.02150595,  0.06506097,  0.02155702, -0.02140132, -0.03910763,  0.03350426,  0.14557344,  0.16903311,  0.08125106, -0.09901995, -0.29118934, -0.28097901, -0.18198366, -0.06298533,  0.05344047,  0.02700527, -0.07402508, -0.14384003, -0.12312668, -0.01167097,  0.05944551,  0.11461821,  0.13814386,  0.04502386, -0.07861951, -0.14500638, -0.10714993, -0.01937056,  0.08564157,  0.20677978,  0.25808210
 -0.22858488,  0.10080051,  0.19702856,  0.00214154, -0.08825740,  0.09672171,  0.16669195,  0.10216498, -0.01291888, -0.21209689, -0.31085340, -0.22190737, -0.08699428,  0.09103525,  0.25646583,  0.20571442,  0.00795507, -0.13300037, -0.06968778, -0.02182935,  0.03197039,  0.10611148,  0.20087789,  0.24965161,  0.19409919,  0.09155519,  0.02269507,  0.01907607,  0.00635702, -0.07204062, -0.14392381, -0.16323822, -0.16241553, -0.14414394, -0.06831326, -0.00622659, -0.02678349, -0.08571375, -0.12913770, -0.08713325, -0.04420081,  0.04929696,  0.17969908,  0.22025906,  0.08491427, -0.07312502, -0.17795060, -0.15824771,  0.01739820,  0.22780792
  0.23351226, -0.44728686,  0.17327641,  0.15198159, -0.11698674, -0.27096639,  0.26443991, -0.05820794,  0.17394353,  0.18177511,  0.02205707, -0.05225128,  0.04842284, -0.17177943, -0.18756302, -0.00338132,  0.15083603, -0.00309496, -0.12441327,  0.07802486, -0.09472270, -0.10832099, -0.08399247,  0.12229511,  0.13240829,  0.25757017,  0.16065208,  0.03839356, -0.00238660, -0.01827227, -0.12328816, -0.05786146,  0.03501354, -0.04606549, -0.11259174, -0.05647876, -0.15069022, -0.11069721, -0.08994301, -0.22513140, -0.00248410,  0.00084418, -0.07223988,  0.03480267,  0.12692696,  0.00685242,  0.14471157,  0.04208060,  0.08432234,  0.12586755
 -0.05628671,  0.21853268, -0.13587759, -0.22052255,  0.04739773,  0.17660276, -0.17607981, -0.02620900,  0.12096789,  0.29944855,  0.24372561, -0.07244475, -0.31885117, -0.11525015,  0.06914537, -0.03920671, -0.16042141,  0.01155802,  0.20118301,  0.00080755, -0.17009917, -0.20822136, -0.05411357,  0.09647147,  0.23776438,  0.16348464,  0.10787235,  0.13668048,  0.08187422, -0.04278641, -0.04634125, -0.09756005, -0.07689367,  0.09569244,  0.09747226, -0.10678071, -0.21212192, -0.20670201, -0.06935646,  0.02741543, -0.16749219, -0.18094722,  0.00946136,  0.09963719,  0.07046268,  0.06589199, -0.01421994,  0.09943522,  0.13890025,  0.05685640
  0.09917322, -0.05637877, -0.26258738,  0.15722660,  0.25762577, -0.21170989, -0.15641676,  0.16080562,  0.23104151,  0.09486998, -0.22302523, -0.33745846,  0.01910470,  0.27991107,  0.04935735, -0.20097480,  0.01027454,  0.23515456,  0.03154072, -0.18849713, -0.13604490,  0.01579303,  0.11695449,  0.14243916,  0.00499837, -0.09348958,  0.00233378,  0.01348520, -0.06445033, -0.04165372, -0.07982286, -0.06566254,  0.14427347,  0.13895620, -0.10424476, -0.15009423, -0.02596970,  0.10946568,  0.15349839, -0.07566451, -0.17737487,  0.09682658,  0.18425078,  0.02964093, -0.03609822, -0.09049091, -0.01557216,  0.09500122, -0.01818818, -0.06212626
  0.17179685, -0.17720439, -0.12116984,  0.13411946,  0.15409502, -0.04759194, -0.03887677, -0.20228631,  0.01179847,  0.14485661,  0.06030498, -0.12027827, -0.17754679,  0.00382103,  0.21476409,  0.10933322, -0.04232295, -0.00618514, -0.02149084,  0.14949559,  0.24321168, -0.04119060, -0.31488507, -0.17920744, -0.12323181, -0.06733094,  0.08148519,  0.01250038, -0.04022668,  0.11553578, -0.07623637, -0.24392135, -0.06652124,  0.03999153,  0.08947613,  0.16990369,  0.14674058,  0.14221228,  0.15769033,  0.07673679, -0.05799209, -0.13871946,  0.04106026,  0.19911413,  0.08956867, -0.09891815, -0.17668221, -0.31627318, -0.08631527,  0.22300678
 -0.04195942,  0.17504205, -0.17382633,  0.05937336, -0.12677869, -0.03966397,  0.06048247,  0.24417500, -0.07931714, -0.06247656,  0.10093842,  0.21332286, -0.08953974, -0.22898742, -0.17869634, -0.04446322,  0.21153724,  0.21180304, -0.09659401, -0.31705704,  0.12272097,  0.16841574, -0.01538584, -0.08860339, -0.08476117, -0.10519842,  0.25092396,  0.32266219, -0.02984112, -0.16225350, -0.09097539, -0.09158949,  0.10180518,  0.02424480, -0.19757458, -0.03066998,  0.10694000, -0.06293253, -0.04627668,  0.03138784, -0.16410069, -0.07438097,  0.06693767,  0.07496857,  0.01537175,  0.14154432,  0.03281187, -0.13869953, -0.09875665,  0.22393448
 -0.01748510,  0.14493812, -0.15556668, -0.06883284,  0.10813356, -0.02010617,  0.16905908, -0.04055738, -0.23057442,  0.10738774,  0.21205179, -0.16298529, -0.13219318,  0.04347175, -0.00185840,  0.06434988,  0.21222106, -0.14166539, -0.21377146,  0.09167481,  0.11752747, -0.00271337,  0.05363848,  0.06662195, -0.10204325,  0.02515462,  0.13887766, -0.13447550, -0.21836981,  0.02548023,  0.02490610,  0.03769943,  0.08461700, -0.19150662, -0.14052097,  0.14140885, -0.14204340, -0.14719062,  0.25159743,  0.00132602, -0.18675969,  0.26903402,  0.03900650, -0.22425180,  0.24224253,  0.09632276, -0.21286059,  0.14698636,  0.09923542, -0.12664618
 -0.00487404, -0.14757372,  0.28000408, -0.23629786,  0.16906365, -0.16173079,  0.02883002,  0.07508189,  0.05851795, -0.23148398,  0.10317667,  0.00667284, -0.07008696,  0.06670399,  0.13133739, -0.11697930, -0.04308973,  0.12879833, -0.16420467,  0.03717772,  0.00335097, -0.09110307, -0.18634861,  0.12857396,  0.09406583,  0.00223617,  0.04553608,  0.04162522, -0.11501332,  0.06492953,  0.10241637,  0.00528622,  0.11206398,  0.14907398, -0.06623735,  0.13602461,  0.20241459, -0.21135552, -0.13642576,  0.16316595, -0.09912057, -0.12503300,  0.28214824, -0.23739348, -0.24480281,  0.15373231, -0.06117075, -0.16050096,  0.23540754, -0.09656783
 -0.07109280,  0.06472024, -0.15101630,  0.12661568, -0.09266524,  0.04733324, -0.07626611,  0.07651583,  0.02500695,  0.03942836, -0.09366841, -0.04050369, -0.07214769,  0.00319482,  0.09328107,  0.14894031,  0.01055889, -0.17279077, -0.07961024, -0.10674458,  0.00047762, -0.09646540, -0.16739484, -0.18913110,  0.11933412,  0.29527246,  0.24488390,  0.00659707, -0.11724175, -0.07702221,  0.14827060,  0.30141624,  0.23984064,  0.09432632,  0.13052573,  0.17439604,  0.19305225,  0.06772394, -0.21035655, -0.27931795, -0.08285967,  0.09971349, -0.02463117, -0.06772779, -0.24513597, -0.28800677, -0.09756211,  0.10644157, -0.00400780,  0.04555176
  0.07340932, -0.12295402,  0.20471156, -0.33127895,  0.20638499,  0.09644071, -0.07556187, -0.13230987,  0.08501830,  0.00482385,  0.09241338, -0.04465321, -0.02611040, -0.11957969, -0.02817322,  0.18272548,  0.09487219, -0.02857750, -0.13360450,  0.03129541, -0.08488308,  0.23438113,  0.14174949, -0.22098687, -0.20873036,  0.09918457,  0.02504433,  0.12233562,  0.01435581, -0.32799478, -0.07001821,  0.19781873, -0.05470074,  0.05545878, -0.04883243, -0.27390858,  0.06297477,  0.28286502,  0.05754284, -0.10019694, -0.06225142, -0.07683654,  0.16975785,  0.11850079,  0.05745565, -0.09136037, -0.12173891,  0.02128183,  0.17370176, -0.12126558
  0.04102702,  0.04683244, -0.10342130, -0.06653017,  0.25519212, -0.17595049,  0.01789845,  0.05467221,  0.01346432,  0.07056895,  0.04675491, -0.05951634, -0.02374104, -0.09703552,  0.10387532,  0.06094564, -0.15041136, -0.07472788,  0.07255189,  0.01991742,  0.13039638,  0.27210407, -0.17279540, -0.10732911,  0.20348439,  0.06081415, -0.11629175,  0.00456083, -0.25207916, -0.10778759,  0.31480427, -0.08812534, -0.28404734, -0.09717464, -0.31568768, -0.08946785,  0.14461191, -0.09458474, -0.16374198, -0.00753188,  0.14607400,  0.13351420,  0.03115826,  0.05768869,  0.04054123, -0.01028293,  0.30028429,  0.16616311, -0.14745058, -0.00421905
  0.00995682, -0.01440305,  0.00334431,  0.14739563, -0.20454751,  0.18913122, -0.20082047, -0.03197251,  0.19991294,  0.10620929, -0.02453117,  0.02923839, -0.13570456,  0.10916708,  0.00057980, -0.22128965, -0.07855473,  0.03028383, -0.01294998,  0.16582256,  0.27183900, -0.04706051,  0.05168065, -0.09441930, -0.14321483,  0.07071956,  0.16284339, -0.12106871,  0.01959181,  0.04779386, -0.14212545,  0.05911006, -0.09945945, -0.43776209, -0.13621574, -0.03886473,  0.07243950,  0.09115376, -0.14877997, -0.08834596, -0.03977845,  0.04182049,  0.29861171,  0.04470740, -0.17575468,  0.27900939,  0.14191556,  0.03711234,  0.07981806, -0.12360569
  0.08953366, -0.09346858, -0.10728683,  0.05989003, -0.06213319,  0.16142007,  0.17450436, -0.21760183, -0.18499681,  0.13825546,  0.07391482, -0.02173318, -0.12168389,  0.02966961,  0.26727720,  0.06226658, -0.08161169,  0.03618821, -0.27607072, -0.27601453,  0.08947347,  0.07879620,  0.10536764,  0.21251557,  0.02421421, -0.09585676, -0.03839583, -0.10921629, -0.11726579,  0.02915927,  0.13460493,  0.21608064,  0.17904628, -0.01287244, -0.07357679, -0.17788790, -0.20314550,  0.01605935,  0.06931793,  0.06942578,  0.09613440, -0.25127871, -0.04860971,  0.15760724, -0.27624640, -0.01843982,  0.25466244, -0.08157803,  0.08475480,  0.03684236
 -0.13500342, -0.02036715,  0.12630286,  0.07763306,  0.03803714, -0.09023518, -0.08436814, -0.00913850, -0.02926670, -0.05583182,  0.09249038,  0.13963790,  0.08387123, -0.03598793,  0.02721992,  0.02318594, -0.30263393, -0.31507125,  0.09314590,  0.08719291,  0.05122046,  0.12580447,  0.03964372,  0.06455839, -0.06022439, -0.18124581,  0.09305519,  0.17232696,  0.13585279,  0.32082159,  0.00254071, -0.12091129,  0.30034054, -0.01608565, -0.36422367, -0.01756011,  0.03488886,  0.02356641,  0.05948696, -0.16813788, -0.24186447, -0.15206684, -0.06652458,  0.11616501,  0.02074561, -0.18145289, -0.01465789,  0.21616755,  0.14130290, -0.04435438
 -0.02367996,  0.08682331,  0.11016105, -0.21311572,  0.13384408, -0.18113718,  0.08899433,  0.13313770, -0.14677454, -0.02360007,  0.10367644, -0.06180288,  0.00497495, -0.16825816,  0.07067033,  0.11043455, -0.19877549,  0.27892119,  0.24774271, -0.11239420, -0.03974833, -0.00335646, -0.14710086,  0.07134672, -0.09799458, -0.00603859,  0.14729019, -0.13115593, -0.04653296, -0.03008634, -0.38298758,  0.05866698,  0.18046643, -0.26528012,  0.07576959,  0.25827986, -0.12104955,  0.08613649,  0.02854251, -0.11808324,  0.22542558,  0.07154287,  0.05338077,  0.15962695, -0.08531951, -0.12412937,  0.11886071,  0.01420498, -0.05808279, -0.13243643
 -0.13462243,  0.14519332, -0.12191370,  0.02487770,  0.26681935, -0.36978520,  0.16538480, -0.01188176, -0.02618463,  0.07439351, -0.09888789,  0.08924313,  0.12730069, -0.14658017,  0.15166665, -0.16777126, -0.12168780, -0.00360833, -0.15504460, -0.02972251,  0.22001759, -0.03952076, -0.02676731,  0.12518196, -0.12703620,  0.11019324, -0.02212492,  0.00986521,  0.32324172,  0.03389351,  0.02148292,  0.25385431, -0.16065461, -0.11673158,  0.18726956, -0.12526746, -0.09382433,  0.17586286, -0.21445265,  0.00465197, -0.11477260, -0.15885487,  0.00347796, -0.15240292,  0.09248592,  0.07294252, -0.13238417,  0.06588804, -0.00758626,  0.13487886
 -0.07112954, -0.00216933,  0.12129069, -0.21307342,  0.13060810,  0.13190828, -0.24799401,  0.05802165,  0.05948836,  0.15344782, -0.08590524, -0.21483218,  0.29335360,  0.07559800, -0.24142576,  0.03859090, -0.07444113, -0.02207621, -0.08331473, -0.14945095,  0.10400900,  0.18247717, -0.13352159,  0.01342905,  0.07948555, -0.09111475,  0.12654878,  0.10139321, -0.00453106,  0.14030928,  0.18598905,  0.06547361, -0.07771877, -0.12196598,  0.08773837,  0.12863909, -0.20749731, -0.00684908,  0.14209338, -0.29320198, -0.03597548,  0.01988350, -0.15315087, -0.09232460, -0.06073915,  0.20452887,  0.06411619, -0.29320517,  0.07767091,  0.19151499
  0.01247939,  0.12876714, -0.16587803, -0.04001380,  0.08193864,  0.02654616, -0.07706176,  0.06242981,  0.08643590,  0.02654155, -0.25863771,  0.16127776,  0.14064064, -0.28373355,  0.03283148,  0.09866295,  0.11453642, -0.02051797, -0.06004464,  0.03484760,  0.04353801, -0.11037855,  0.00032220,  0.11173647, -0.07994390, -0.00145698,  0.19667986, -0.18265076, -0.26469476,  0.14790107,  0.06815102, -0.30223364,  0.03764190,  0.18403268, -0.05363547, -0.12352081, -0.06916298,  0.14682906, -0.13069014, -0.08473256,  0.33408588, -0.06373573, -0.05081957,  0.10255554, -0.01950427,  0.18146063, -0.21054157, -0.00095350,  0.26809045, -0.17641062
  0.14096698, -0.09767629, -0.14922684, -0.02900394,  0.16423205,  0.07455291, -0.22882060,  0.17410879,  0.15163315, -0.17168803, -0.05491678,  0.15193542, -0.04311296, -0.06040166, -0.03813425,  0.19046022,  0.03443647, -0.03913623, -0.13833511, -0.16208183,  0.03344760,  0.20558437, -0.04103170, -0.18969443,  0.18701802,  0.27136487, -0.21414658, -0.36305180,  0.19358123,  0.19389419, -0.23296132,  0.03255812,  0.19534598, -0.11664815, -0.07162677, -0.00559997, -0.08674677, -0.17596711,  0.05598185,  0.17354889, -0.01936853, -0.09922411,  0.00868882, -0.04643444,  0.09102258,  0.03470438, -0.03648964,  0.03506616,  0.01101219,  0.10638536
  0.08781718, -0.10325204, -0.08338261,  0.15691931, -0.01454971, -0.04002786, -0.11410833,  0.23257754,  0.02108123, -0.25976564,  0.12610219,  0.16197865, -0.22392863, -0.00634515,  0.09536226,  0.00956956,  0.03481771, -0.04867301, -0.10969038,  0.11278676,  0.11735368, -0.04860858, -0.21346196,  0.08845365,  0.33598941, -0.28327600, -0.20250280,  0.24874278,  0.01455828, -0.18784883, -0.02117753,  0.10308213, -0.03876026, -0.12011053,  0.13212340, -0.04485307, -0.20514314,  0.17672870,  0.13437172, -0.23792993,  0.11702374,  0.08145379, -0.04860478,  0.03748955,  0.02498164,  0.07357977, -0.11933319,  0.03625217,  0.15211576, -0.13797144
 -0.08086544,  0.15284520, -0.07292108,  0.01779199,  0.01364879, -0.04768660,  0.11036050, -0.24475098,  0.16345367,  0.02046988, -0.16312728,  0.09530387,  0.12291613, -0.26817411,  0.25769108, -0.17001163,  0.01427227,  0.09283183, -0.03298919,  0.07297636, -0.03306858, -0.02230550,  0.10710188, -0.22168430,  0.06160193,  0.16324266, -0.25528219,  0.11038821,  0.12982709, -0.14199282,  0.00181885, -0.03132881,  0.04886181,  0.05084420, -0.18404788,  0.30340456, -0.07997984, -0.12394780,  0.27760540, -0.12509436, -0.11851353,  0.17628079, -0.07428129,  0.12131244, -0.19325855,  0.09101592,  0.05154412, -0.17498036,  0.14074824, -0.10987146
 -0.00508829,  0.05394587, -0.09510596,  0.03277934,  0.01597993, -0.00035636, -0.01356839, -0.04812449,  0.22626425, -0.24766482,  0.13724206, -0.04227759,  0.05349772, -0.06661119, -0.07583172,  0.24297030, -0.27549980,  0.18956963, -0.11832144, -0.03245128,  0.20030118, -0.24589439,  0.11425844,  0.08214067, -0.07791887, -0.00015899,  0.04404395,  0.01050351, -0.10056257,  0.10432519, -0.09788872,  0.11978176, -0.10731175,  0.02553968,  0.07698468, -0.24872684,  0.21438310, -0.13598881,  0.00357060,  0.04482555, -0.16345497,  0.31978559, -0.27604900,  0.06125958,  0.11674004, -0.12292387,  0.16349363, -0.17931963,  0.17993801, -0.05701796
 -0.02913289,  0.05896076,  0.00254758, -0.06027025,  0.04895797, -0.02508631,  0.04962004, -0.10028369,  0.00579797,  0.18858867, -0.36166874,  0.39566130, -0.29124024,  0.18860502, -0.17131387,  0.18303561, -0.14457900,  0.07770908,  0.01034461, -0.00526258,  0.00903071, -0.01493352, -0.05346345,  0.10642670, -0.10531046,  0.08785346, -0.12114985,  0.11932069, -0.02317976, -0.11431522,  0.13396645, -0.17139314,  0.19537567, -0.14276093,  0.08061588, -0.02047103, -0.00102912, -0.00106934,  0.06744330, -0.08389442,  0.01644566,  0.00839739,  0.15719358, -0.25323467,  0.20722859, -0.17495502,  0.19184412, -0.17426290,  0.10311813, -0.04982869
 -0.06328897,  0.10986384, -0.04011935, -0.01366591,  0.03943468, -0.11591577,  0.19140765, -0.26599859,  0.28988176, -0.23926774,  0.14297703, -0.03120414, -0.07347119,  0.19574142, -0.12301698, -0.11468414,  0.15831969, -0.10642258,  0.15838997, -0.18186445, -0.01478232,  0.15226381,  0.01581673, -0.15763852,  0.04009812,  0.10212686, -0.07311457,  0.16943844, -0.28053483,  0.20761761,  0.01409724, -0.08556811,  0.09822637, -0.16424094,  0.14378240,  0.06606500, -0.25510902,  0.24096668, -0.25094685,  0.15732629, -0.04631045, -0.00978847, -0.07529369,  0.08318575, -0.00715298, -0.02313178, -0.00091875, -0.05032149,  0.12189369, -0.03514952
 -0.00129134, -0.07647389,  0.01456165,  0.05816521,  0.05335343, -0.09081905, -0.10043511,  0.20094700, -0.01520838, -0.08761178,  0.06850671,  0.07418448, -0.23357964,  0.18894834,  0.13434209, -0.23967117, -0.14147595,  0.20556312, -0.13881214,  0.07249692, -0.21987487,  0.10467696,  0.29415987, -0.15477685, -0.20710648,  0.14529709,  0.14939787,  0.01132500, -0.06364767,  0.03509026,  0.20395696,  0.05746905, -0.09046416, -0.10135454, -0.02137126,  0.15734992,  0.00436091, -0.15488809, -0.00562089, -0.13342055,  0.24891502, -0.15602838, -0.31299210,  0.10420925,  0.19289380, -0.04665523, -0.11371571, -0.05193593,  0.10031663,  0.07874206
 -0.01135228,  0.04053715, -0.05405377,  0.05054140, -0.06234961,  0.06867306, -0.04514381,  0.03524944, -0.06513230,  0.08668236, -0.08940416,  0.08544957, -0.07620390,  0.07712581, -0.11529338,  0.15092010, -0.14005345,  0.14489221, -0.18317721,  0.21926877, -0.20673728,  0.18697735, -0.21553898,  0.22018545, -0.18486528,  0.17910141, -0.20821131,  0.20705441, -0.19287261,  0.20871955, -0.23215654,  0.20806985, -0.19230842,  0.21476501, -0.19914913,  0.15640486, -0.13586788,  0.13844000, -0.11012724,  0.09155515, -0.10204714,  0.09888454, -0.06009268,  0.06875577, -0.12112122,  0.11299926, -0.07483199,  0.07557065, -0.08288390,  0.03415155
  0.14245679, -0.10043975, -0.12854289, -0.01536508,  0.16373959,  0.04147864, -0.10445891, -0.08029894,  0.10691076, -0.01637502,  0.04703352, -0.01113708, -0.06060816, -0.06571370,  0.17499095,  0.11684066, -0.01665727, -0.25810828,  0.23353081, -0.00147674, -0.19784973, -0.13918386,  0.18927714,  0.15802923, -0.11150348, -0.13371201, -0.01981629,  0.09106553,  0.01644878, -0.15429614, -0.08188181,  0.15285495,  0.20190171, -0.08429173, -0.24653203,  0.09699297,  0.06772008,  0.11170452, -0.23151243,  0.03088521,  0.12984649,  0.14143058, -0.12997797, -0.26192591,  0.04197388,  0.26618153,  0.00322682, -0.23054436, -0.09075216,  0.24642907
  0.04492067, -0.05264163, -0.12802270,  0.28694126, -0.13881925, -0.09717956,  0.15887966, -0.09277079, -0.02301491,  0.11375614, -0.08548714, -0.05884410,  0.12682648, -0.07690531, -0.02219117,  0.21396124, -0.28020779,  0.03579994,  0.21166137, -0.07196048, -0.25173756,  0.28416124, -0.01309068, -0.13823464,  0.11031979, -0.12548699,  0.06902917,  0.06684176, -0.09777727, -0.01531684, -0.02988001,  0.15157249, -0.06036039, -0.15690769,  0.15666745, -0.06800484,  0.15524254, -0.20713478,  0.06251669,  0.08770393,  0.00395211, -0.11813447,  0.12026613, -0.09570220,  0.01737708,  0.22262881, -0.27509789, -0.02828249,  0.24328533, -0.13511773
  0.07421356, -0.18647477,  0.19761376, -0.01588075, -0.18184803,  0.20935077, -0.05978698, -0.15845220,  0.19043011, -0.06750864, -0.08969017,  0.14217974, -0.02670056, -0.12893741,  0.27096620, -0.14548387, -0.10867541,  0.16326282,  0.15820341, -0.38314236,  0.15053831,  0.13110714, -0.16987220,  0.11887795, -0.08164746, -0.03327909,  0.12026508, -0.07729173, -0.06426709, -0.05143379,  0.09155344,  0.03852363, -0.12831765,  0.11100482, -0.08089301,  0.11162052, -0.14544995,  0.03840344,  0.02321740,  0.03512253, -0.09504231,  0.16278879, -0.04751432, -0.18060453,  0.26233232, -0.06929692, -0.18324238,  0.20952909, -0.04611373, -0.00425955
 -0.10052674,  0.15149082,  0.01083621, -0.07279839, -0.06754162,  0.05135929,  0.17844343, -0.22881660,  0.02743140, -0.05765254,  0.16534798, -0.01860691, -0.12352501,  0.05398272,  0.09669683, -0.08121358, -0.11432077,  0.21416469, -0.14516889,  0.08260559, -0.14776806,  0.18032740, -0.06828761, -0.12464240,  0.17912017, -0.03075454,  0.02063918, -0.12066272,  0.08749781,  0.20537646, -0.13146348, -0.15616059,  0.14630038,  0.13256352,  0.00378403, -0.29167435,  0.14415251,  0.14390113,  0.02245784, -0.37600183,  0.15054768,  0.14656179, -0.00021373, -0.26271952,  0.01249286,  0.15755415, -0.04872250,  0.01175445, -0.17023747,  0.16207974
 -0.04779249,  0.09018152,  0.00144429, -0.08883852,  0.00918124,  0.13300684, -0.03168284, -0.19259234,  0.04631707,  0.19280325, -0.08460185, -0.17358027,  0.10403590,  0.13648137, -0.08131613, -0.15057206,  0.11570299,  0.13283458, -0.14852995, -0.03819058,  0.15812147,  0.00865365, -0.20468404,  0.10765499,  0.10429855, -0.08181821, -0.16699415,  0.17103890,  0.09937909, -0.11248337, -0.16206303,  0.07769030,  0.22870937, -0.14707456, -0.14725063,  0.04920341,  0.30936209, -0.14850695, -0.20274042,  0.07999082,  0.25800560, -0.08883363, -0.24722327,  0.12184841,  0.19120134, -0.08265206, -0.19386180,  0.11100535,  0.09458836, -0.10886071
 -0.04136471,  0.14196037, -0.13864914,  0.01933429,  0.04552510,  0.00638318,  0.01220938, -0.24293268,  0.36456971, -0.21225952, -0.01713898,  0.04838206,  0.06353214,  0.00689391, -0.15317325,  0.15548661, -0.04860282,  0.10161062, -0.23114584,  0.26215649, -0.16947017,  0.03998530, -0.05465799,  0.09602536,  0.05725215, -0.29133968,  0.31399766, -0.15940924,  0.10632999, -0.22445074,  0.13657120,  0.05282615, -0.01908673, -0.05866364, -0.05322744,  0.21538775, -0.15132435, -0.05121340,  0.00600212,  0.10224021,  0.01638333, -0.15721941,  0.09447409,  0.03826210, -0.01233592, -0.11464336,  0.04840707,  0.13691675, -0.16528390,  0.07848491
 -0.00925724,  0.00050021,  0.05245761, -0.10035104,  0.10904723, -0.11027166,  0.11766894, -0.08264863, -0.02108983,  0.12682483, -0.16485249,  0.15633390, -0.16013745,  0.17172253, -0.13539669,  0.05235217, -0.00050908, -0.02146128,  0.06150606, -0.12626228,  0.18772620, -0.21422650,  0.23674619, -0.28013624,  0.30132727, -0.23843603,  0.12406161, -0.01936325, -0.05768990,  0.15730610, -0.25427603,  0.27730063, -0.25630641,  0.24997165, -0.22815223,  0.14181286, -0.04496122,  0.00341854,  0.00550270, -0.06249439,  0.10536183, -0.07986597,  0.03654780, -0.03108513,  0.04280022, -0.01723657, -0.01902737,  0.01678841,  0.01158629, -0.01117600
  0.01809182, -0.07017310,  0.05464974,  0.01904823, -0.02663524, -0.06020097,  0.08280420,  0.07798310, -0.18090159,  0.11912054,  0.01894462, -0.03442672, -0.11197764,  0.15881888, -0.11919761,  0.10599596, -0.16690512,  0.12345781, -0.02219244, -0.02362068,  0.00725583,  0.06628992, -0.01491231, -0.11908126,  0.13303359, -0.05192968,  0.09107201, -0.25603234,  0.34000761, -0.22032346,  0.16339065, -0.19035282,  0.07128333,  0.08449270, -0.12540629,  0.06601586, -0.09710166,  0.25994199, -0.27788987,  0.18544197, -0.19078866,  0.25694584, -0.22730425,  0.12574724, -0.06400082,  0.13515842, -0.09343764, -0.09121065,  0.18616004, -0.11514344
  0.06321360, -0.13047172,  0.15417711, -0.16942704,  0.14221669, -0.06507282,  0.03205092, -0.07196199,  0.05156433,  0.04997486, -0.16023108,  0.17875789, -0.08455458,  0.03354684, -0.04007306,  0.10355357, -0.07466487,  0.05772993, -0.03318813, -0.02706048,  0.06236286, -0.14852682,  0.13417567, -0.03464757,  0.00444256, -0.03791126, -0.01736729,  0.10854328, -0.14515009, -0.00959493,  0.09413046, -0.08380130,  0.14091764, -0.20289481,  0.18781832, -0.10840528,  0.06273714, -0.12554784,  0.09929999,  0.04455084, -0.11287240,  0.13002346, -0.16431472,  0.22910194, -0.29187396,  0.26210188, -0.26800637,  0.33387377, -0.30934194,  0.15609126
 -0.00779403,  0.01573180, -0.06342724,  0.10684355, -0.07468339, -0.02146563,  0.07684128, -0.04288862,  0.07246616, -0.16029535,  0.23045252, -0.19137609,  0.02167859,  0.12450174, -0.22435665,  0.24419182, -0.20230541,  0.06254051,  0.08316621, -0.19437382,  0.25296204, -0.18659041,  0.06704407,  0.04683258, -0.17141695,  0.26457316, -0.21502757,  0.05295535,  0.11937482, -0.13980207,  0.14632360, -0.11481772, -0.01563973,  0.13556752, -0.17056576,  0.13219325, -0.05561378,  0.00976326,  0.08964768, -0.19543959,  0.22013433, -0.21129542,  0.14809314, -0.05041719, -0.05573742,  0.16063010, -0.18532291,  0.11772879, -0.05203918,  0.00045620
 -0.03198812,  0.06299436, -0.04065888, -0.01832069,  0.08750793, -0.11755151,  0.09669340, -0.09051771,  0.10226377, -0.08414071, -0.00935835,  0.14260402, -0.22685334,  0.20397766, -0.09402945, -0.07157033,  0.19753295, -0.26056647,  0.23134982, -0.11558555, -0.03010692,  0.18537374, -0.26513569,  0.25813844, -0.18961608,  0.05027616,  0.12316068, -0.21686422,  0.19545846, -0.06316764, -0.04698682,  0.12651788, -0.16132052,  0.11496089, -0.00561626, -0.09872249,  0.17604757, -0.19020282,  0.18854613, -0.14600217,  0.04339052,  0.06345697, -0.15591968,  0.19836278, -0.18239147,  0.10995133, -0.00753414, -0.07433676,  0.08026100, -0.04376186
