 -0.14162943, -0.14162305, -0.14161902, -0.14161933, -0.14161948, -0.14161929, -0.14161870, -0.14161641, -0.14160916, -0.14159902, -0.14158722, -0.14157493, -0.14156198, -0.14154894, -0.14153570, -0.14152262, -0.14151028, -0.14149787, -0.14148537, -0.14147241, -0.14145958, -0.14144725, -0.14143578, -0.14142451, -0.14141358, -0.14140240, -0.14139180, -0.14138164, -0.14137195, -0.14136205, -0.14135247, -0.14134373, -0.14133518, -0.14132635, -0.14131781, -0.14130973, -0.14130119, -0.14129211, -0.14128353, -0.14127602, -0.14126942, -0.14126175, -0.14125412, -0.14124706, -0.14124022, -0.14123312, -0.14122582, -0.14121839, -0.14121134, -0.14120420
  0.40449366,  0.43703260,  0.42944699,  0.37095146,  0.29189138,  0.19841277,  0.09927373,  0.01268515, -0.04046990, -0.07153559, -0.09010665, -0.10228724, -0.10848498, -0.11150282, -0.11115401, -0.11158512, -0.11128784, -0.10997699, -0.10746544, -0.10242579, -0.09744683, -0.08998078, -0.08340572, -0.07969425, -0.07678354, -0.07100027, -0.06570155, -0.06108996, -0.05760436, -0.05426527, -0.05132030, -0.04796522, -0.04486024, -0.03843111, -0.03377255, -0.02968108, -0.02245130, -0.01210360, -0.00704663, -0.00736520, -0.01116949, -0.00955362, -0.00722857, -0.00819060, -0.00911171, -0.00665233, -0.00100942,  0.00357182,  0.00634712,  0.00656392
 -0.11077951, -0.02548480,  0.06318878,  0.13297334,  0.18968298,  0.22741693,  0.24108638,  0.23420238,  0.22570600,  0.21558415,  0.20473548,  0.19137285,  0.17799638,  0.16360011,  0.14979253,  0.13586529,  0.11842339,  0.10160241,  0.08572960,  0.07306718,  0.06165582,  0.04957811,  0.03563739,  0.02274348,  0.00949271, -0.00139159, -0.01303645, -0.02541034, -0.03858575, -0.04920846, -0.05981476, -0.07342358, -0.08721212, -0.09902479, -0.11019658, -0.12182602, -0.12986046, -0.13305470, -0.13520448, -0.14063145, -0.15013421, -0.15531314, -0.16037422, -0.16759899, -0.17599358, -0.18329864, -0.18878865, -0.19177529, -0.19470747, -0.19535360
 -0.59590486, -0.32439552, -0.01125692,  0.18504618,  0.32002315,  0.35496502,  0.26233389,  0.10433065,  0.00483056, -0.04942052, -0.08096390, -0.10350459, -0.10963517, -0.10543723, -0.08886391, -0.08431570, -0.08063298, -0.08093695, -0.08453567, -0.08669085, -0.09377874, -0.07606893, -0.04842674, -0.04228174, -0.05148425, -0.04745118, -0.03503328, -0.01913366, -0.00776732, -0.00078418,  0.00817581,  0.01850207,  0.01655618,  0.02123360,  0.01052223, -0.00602231, -0.00071655,  0.03818869,  0.06887146,  0.07948450,  0.06984290,  0.08460559,  0.10205599,  0.09106569,  0.06403798,  0.04965739,  0.06083051,  0.07751185,  0.10014517,  0.12436238
 -0.36355899,  0.04249506,  0.30622900,  0.38378526,  0.05553592, -0.31053126, -0.36013206, -0.13801135, -0.06505496, -0.10748762, -0.09670223,  0.04283851,  0.15467531,  0.14345627,  0.03607313, -0.00086513,  0.05283978,  0.08505623,  0.04355209, -0.02459565,  0.01837479,  0.12147238,  0.15812157,  0.05407741, -0.06496336, -0.06908629,  0.06441942,  0.14064182,  0.07155882, -0.03749159, -0.01072902,  0.07225325,  0.04624451, -0.14345119, -0.22928785, -0.08933708,  0.09409228,  0.08239491, -0.03633695, -0.08313900,  0.02808778,  0.07090349, -0.03690525, -0.17122590, -0.18099719, -0.04384137,  0.09249243,  0.11195546,  0.05197779,  0.03832891
 -0.12572301,  0.10673549,  0.15478104, -0.09418903, -0.20380902,  0.01415603,  0.20789885,  0.08378871, -0.14098138, -0.12517509,  0.09875943,  0.19189732,  0.01731314, -0.17198719, -0.10944519,  0.09364721,  0.15190550, -0.02592277, -0.17456810, -0.08035487,  0.12510565,  0.17003307, -0.02939366, -0.22488383, -0.12378463,  0.14856242,  0.20025881, -0.04659546, -0.23484115, -0.09318838,  0.18047076,  0.16511573, -0.13516428, -0.25815854, -0.03033094,  0.21106326,  0.13446275, -0.11472870, -0.16753859,  0.04539924,  0.19622423,  0.08031299, -0.12665209, -0.14090958,  0.05626081,  0.19543726,  0.08666237, -0.11750001, -0.10951747,  0.08916480
 -0.15405150,  0.09097595,  0.06053328,  0.06836860,  0.10311886,  0.02255301, -0.19043169, -0.28337796, -0.15221190,  0.08431597,  0.14315460, -0.00391956, -0.09719346,  0.03744362,  0.20427692,  0.17169833, -0.05391313, -0.16353210, -0.00652639,  0.19642763,  0.20018407, -0.00655303, -0.13830774, -0.00778517,  0.18439446,  0.12658940, -0.11865601, -0.20950181, -0.00694838,  0.21304831,  0.13961610, -0.16568501, -0.27026985, -0.09578554,  0.08192119,  0.00151208, -0.17538065, -0.17174988,  0.05226083,  0.16985270,  0.04067597, -0.16379165, -0.17927171, -0.00690956,  0.09091976, -0.00204178, -0.11336980, -0.00908359,  0.20382358,  0.25874520
 -0.02164078,  0.05735532,  0.07863840, -0.09683657, -0.17974939, -0.08012109,  0.06934628,  0.11582424,  0.13987421,  0.12773765,  0.12944428,  0.14724666,  0.17280353,  0.13467573,  0.04905325, -0.02076683, -0.02748336,  0.03755062,  0.06457541,  0.02157008, -0.04481511, -0.06001994, -0.05652077, -0.09297870, -0.17895214, -0.19559568, -0.14317731, -0.09252471, -0.12556609, -0.19572326, -0.24561024, -0.25622022, -0.22843579, -0.18591096, -0.17137402, -0.17079156, -0.11320067, -0.00751220,  0.05323219,  0.02602747, -0.02981557,  0.02910597,  0.13175916,  0.18660460,  0.19766068,  0.22393751,  0.26641672,  0.26998786,  0.18962250,  0.10149473
  0.20696349, -0.06967018, -0.28244304,  0.00441274,  0.26577975,  0.15508491, -0.07869164, -0.16750247, -0.18543201, -0.14936641, -0.07708234,  0.02170201,  0.08539610,  0.09939837,  0.12221800,  0.20665340,  0.22884833,  0.08410057, -0.12200958, -0.16852098, -0.02097971,  0.08600535,  0.07570188,  0.07060245,  0.10263210,  0.06518773, -0.04896081, -0.14218706, -0.15125200, -0.09955153, -0.02001723,  0.08067553,  0.10180038, -0.04048457, -0.18556650, -0.19644733, -0.15981216, -0.21666251, -0.28070622, -0.16814760,  0.11034942,  0.25233492,  0.19621505,  0.08570360,  0.03681160,  0.03828626,  0.03778324,  0.04182797,  0.06551677,  0.10349893
 -0.05812577,  0.07498572,  0.06985516, -0.06082585, -0.05538786,  0.07309799,  0.11852342,  0.04023305, -0.06668996, -0.14101851, -0.17601062, -0.19120388, -0.17921444, -0.13379295, -0.06586225,  0.02313791,  0.15134573,  0.27227400,  0.29835780,  0.19738199,  0.06360108, -0.00122906, -0.02213485, -0.05255242, -0.04814524,  0.02207022,  0.09711936,  0.12407645,  0.11282087,  0.09676080,  0.08524383,  0.05044904,  0.02910177,  0.03397604,  0.01198298, -0.05651394, -0.11940753, -0.17126532, -0.24173548, -0.32999852, -0.34998871, -0.24713887, -0.09647417,  0.01880651,  0.08410575,  0.12996159,  0.15738280,  0.15668729,  0.14335877,  0.12805541
  0.06094190,  0.05812481, -0.08716233, -0.16765793, -0.01391215,  0.15554073,  0.13367977, -0.01394249, -0.09154991, -0.05079562,  0.04937659,  0.11429050,  0.09644924, -0.02235569, -0.17836809, -0.24900756, -0.19310087, -0.07345377,  0.01573353,  0.09680052,  0.23040079,  0.33979817,  0.28545117,  0.09387536, -0.09990150, -0.20324506, -0.23002035, -0.19062055, -0.09849871,  0.02312403,  0.11352335,  0.14498728,  0.14137425,  0.07999660, -0.03837395, -0.11842039, -0.07258249,  0.03309934,  0.08204061,  0.04663958, -0.00878436, -0.05264056, -0.13275346, -0.22440604, -0.23311931, -0.11627877,  0.05557552,  0.18500910,  0.20016015,  0.12495732
 -0.16285090,  0.13804021,  0.29300451, -0.09021221, -0.32921201, -0.07611567,  0.21303998,  0.17953064, -0.03732454, -0.18441820, -0.17136103, -0.07311901,  0.05343134,  0.16951228,  0.17246817,  0.01235926, -0.10708078, -0.08570513, -0.01862488, -0.08757962, -0.19451993, -0.06405170,  0.20503521,  0.28748060,  0.19711439,  0.10450991,  0.03289349, -0.06133423, -0.13502972, -0.11986490, -0.02772033,  0.00232480,  0.00885832,  0.11558803,  0.16207238,  0.01661350, -0.16249498, -0.17446510, -0.05985475,  0.00641437, -0.00402069,  0.04710503,  0.13093943,  0.09549461, -0.06553038, -0.19372596, -0.18356727, -0.06705392,  0.10354214,  0.18949024
  0.13984701, -0.34624307,  0.08306856,  0.29908182, -0.01603504, -0.28694657, -0.05113303,  0.16350244,  0.22536940,  0.08068103, -0.02728475, -0.07922471, -0.10996122, -0.11713464,  0.05301873,  0.14856290,  0.03888791, -0.12137631, -0.07593836,  0.16620194,  0.17625746,  0.03286463,  0.01365552,  0.05359432, -0.08863374, -0.23912685, -0.25408699, -0.14399657, -0.12995196, -0.14636346, -0.05906975,  0.15373011,  0.13234444,  0.12233196,  0.20282764,  0.22284866,  0.00192536, -0.20691458, -0.22599235, -0.00666779,  0.04986746, -0.03542024, -0.04599899,  0.01160011,  0.06015867,  0.05403768,  0.04574928,  0.00414396,  0.00865162,  0.06865702
 -0.02981008,  0.01216996, -0.07411970,  0.02621223,  0.10897304,  0.02084751, -0.08591345, -0.05658001,  0.02914391,  0.08498402,  0.08885798,  0.04893984, -0.02534547, -0.13885677, -0.19526022, -0.08154219,  0.05939212,  0.11548973,  0.03662309, -0.04223335, -0.00978287,  0.03961253,  0.09860107,  0.21447856,  0.26837532,  0.16850271, -0.04212331, -0.20245071, -0.24684927, -0.21291901, -0.16985066, -0.16715041, -0.13172331, -0.09222735,  0.05745744,  0.26992799,  0.39583006,  0.24810827, -0.04246818, -0.25955926, -0.23428270, -0.07890604,  0.02179547,  0.03764793, -0.01116905, -0.05759151, -0.06124686,  0.01624606,  0.09839504,  0.18339906
  0.11048526, -0.16545830, -0.02566156,  0.11398329,  0.03240330, -0.07967725,  0.03469567,  0.08381642,  0.00204370, -0.16189079, -0.15752402,  0.00554875,  0.14929237,  0.09170690, -0.03557132, -0.13160245, -0.17020180, -0.09040757,  0.08846808,  0.25833255,  0.18369226, -0.05776280, -0.16888511, -0.02259634,  0.15461766,  0.23647126,  0.14911565, -0.02037258, -0.21077168, -0.21857640,  0.00221222,  0.24775664,  0.16578811, -0.10773784, -0.28181285, -0.22475580, -0.03657173,  0.13729494,  0.17454624,  0.09854314, -0.09213372, -0.19032183, -0.06915710,  0.12874964,  0.19642585,  0.07833886, -0.09554122, -0.16598827, -0.06771511,  0.12437815
 -0.00529043, -0.01343317,  0.06961424,  0.02395832, -0.06750441, -0.04126873,  0.02494557, -0.01390050, -0.08965729, -0.06336678,  0.07698481,  0.18528316,  0.15274949,  0.04474883, -0.01637575,  0.00316445,  0.08483495,  0.17508254,  0.17716182,  0.02240348, -0.20383170, -0.30011060, -0.20994717, -0.08772367, -0.08883445, -0.20061392, -0.29495181, -0.26038578, -0.06027470,  0.22756408,  0.38731924,  0.28496474,  0.03740308, -0.09854225, -0.04706225,  0.07956717,  0.13703386,  0.09528674,  0.00000511, -0.07933096, -0.07647512,  0.03975644,  0.16081629,  0.14316410, -0.00806688, -0.15625188, -0.16905238, -0.05063106,  0.05769927,  0.01129511
 -0.19466414,  0.28324004, -0.04958486, -0.10063021,  0.06598284,  0.09498821, -0.11922607, -0.05699905, -0.01066384,  0.01544456, -0.10582096, -0.13877438,  0.02954976,  0.27104528,  0.22442646,  0.08832663,  0.07517325,  0.11849277,  0.08340060, -0.03885338,  0.02156045,  0.04505658, -0.14146195, -0.33547000, -0.20623874, -0.03193253, -0.02960651, -0.19207902, -0.24087351, -0.22098582, -0.11823440, -0.00792622,  0.27388473,  0.33724823,  0.20394735,  0.05788194,  0.09611180,  0.12011367,  0.10395194, -0.01499224, -0.00082622, -0.03867251, -0.12453758, -0.08778211,  0.01672708,  0.06765416, -0.01568046, -0.08191065, -0.04362972,  0.05382608
  0.02276920, -0.06934527, -0.01916621,  0.02482237,  0.03681259,  0.01348082, -0.01260247, -0.07627645, -0.08049002,  0.01411550,  0.19126266,  0.29704916,  0.23568883,  0.10733074,  0.05689924, -0.01030084, -0.12474026, -0.24946112, -0.25770112, -0.20646635, -0.24751164, -0.24309030, -0.09474895,  0.04475731,  0.07950721,  0.07284950,  0.08796362,  0.10089453,  0.04639209, -0.01432639,  0.02395744,  0.15211221,  0.16931787,  0.15874961,  0.12631140,  0.07222314, -0.01562247, -0.05629995, -0.09719517, -0.13162365, -0.21169136, -0.27388168, -0.22634156, -0.11679884,  0.01693505,  0.15067347,  0.23477092,  0.18143361,  0.09528972,  0.02138341
 -0.13451939,  0.11618898,  0.06232709,  0.01666670, -0.02846957, -0.06075549, -0.15822235, -0.03873857,  0.17250391,  0.37076475,  0.20249552, -0.10078973, -0.13010537,  0.05616364, -0.05017309, -0.29469901, -0.24224456, -0.02895140, -0.02471292, -0.18054898, -0.05064747,  0.20547265,  0.18205005, -0.04469589, -0.01728068,  0.10003083,  0.03232906, -0.13519467, -0.04352889,  0.13978642,  0.20982931,  0.12149052,  0.11908250,  0.05324916, -0.06946152, -0.13642553, -0.07424416, -0.09129321, -0.17661483, -0.20848153, -0.05142164,  0.04834115,  0.08350418,  0.18896515,  0.26590071,  0.17337505, -0.04922522, -0.17355531, -0.11308663, -0.01238994
 -0.06754221,  0.10266124,  0.04806538, -0.12176735, -0.04851023,  0.03230084, -0.03352325,  0.04665452,  0.27218234,  0.08477579, -0.27140566, -0.11211126,  0.30263198,  0.14729841, -0.27242906, -0.15844074,  0.20740787,  0.03505881, -0.32366858, -0.11892074,  0.22924956,  0.05677830, -0.26728013, -0.11891257,  0.18651989,  0.07617437, -0.17018114, -0.00696699,  0.24887236,  0.10986586, -0.07933953,  0.01008819,  0.07498940, -0.03833467, -0.06144508,  0.07901353,  0.06388583, -0.12807641, -0.14505218,  0.05389192,  0.05171123, -0.07885188, -0.03422295,  0.09541149,  0.01465011, -0.13940384, -0.07411629,  0.07983808,  0.10608968,  0.05446842
  0.21851718, -0.40521115,  0.15554921,  0.14605934, -0.16285051, -0.05806959,  0.31054706, -0.13784180, -0.17435745,  0.06966587,  0.07884751, -0.20618850, -0.05357743,  0.22802028,  0.16890856, -0.17343524, -0.03432841,  0.25424193,  0.02084911, -0.18111099, -0.06614211,  0.12205425, -0.04023895, -0.15957386, -0.01607252,  0.20191248, -0.00307996, -0.11731539,  0.01142552,  0.16415127, -0.12244487, -0.08729988, -0.04793833,  0.06227081, -0.07945935, -0.01595995,  0.11349831,  0.14047791, -0.11659212,  0.02772719,  0.12384262, -0.02735758, -0.16003329, -0.13145949,  0.01118197, -0.03704396, -0.03979985,  0.07699567,  0.14874993, -0.00072632
 -0.02112320, -0.06303899,  0.12120113,  0.00785694, -0.09816078,  0.11777755,  0.00101292, -0.17226524,  0.07128274,  0.03495263, -0.13410582,  0.08470410,  0.07374435, -0.10276790,  0.02249104,  0.04204735, -0.16869966,  0.04307896,  0.11914617, -0.09745344,  0.14365232,  0.06098353, -0.25410140,  0.16184996,  0.13755085, -0.17839521,  0.16958563,  0.03618740, -0.28605608,  0.09874720,  0.08082451, -0.20112322,  0.15989050,  0.12363811, -0.17793618,  0.13647830,  0.08684713, -0.24382384,  0.04647514,  0.07741772, -0.17928020,  0.18587242,  0.11260815, -0.24538319,  0.15335435,  0.12629442, -0.19436223,  0.19310721,  0.04604424, -0.25861925
 -0.00194826, -0.02276697,  0.08080459, -0.10292324,  0.05586794,  0.02974643, -0.07807260,  0.01839689,  0.10244714, -0.15219302,  0.05053060,  0.07903724, -0.09184058, -0.00875702,  0.10234820, -0.10373521, -0.04528990,  0.18475478, -0.12481484, -0.00603912,  0.15344264, -0.19304812,  0.00474284,  0.22089305, -0.23833337,  0.08971286,  0.14364192, -0.23813097,  0.02934294,  0.19960879, -0.21164057,  0.02444322,  0.17938735, -0.20191680,  0.03226266,  0.15471344, -0.17969657, -0.00987622,  0.17387552, -0.16597759,  0.03174358,  0.19533510, -0.25022661,  0.02546881,  0.20759797, -0.22825317,  0.03414553,  0.21513164, -0.26000384,  0.09605994
 -0.08578551, -0.01464055,  0.25716200, -0.09706192, -0.14987809,  0.24205833, -0.00855137, -0.29680545, -0.12760440,  0.12584743,  0.06474973, -0.05501830, -0.06726357, -0.01784148, -0.12151085, -0.04196724,  0.21424751,  0.13136838,  0.09227592,  0.09601785, -0.08911258, -0.15502964,  0.08907445,  0.26103950,  0.23459419, -0.08488049, -0.26080415, -0.05334251,  0.05639966, -0.18361176, -0.14238261,  0.14842922,  0.14719231, -0.00443245, -0.08125358, -0.04529894,  0.00098569, -0.05414571,  0.00635834,  0.18758959,  0.18031006, -0.09870952, -0.14974703,  0.00882573,  0.08316746,  0.16939934,  0.17108084, -0.08910076, -0.23239138, -0.16002932
  0.08307819,  0.00262191, -0.03552110, -0.16760384,  0.01559090,  0.14891577,  0.00856346, -0.11341885,  0.10177538,  0.13481041, -0.04354358, -0.14450715, -0.07570165,  0.04650828,  0.19923479,  0.12566584, -0.00478484, -0.04470808, -0.08975448, -0.12081082, -0.09134457, -0.00703708,  0.14504558,  0.12907574, -0.23458484, -0.30775643,  0.06985870,  0.29765434,  0.04828106, -0.08393650, -0.00862843,  0.16399524,  0.02621595, -0.23026004, -0.23485681,  0.12192408,  0.18889538,  0.02526600,  0.00419716,  0.04988263, -0.01785962, -0.14953448, -0.16405603,  0.00768769,  0.19207210, -0.04149701, -0.29235375, -0.11070576,  0.22170706,  0.25623399
  0.04991037, -0.08602494, -0.01451606, -0.01235118,  0.12711053,  0.09482844, -0.17660920, -0.10716945,  0.13755086,  0.03889352, -0.16038406, -0.06103221,  0.06405606,  0.13434481, -0.05899320, -0.15878344,  0.06452209,  0.05802556,  0.11427497,  0.04262777, -0.17002509,  0.01364748,  0.20215118, -0.08079322, -0.10298804,  0.09641454,  0.23297411, -0.04237544, -0.28786582, -0.08006142,  0.13867549,  0.14634418, -0.20999306, -0.12133764,  0.13971395,  0.21791426, -0.13024148, -0.14646611, -0.01632976,  0.21489537,  0.08715960, -0.22518125, -0.01720618,  0.16870416, -0.01779868, -0.17797869,  0.07060754,  0.22781334,  0.11926122, -0.33993044
 -0.01559106,  0.00513282,  0.04406334, -0.03513664, -0.09644787,  0.17957131,  0.03653652, -0.18323813, -0.15249645,  0.16006729,  0.18143164, -0.07674231, -0.05497268,  0.19792628,  0.01645911, -0.11130507, -0.19770303, -0.20851702,  0.03967859,  0.34729399,  0.19234574, -0.12087285, -0.18976742, -0.08998981, -0.03768138,  0.01220563,  0.09985469,  0.18528833,  0.06323318, -0.24706282, -0.06347002,  0.10392223,  0.04770050, -0.11756491,  0.09892963,  0.06497506,  0.11818416, -0.04169344, -0.23280684, -0.24207371,  0.08333681,  0.25582362,  0.15170485,  0.09254708, -0.15471335, -0.19939915, -0.03024356,  0.14663664,  0.02146507, -0.04682182
 -0.03295897,  0.08938766, -0.20884114,  0.34365424, -0.29539622,  0.11283677,  0.01131022,  0.07512344, -0.15060403, -0.01333343, -0.06635251,  0.24765878, -0.25210476,  0.01324484,  0.14917422, -0.12880881,  0.13666123,  0.03396449, -0.15869801, -0.01753263,  0.06792770,  0.04031807,  0.14541940, -0.17221208,  0.15736553, -0.14176758,  0.07912727, -0.13146181,  0.17364226, -0.11301107,  0.01316014, -0.13598758,  0.28680983, -0.23020438,  0.04579698,  0.06231734, -0.04912821,  0.00363861,  0.09442261,  0.02347267, -0.09917979, -0.06495607, -0.04544009,  0.19423846,  0.01039606,  0.04156479, -0.12872350,  0.02028100,  0.17354915, -0.20976360
 -0.00767240,  0.03827867, -0.09884563,  0.11394459, -0.03787907, -0.06438880,  0.05743334,  0.02310971, -0.01634449,  0.10074084, -0.06189332, -0.09436313,  0.11336423,  0.08980156, -0.22994827, -0.08713719,  0.21721792,  0.01904168, -0.12536758,  0.11132716,  0.01946616, -0.21057933,  0.01766888,  0.16580558,  0.01973067, -0.16676557,  0.12368950,  0.05658248, -0.13278274, -0.06091402,  0.21674393, -0.07585951, -0.16358895,  0.08824661,  0.22392783, -0.20975338, -0.16965183,  0.24781989, -0.02721122, -0.19535546,  0.17630034,  0.22947343, -0.29961714, -0.16420375,  0.22743912,  0.10862186, -0.19801627,  0.00532820,  0.16183520, -0.07479916
 -0.02376089,  0.02153098, -0.00434324,  0.06621112, -0.12050200,  0.07873124,  0.00443839, -0.02695617, -0.01701982,  0.02275724, -0.10077598,  0.09105292,  0.13858866, -0.18204004, -0.09877879,  0.25835707, -0.04827190, -0.19109654,  0.07651260,  0.11316871, -0.08875320, -0.02491713,  0.13921568,  0.00004888, -0.17265962,  0.05598729,  0.13399592, -0.15935988,  0.01602660,  0.10215967,  0.03561620, -0.27268181,  0.14473091,  0.18541301, -0.10545375, -0.25766314,  0.32854969,  0.02598534, -0.25605377,  0.04497952,  0.19308039, -0.12017386, -0.19463864,  0.28401587,  0.09799657, -0.20466446, -0.04994188,  0.17478903, -0.11465095,  0.00121975
 -0.00962536,  0.12246831, -0.20434038,  0.07181009,  0.07488291, -0.16427468,  0.13010442, -0.03823436,  0.01071145,  0.25938901, -0.11737172, -0.00302105,  0.14759401, -0.23314418,  0.05573515, -0.06009314, -0.29553530,  0.35092111,  0.06642941, -0.00822031, -0.01207863, -0.28163596,  0.05387878, -0.04081476,  0.01694699,  0.12498799, -0.03994618,  0.05584671,  0.04206216, -0.18723030,  0.14106376, -0.10332749,  0.09827479, -0.00217847, -0.11197174,  0.12379796, -0.01843330, -0.24776256,  0.00873815,  0.09358674,  0.10991097,  0.19415121, -0.25003555,  0.04162116, -0.18666895, -0.03433632,  0.16071117, -0.14871635,  0.13295937,  0.11040930
 -0.08831284,  0.04807380,  0.12958297, -0.14835078,  0.16493038, -0.14775443,  0.10539852, -0.08249985, -0.07130931, -0.12932770,  0.05916528,  0.18170673, -0.03582689, -0.07981746,  0.04250238, -0.05156394,  0.05798647, -0.07860441, -0.07734958,  0.12805769,  0.14889163, -0.09137188,  0.18578249, -0.14588590,  0.02115076,  0.01742884, -0.11376797,  0.15487207, -0.10727749,  0.10359140, -0.15668029, -0.06064069,  0.02353316,  0.30149024, -0.31890527,  0.27578600, -0.17422245,  0.16196425, -0.09773562, -0.13043687,  0.08514400, -0.02225177,  0.01291812,  0.13263881,  0.19030960, -0.13081810,  0.01539252, -0.19981239,  0.25680690, -0.26457877
 -0.02103994,  0.04218519, -0.03926279,  0.01123112,  0.04739690, -0.06346251, -0.02820880,  0.19688646, -0.26013282,  0.07805167,  0.12051891, -0.14330065,  0.01541985,  0.07781533, -0.15119905,  0.13662468, -0.00763185, -0.10302381,  0.23533319, -0.30878032,  0.23522601, -0.11318111,  0.06309618, -0.01660184,  0.04940593, -0.09188833,  0.14530524, -0.21756886,  0.24465388, -0.18833237, -0.01815402,  0.15039005, -0.11817142,  0.08473261, -0.08354364,  0.06183345, -0.02797761,  0.02979935, -0.12099927,  0.26753136, -0.25512051,  0.12786582, -0.04214929, -0.08304936,  0.26518757, -0.25377538,  0.10064639,  0.01321956,  0.03422481, -0.07802677
  0.02312693, -0.09977141,  0.08940195,  0.04644167, -0.10383714,  0.06990572,  0.13630577, -0.17908222, -0.13949534,  0.14533275, -0.27483546, -0.10894561,  0.14095095,  0.04413409,  0.13459445,  0.19148174, -0.04296362, -0.02108957, -0.27570938, -0.07181753,  0.24293824,  0.07726435,  0.11110490,  0.05670871, -0.09753490,  0.00845454, -0.14413639,  0.02932273, -0.01612225, -0.06433585,  0.27011317, -0.02313952, -0.21730196,  0.04620603,  0.00949041,  0.03095472,  0.03906580,  0.08096404,  0.28832880, -0.22751037, -0.25545764, -0.00320589,  0.00713532,  0.22045392,  0.02346170, -0.07209144,  0.24606112, -0.03573709, -0.21338063, -0.12220134
  0.04619875, -0.06180804,  0.04669918, -0.04230709, -0.06428967,  0.10823849,  0.04532756, -0.26437067,  0.36245875, -0.10555731, -0.09706762, -0.00917115,  0.04489250, -0.02814910,  0.14244816, -0.04512699,  0.00635060, -0.13964951,  0.12140612, -0.10579243,  0.14317774, -0.17544607,  0.11506036, -0.13235885,  0.16230606, -0.18574798,  0.16858594, -0.11793307,  0.00105950,  0.06859392,  0.09726137, -0.08997382,  0.01062426, -0.07701497,  0.01012685,  0.06901030, -0.18833050,  0.37979420, -0.31619490,  0.12409659, -0.10704603,  0.10153159, -0.02127340,  0.03069619, -0.23919328,  0.11411508,  0.14078391, -0.09586593, -0.12148112,  0.17030431
  0.05322887, -0.07178140,  0.00355543,  0.07163337, -0.18788590,  0.25594515, -0.20887965,  0.05221428,  0.08970435,  0.10720529, -0.28137005,  0.35765698, -0.25180168,  0.14622409, -0.10279912,  0.04752401, -0.13193717,  0.10303335,  0.01633790, -0.04765141,  0.08987153, -0.12146144, -0.05783914,  0.08492769, -0.13479780,  0.11507928, -0.01411927,  0.02468678, -0.01908114,  0.03535170, -0.00452737, -0.00668470, -0.07457007,  0.05264415,  0.04450866, -0.09829927,  0.01775613,  0.05542339, -0.09235605, -0.02842609,  0.13268294, -0.09032859,  0.18529991, -0.27650455,  0.12597032, -0.18738359,  0.26643895, -0.29970453,  0.17225730,  0.08302395
  0.04038094, -0.14261938,  0.18765812, -0.16223520,  0.08898813,  0.12084078, -0.20282120,  0.08561543,  0.07247419, -0.30840171,  0.12560854,  0.02136365, -0.03778598,  0.14472603, -0.03244024,  0.00965041, -0.15037511,  0.22283854, -0.25587089,  0.15373247,  0.06114701, -0.08637101,  0.14194581, -0.02616249, -0.05086306, -0.00107208,  0.01186223, -0.05944264,  0.08415246, -0.03418961,  0.03809046, -0.04794266, -0.10893324,  0.08038068,  0.09023426, -0.17748485,  0.28495469, -0.12793523, -0.08529338,  0.17305963, -0.26512665,  0.22508209, -0.16317418,  0.14656149, -0.08411314,  0.19507941, -0.05202534, -0.17398057,  0.17841593, -0.14818863
  0.03103421, -0.05506967,  0.02275259,  0.03522040, -0.06924584,  0.09293717, -0.10008888, -0.01829193,  0.09932742, -0.06113661,  0.03390960,  0.11509116, -0.01023140, -0.17093821,  0.22642011, -0.33945059,  0.25157328, -0.09594337,  0.11365231, -0.14908213,  0.19006509, -0.15302160, -0.01912165,  0.07304199, -0.16928966,  0.10223501,  0.06882204, -0.11105766,  0.21014532, -0.24094795,  0.09514569,  0.06963880, -0.27122672,  0.36314889, -0.17169282, -0.02425999,  0.07747116, -0.15599018,  0.12847255, -0.11651976,  0.13134742, -0.06378779,  0.05068589,  0.01987118, -0.12653773,  0.11830768, -0.19217419,  0.08557407, -0.00430945,  0.08352091
  0.03673108, -0.03672712,  0.07775584, -0.10023840, -0.04128847, -0.01355039, -0.07382152,  0.18055757,  0.11677091,  0.10185147,  0.14733794, -0.18766260, -0.31117044,  0.13069259, -0.08599277,  0.13830116,  0.19088838, -0.07673942, -0.18583433,  0.06723182, -0.04538981, -0.22572433,  0.08964147, -0.07088073,  0.01531980,  0.23136727, -0.07544410,  0.00896533, -0.12909228, -0.10752560,  0.36042848, -0.18798796,  0.22712845,  0.01858329, -0.33671896,  0.01914187, -0.04305681,  0.06216381,  0.09224500,  0.06481303, -0.07080350,  0.00621824,  0.06540404, -0.18603457, -0.14483205, -0.06548842,  0.04471906,  0.24645105,  0.00316014,  0.05814641
 -0.03432038,  0.03652398,  0.08632105, -0.04869781, -0.07676659, -0.05771856, -0.00023125, -0.01730345,  0.13204105,  0.18408341,  0.08997959,  0.01707048, -0.22237371, -0.25971430,  0.07357357,  0.13806274,  0.09608294,  0.08170237, -0.13438996, -0.10733813,  0.01783917,  0.02840517, -0.19248750, -0.06787203,  0.22192796, -0.12013823,  0.21844728, -0.01066392, -0.22860581,  0.07454996, -0.15694156,  0.35475168, -0.06231105,  0.11579946, -0.02531773, -0.33852721,  0.02364744,  0.03997466,  0.14807474, -0.02019292, -0.01787270,  0.07236624, -0.12620184,  0.16995724, -0.21052570, -0.23725284,  0.12593193,  0.05853053,  0.20142373, -0.03328617
 -0.00779964,  0.01583878, -0.04595871,  0.10067974, -0.09139340,  0.07988161, -0.08255367,  0.02878820, -0.03530564, -0.05808824,  0.14690906, -0.09810236,  0.14892569, -0.19703059,  0.18587985, -0.23643449,  0.19773212, -0.06996821,  0.08085833, -0.15804499,  0.20371975, -0.17621954,  0.14746557, -0.08127023, -0.06031129,  0.15268711, -0.26228698,  0.36880056, -0.29702863,  0.13477282, -0.04062317, -0.05286267,  0.10348448, -0.12035393,  0.22850298, -0.21990176,  0.12338314, -0.06811008, -0.05336136,  0.16969568, -0.15612932,  0.05231194,  0.02679489, -0.04185185,  0.14505693, -0.16704083,  0.04579859, -0.01203981, -0.01806353,  0.02016751
 -0.04038815,  0.01302383,  0.06297849, -0.02568584,  0.04201119, -0.03796594, -0.02598285, -0.05709760,  0.04616005, -0.18140690,  0.19960724,  0.09471993, -0.08347868, -0.10992809,  0.02424227,  0.07171483, -0.18482949,  0.32819657, -0.07369836, -0.20847407,  0.12212109,  0.17085319, -0.23676493,  0.13068329, -0.03238511,  0.00865319, -0.12291832,  0.19831952,  0.04014704, -0.34536484,  0.24691414, -0.08486694,  0.04249039,  0.03272106,  0.12579015, -0.06677060, -0.19802948,  0.24460009, -0.20589424,  0.11120458,  0.11091812, -0.20579432,  0.02743349,  0.15320284,  0.07490984, -0.13032417, -0.12346273,  0.16098495, -0.06289391, -0.04018840
 -0.07643911,  0.18135938, -0.16145209,  0.02610342,  0.09545667, -0.16301885,  0.15022450,  0.04943474, -0.16045517,  0.03760371,  0.06118877, -0.14568133, -0.04577849,  0.11993152,  0.13112403, -0.19712366,  0.07095380,  0.09735060, -0.23944587,  0.08755271,  0.17965470, -0.13828701, -0.12071211,  0.37203005, -0.14596688, -0.16957869,  0.22439582, -0.11195401, -0.13384109,  0.16871036,  0.01532778, -0.06433744,  0.00990810,  0.01898939, -0.06792860, -0.02740754,  0.16300047,  0.00505006, -0.19273586,  0.18329117,  0.02157367, -0.27701735,  0.23101153,  0.03202770, -0.13414992,  0.05939137,  0.17736906, -0.08992487, -0.04870110, -0.05807648
 -0.06239018,  0.10683796, -0.09224304,  0.17960071, -0.16914129, -0.00658179,  0.15410373, -0.35379113,  0.22909739, -0.03064972,  0.12494638, -0.09576995,  0.11997225, -0.18365143, -0.07735422,  0.12674535,  0.09309071, -0.01158501, -0.13541761,  0.16480470, -0.12938545,  0.06592925, -0.03686782,  0.12179939, -0.33487745,  0.30435320,  0.01135304, -0.16058125,  0.13661574, -0.08621702, -0.11025791,  0.13078415,  0.06096148,  0.01698206,  0.00618022, -0.02108116, -0.13537321,  0.07460960,  0.00097067,  0.15406054, -0.25448979,  0.08618434,  0.17276381, -0.13558340,  0.04760511, -0.02827681, -0.05341814, -0.08940336,  0.20773211, -0.10368668
  0.01218251, -0.07934115,  0.11558768, -0.03773655,  0.11790712, -0.17668181,  0.14094879, -0.23616317, -0.11787285,  0.20927349, -0.05971199,  0.24031716, -0.05653091,  0.05108354, -0.28548430,  0.09352409,  0.02105742,  0.17525933, -0.09082194, -0.05297858,  0.18076395, -0.22868611,  0.26661894, -0.21521767, -0.07587491, -0.02687669,  0.11942327,  0.05879705, -0.02454081,  0.00940207, -0.15111951,  0.03266334,  0.03879258,  0.06098120,  0.16869519, -0.11510331, -0.06590674, -0.09441712,  0.06235673,  0.10644696, -0.09094021, -0.12326346,  0.25089735, -0.00197385, -0.05898478,  0.07923109, -0.31864099,  0.11486437, -0.14658635,  0.20438394
  0.05111225, -0.06737190, -0.06364908,  0.18500927, -0.09384688,  0.03744838,  0.01006123, -0.17560869,  0.04743226, -0.16211342,  0.25863733,  0.02490674,  0.01791965,  0.15030049, -0.22022154, -0.14933138,  0.15822907,  0.07755492, -0.04411250,  0.09432307, -0.15191456,  0.15869081, -0.06736580, -0.07914628,  0.03775793, -0.25133484,  0.17544703,  0.13936180, -0.05081874, -0.04555134,  0.07835549, -0.19303099, -0.02428144,  0.23258907, -0.06917330,  0.09840040, -0.04895912, -0.22804637,  0.13692442,  0.05344977, -0.09063900,  0.04522006, -0.03096827,  0.10127809,  0.09568826, -0.29958224,  0.16290631, -0.19402721, -0.15407854,  0.32616518
  0.06381972, -0.18453737,  0.18397206, -0.01869566, -0.06654102,  0.14049586, -0.22047311,  0.13268940, -0.23862985,  0.15104168,  0.11562970, -0.09521141,  0.19175318, -0.07422327, -0.21010905,  0.07966580,  0.10355374, -0.04800236,  0.11617584, -0.16263002,  0.09879971,  0.03599419, -0.12950833,  0.14454107, -0.24543192,  0.04529873,  0.13144268,  0.02050964, -0.07670000,  0.06863609, -0.05621614, -0.16037962,  0.22159318, -0.04237625,  0.03280489,  0.10992518, -0.25874363,  0.05442887,  0.08320863, -0.04133134,  0.00913561, -0.02972494, -0.02363614,  0.25970092, -0.29767760,  0.12490989, -0.04364174, -0.24232409,  0.20793157,  0.03908658
  0.02600369, -0.07083810,  0.07947467, -0.01018631, -0.09564691,  0.18210693, -0.20313228,  0.11893947, -0.05877918, -0.00859839,  0.15009153, -0.25505197,  0.33658622, -0.29877563,  0.12564393,  0.04431032, -0.14970737,  0.21210673, -0.22106660,  0.15459173, -0.01269914, -0.09405814,  0.16287353, -0.21885298,  0.17212422, -0.15543169,  0.17741585, -0.13239370,  0.07662438, -0.02956034, -0.00779627, -0.00411108,  0.00529355,  0.00707573,  0.00377528,  0.00524522, -0.05574469,  0.04022610,  0.05166941, -0.13272293,  0.15682036, -0.20299688,  0.27836012, -0.23490570,  0.12462888, -0.07216046,  0.00776316, -0.01526289,  0.01419265,  0.02653271
  0.03054347, -0.10110921,  0.17253042, -0.17470176,  0.13279902, -0.01980438, -0.11050512,  0.11146290, -0.23848154,  0.30994709, -0.23824962,  0.20122796,  0.02665638, -0.19844444,  0.22646313, -0.25316920,  0.17716798,  0.00321421, -0.13658220,  0.24607620, -0.24171011,  0.19535849, -0.11408502,  0.00008247, -0.04500660,  0.00587795,  0.04217577, -0.01109594,  0.06227283, -0.08792390,  0.04497312, -0.05149158,  0.00929222,  0.04911628,  0.01838759, -0.00959901, -0.09609878,  0.13670827, -0.17964970,  0.21467049, -0.23950865,  0.17221486,  0.00041382, -0.05354856,  0.07089227, -0.09917912, -0.02256564,  0.02043998, -0.08881430,  0.13035665
 -0.02896724,  0.11637813, -0.20719871,  0.24004363, -0.24877675,  0.22333630, -0.17057737,  0.15984741, -0.10383038,  0.03961596, -0.00509024, -0.02234395,  0.00590233,  0.04467838, -0.04691440,  0.06666707, -0.14744837,  0.15106210, -0.11396603,  0.07947825, -0.02206835, -0.03586861,  0.03020018,  0.00530293, -0.01758705,  0.04665813, -0.12685289,  0.15522034, -0.15244790,  0.17760104, -0.18123534,  0.20915348, -0.24826518,  0.22533898, -0.21606014,  0.20295574, -0.15026250,  0.13357688, -0.16090016,  0.14007178, -0.08915452,  0.07170231, -0.08748120,  0.09466173, -0.11100459,  0.13954817, -0.15594267,  0.18893169, -0.19711826,  0.09943032
