 -0.04774040, -0.05136197, -0.05487339, -0.05800848, -0.06142501, -0.06505900, -0.06880430, -0.07250220, -0.07672012, -0.08105406, -0.08548044, -0.08976507, -0.09405085, -0.09818776, -0.10222542, -0.10627945, -0.10989007, -0.11358867, -0.11737475, -0.12138057, -0.12543351, -0.12903856, -0.13220410, -0.13556613, -0.13891566, -0.14228281, -0.14537240, -0.14829208, -0.15109030, -0.15409692, -0.15696032, -0.15934201, -0.16174274, -0.16419209, -0.16672212, -0.16914261, -0.17169127, -0.17432311, -0.17699983, -0.17939766, -0.18153597, -0.18393495, -0.18625877, -0.18854885, -0.19082610, -0.19309523, -0.19528393, -0.19763695, -0.19984955, -0.20221836
  0.14171886,  0.15954115,  0.17872818,  0.19897458,  0.21652172,  0.23053482,  0.24046286,  0.24444633,  0.24197454,  0.23490019,  0.22536166,  0.21412478,  0.20181871,  0.18867075,  0.17491625,  0.16161567,  0.14740666,  0.13365320,  0.12041693,  0.10794941,  0.09623471,  0.08347396,  0.07015765,  0.05831789,  0.04714881,  0.03606525,  0.02475027,  0.01345642,  0.00241783, -0.00765511, -0.01769311, -0.02857613, -0.03885162, -0.04896221, -0.05798739, -0.06658681, -0.07488213, -0.08314264, -0.09031382, -0.09725479, -0.10421604, -0.11132790, -0.11862129, -0.12521959, -0.13148312, -0.13795878, -0.14487189, -0.15100844, -0.15716065, -0.16263279
  0.38821110,  0.42573049,  0.41823875,  0.35561507,  0.27081122,  0.17104605,  0.06648108, -0.02350017, -0.07707836, -0.10694900, -0.12336801, -0.13303430, -0.13629078, -0.13629846, -0.13295320, -0.13035683, -0.12742014, -0.12314268, -0.11733293, -0.10856135, -0.09971858, -0.08890901, -0.07962477, -0.07299318, -0.06705214, -0.05811350, -0.05003978, -0.04283450, -0.03686762, -0.03081039, -0.02539244, -0.02012597, -0.01493147, -0.00614130,  0.00104031,  0.00764768,  0.01767424,  0.03076745,  0.03820407,  0.03966197,  0.03733348,  0.04086526,  0.04498222,  0.04579769,  0.04687004,  0.05157229,  0.05943948,  0.06631309,  0.07097131,  0.07289509
 -0.61666690, -0.32764749, -0.00194240,  0.20310100,  0.34527458,  0.38699951,  0.30069880,  0.14621617,  0.04854268, -0.00565487, -0.03777062, -0.06209280, -0.07087659, -0.07041721, -0.05777313, -0.05621834, -0.05699288, -0.06129458, -0.06825283, -0.07212171, -0.08005111, -0.06527358, -0.04244886, -0.03936383, -0.05063923, -0.04828647, -0.03876021, -0.02676882, -0.01961788, -0.01528868, -0.00906490, -0.00286338, -0.00824992, -0.00621901, -0.01824498, -0.03609463, -0.03222729,  0.00506477,  0.03478012,  0.04409969,  0.03238700,  0.04568744,  0.06174217,  0.05038438,  0.02374091,  0.00939236,  0.01948636,  0.03546792,  0.05683941,  0.08065218
 -0.35963517,  0.04056265,  0.30369366,  0.38147000,  0.05318572, -0.31126193, -0.35724723, -0.13271344, -0.06052770, -0.10532840, -0.09526379,  0.04591791,  0.15874008,  0.14606751,  0.03692209,  0.00024039,  0.05658936,  0.08991894,  0.04649616, -0.02427040,  0.01801672,  0.12307611,  0.16128893,  0.05561017, -0.06597687, -0.07005030,  0.06591164,  0.14297640,  0.07140894, -0.04073117, -0.01372744,  0.07262455,  0.04761675, -0.14425544, -0.23237538, -0.09178099,  0.09302093,  0.08068108, -0.04104454, -0.08930041,  0.02319382,  0.06775947, -0.04015094, -0.17646745, -0.18736991, -0.04931645,  0.08818118,  0.10623072,  0.04382710,  0.02947510
 -0.12505056,  0.10762426,  0.15517149, -0.09475857, -0.20495156,  0.01328606,  0.20793882,  0.08464996, -0.13949173, -0.12341766,  0.10061430,  0.19380112,  0.01927308, -0.17017826, -0.10797281,  0.09484663,  0.15291528, -0.02484275, -0.17342750, -0.07924873,  0.12608345,  0.17079771, -0.02885022, -0.22442052, -0.12349255,  0.14869725,  0.20027597, -0.04674498, -0.23538254, -0.09421782,  0.17892030,  0.16321669, -0.13705707, -0.25990404, -0.03199452,  0.20933867,  0.13269618, -0.11642422, -0.16920543,  0.04351252,  0.19396424,  0.07804021, -0.12862179, -0.14246227,  0.05505545,  0.19445907,  0.08581596, -0.11828315, -0.11051974,  0.08791521
  0.15614586, -0.09090071, -0.06270456, -0.07158375, -0.10287008, -0.01872132,  0.19384071,  0.28325743,  0.15072546, -0.08546510, -0.14428118,  0.00123858,  0.09322135, -0.04139131, -0.20714603, -0.17411076,  0.05069706,  0.15992686,  0.00347628, -0.19842152, -0.20209303,  0.00373174,  0.13488083,  0.00556812, -0.18492381, -0.12653586,  0.11743966,  0.20756188,  0.00608746, -0.21193721, -0.13812428,  0.16625059,  0.27114028,  0.09888819, -0.07753436,  0.00162738,  0.17701525,  0.17398353, -0.04822075, -0.16504113, -0.03684357,  0.16751028,  0.18423658,  0.01330371, -0.08445486,  0.00701178,  0.11674579,  0.01234564, -0.19986146, -0.25456119
 -0.02019510,  0.05863237,  0.07903058, -0.09754673, -0.18112389, -0.08136816,  0.06925182,  0.11727581,  0.14266118,  0.13071995,  0.13189167,  0.14956182,  0.17575798,  0.13816552,  0.05237951, -0.01786276, -0.02446968,  0.04133625,  0.06881696,  0.02541854, -0.04185351, -0.05746436, -0.05358867, -0.08953302, -0.17588123, -0.19343959, -0.14153175, -0.09105870, -0.12494262, -0.19696477, -0.24890191, -0.26013695, -0.23166031, -0.18859197, -0.17466458, -0.17517459, -0.11822317, -0.01257930,  0.04762133,  0.01911833, -0.03792729,  0.02121429,  0.12518251,  0.18122848,  0.19286130,  0.21950972,  0.26273591,  0.26706997,  0.18670920,  0.09817422
  0.20703413, -0.06968771, -0.28253367,  0.00442011,  0.26587011,  0.15513153, -0.07871351, -0.16752985, -0.18544692, -0.14938467, -0.07711459,  0.02166581,  0.08535845,  0.09934427,  0.12213997,  0.20657331,  0.22874702,  0.08395151, -0.12220464, -0.16869921, -0.02107620,  0.08596510,  0.07567883,  0.07061796,  0.10269202,  0.06525340, -0.04892276, -0.14217356, -0.15124120, -0.09952118, -0.01995538,  0.08078825,  0.10196208, -0.04033610, -0.18544703, -0.19631988, -0.15965712, -0.21651461, -0.28058357, -0.16802403,  0.11051242,  0.25250511,  0.19633347,  0.08575561,  0.03681412,  0.03825150,  0.03771559,  0.04175000,  0.06544051,  0.10344657
 -0.05692907,  0.07623653,  0.06947007, -0.06202854, -0.05566748,  0.07401788,  0.11988102,  0.04122072, -0.06646875, -0.14172037, -0.17717401, -0.19203157, -0.17925398, -0.13355211, -0.06609657,  0.02244404,  0.15039488,  0.27112475,  0.29664210,  0.19545069,  0.06278837, -0.00002185, -0.01905905, -0.04808774, -0.04311343,  0.02677022,  0.10060663,  0.12587621,  0.11299335,  0.09600973,  0.08448039,  0.05068970,  0.03088158,  0.03637300,  0.01369060, -0.05595894, -0.11959918, -0.17202012, -0.24329567, -0.33232505, -0.35224518, -0.24860030, -0.09760571,  0.01708182,  0.08133191,  0.12642148,  0.15375843,  0.15374106,  0.14133219,  0.12715384
  0.06094730,  0.05830941, -0.08710055, -0.16780933, -0.01403452,  0.15562656,  0.13387080, -0.01382307, -0.09159327, -0.05097182,  0.04917038,  0.11415190,  0.09642656, -0.02231645, -0.17839196, -0.24913764, -0.19329619, -0.07365221,  0.01549839,  0.09649709,  0.23016316,  0.33979210,  0.28568961,  0.09425192, -0.09949505, -0.20287902, -0.22977436, -0.19054332, -0.09855273,  0.02305217,  0.11352931,  0.14509147,  0.14161943,  0.08032338, -0.03810027, -0.11829801, -0.07255896,  0.03308791,  0.08200938,  0.04656218, -0.00883146, -0.05256496, -0.13261802, -0.22435518, -0.23324101, -0.11652691,  0.05530996,  0.18484278,  0.20012713,  0.12503824
 -0.16178521,  0.13764170,  0.29183383, -0.08991573, -0.32824841, -0.07634966,  0.21203492,  0.17922246, -0.03641463, -0.18289916, -0.16987350, -0.07174093,  0.05468306,  0.17030488,  0.17268156,  0.01221495, -0.10794247, -0.08758274, -0.02108586, -0.08927053, -0.19471371, -0.06348411,  0.20580732,  0.28895320,  0.19916451,  0.10627397,  0.03385845, -0.06108483, -0.13541932, -0.12092029, -0.02926204,  0.00118141,  0.00844757,  0.11529064,  0.16180486,  0.01694290, -0.16150494, -0.17329693, -0.05881302,  0.00754762, -0.00283668,  0.04770686,  0.13056261,  0.09443432, -0.06686009, -0.19532969, -0.18551524, -0.06916586,  0.10137199,  0.18769875
  0.13853808, -0.34508769,  0.08500604,  0.29824362, -0.01812424, -0.28678866, -0.04970622,  0.16387084,  0.22365151,  0.07840151, -0.02895936, -0.08004421, -0.10995329, -0.11570458,  0.05496168,  0.14936565,  0.03909671, -0.12055365, -0.07427157,  0.16661490,  0.17443383,  0.03035778,  0.01122073,  0.04993261, -0.09310657, -0.24292280, -0.25599936, -0.14412123, -0.12808341, -0.14263159, -0.05449118,  0.15721314,  0.13433983,  0.12377468,  0.20324552,  0.22123368, -0.00101109, -0.20880676, -0.22547800, -0.00473201,  0.05196933, -0.03351172, -0.04412590,  0.01310657,  0.06105383,  0.05462078,  0.04646145,  0.00502401,  0.00961905,  0.06843082
 -0.02498965,  0.00602979, -0.07585274,  0.03028414,  0.11098278,  0.01745198, -0.08713001, -0.05404225,  0.03461099,  0.08813845,  0.08873576,  0.04712791, -0.02706566, -0.14065874, -0.19505845, -0.08064293,  0.05697964,  0.10880576,  0.03070755, -0.04037732, -0.00290954,  0.04555190,  0.10240236,  0.21841922,  0.27167612,  0.17184790, -0.03782796, -0.19767718, -0.24649401, -0.21874113, -0.17771226, -0.16955523, -0.13081181, -0.09088221,  0.05776822,  0.26911931,  0.39250730,  0.24404292, -0.04495327, -0.25787080, -0.23318181, -0.08198034,  0.01651901,  0.03398149, -0.01114286, -0.05541125, -0.05950964,  0.01488967,  0.09473732,  0.18154633
  0.11202168, -0.16655409, -0.02699108,  0.11408953,  0.03345675, -0.07963277,  0.03453586,  0.08481127,  0.00473995, -0.16017818, -0.15889843,  0.00192922,  0.14629708,  0.09091218, -0.03450624, -0.13111684, -0.17259803, -0.09587521,  0.08321014,  0.25787613,  0.18844830, -0.05132142, -0.16450238, -0.02088276,  0.15570462,  0.23988986,  0.15569066, -0.01303755, -0.20743326, -0.22196614, -0.00522890,  0.24286068,  0.16575981, -0.10521297, -0.28106418, -0.22769002, -0.04202439,  0.13300636,  0.17379295,  0.10143174, -0.08934577, -0.19113826, -0.07322129,  0.12496353,  0.19625951,  0.08170105, -0.09168225, -0.16518461, -0.07010043,  0.12228400
 -0.01040085, -0.00919226,  0.06815241,  0.02295750, -0.06480541, -0.03859146,  0.02366149, -0.01504280, -0.09282026, -0.06877849,  0.07023231,  0.18092485,  0.15336677,  0.04743859, -0.01825584, -0.00135405,  0.08334186,  0.17995702,  0.18507784,  0.02793109, -0.20012316, -0.29956819, -0.21322266, -0.09018054, -0.08422452, -0.19181008, -0.29145756, -0.26755321, -0.07401620,  0.21460583,  0.38167936,  0.28439240,  0.03995840, -0.09927448, -0.05027465,  0.07920528,  0.14559949,  0.10729873,  0.00797864, -0.08077405, -0.08169467,  0.03595579,  0.16094762,  0.14823808, -0.00159832, -0.15260295, -0.17061861, -0.05285214,  0.06077386,  0.02222159
 -0.19580999,  0.28384324, -0.05043081, -0.10131987,  0.06701978,  0.09631047, -0.11925776, -0.05707240, -0.01046386,  0.01492796, -0.10849419, -0.14320237,  0.02566405,  0.26922406,  0.22376342,  0.08770607,  0.07424234,  0.11757701,  0.08316862, -0.03743408,  0.02572858,  0.05069844, -0.13704257, -0.33315234, -0.20384117, -0.02760390, -0.02438654, -0.18871986, -0.24171779, -0.22667938, -0.12622447, -0.01478875,  0.27071875,  0.33657721,  0.20346431,  0.05657949,  0.09542741,  0.12075369,  0.10570486, -0.01322331,  0.00057210, -0.03855916, -0.12584495, -0.08882609,  0.01754781,  0.07038572, -0.01299619, -0.08078466, -0.04328703,  0.05591017
  0.02385584, -0.06949290, -0.01931403,  0.02460060,  0.03642763,  0.01330324, -0.01221901, -0.07623980, -0.08099495,  0.01332152,  0.19150724,  0.29948364,  0.23939480,  0.11078509,  0.06024931, -0.00654584, -0.12086149, -0.24668912, -0.25613151, -0.20548542, -0.24797849, -0.24552997, -0.09796686,  0.04224438,  0.07732155,  0.06990051,  0.08484082,  0.09879396,  0.04566035, -0.01418393,  0.02411999,  0.15270829,  0.16978849,  0.15912800,  0.12673310,  0.07307945, -0.01512835, -0.05587724, -0.09658923, -0.13068132, -0.21162893, -0.27521294, -0.22861622, -0.11989868,  0.01321131,  0.14674089,  0.23178738,  0.17962765,  0.09380581,  0.01893413
 -0.13415028,  0.11501647,  0.06255906,  0.01738420, -0.02858958, -0.06096999, -0.15836413, -0.04001354,  0.17085121,  0.37168346,  0.20600868, -0.09760126, -0.12839872,  0.05858554, -0.04694588, -0.29365702, -0.24280637, -0.02915554, -0.02426622, -0.18162756, -0.05374154,  0.20350717,  0.18232420, -0.04489474, -0.01826400,  0.09966422,  0.03249140, -0.13593143, -0.04475099,  0.13927167,  0.21007990,  0.12234521,  0.11963994,  0.05417116, -0.06887396, -0.13654427, -0.07474402, -0.09126478, -0.17709884, -0.20961020, -0.05301068,  0.04577043,  0.08053870,  0.18662653,  0.26519329,  0.17394454, -0.04855447, -0.17403128, -0.11381634, -0.01350818
 -0.06776130,  0.10275063,  0.04871538, -0.12156423, -0.04911955,  0.03177653, -0.03409739,  0.04619414,  0.27298242,  0.08720620, -0.26976998, -0.11216042,  0.30297989,  0.14923413, -0.27125929, -0.15921329,  0.20737214,  0.03644197, -0.32297734, -0.11977147,  0.22877912,  0.05766150, -0.26681530, -0.12002304,  0.18569444,  0.07604514, -0.17106809, -0.00876362,  0.24831468,  0.11083171, -0.07838280,  0.01065778,  0.07541451, -0.03822464, -0.06216234,  0.07820456,  0.06351375, -0.12845851, -0.14613544,  0.05303263,  0.05164356, -0.07920591, -0.03491601,  0.09525733,  0.01499941, -0.13982451, -0.07569886,  0.07782606,  0.10472148,  0.05336370
  0.21920645, -0.40562914,  0.15506135,  0.14641948, -0.16260636, -0.05825672,  0.31137961, -0.13739282, -0.17515993,  0.06822599,  0.07829566, -0.20656719, -0.05472707,  0.22677048,  0.16909748, -0.17259014, -0.03470727,  0.25410830,  0.02157970, -0.18037864, -0.06582662,  0.12204688, -0.04047017, -0.15948806, -0.01648708,  0.20172023, -0.00248468, -0.11681047,  0.01098130,  0.16414406, -0.12237902, -0.08780057, -0.04824160,  0.06254864, -0.07911787, -0.01580761,  0.11382848,  0.14126095, -0.11572649,  0.02802709,  0.12402899, -0.02614789, -0.15898295, -0.13165790,  0.01068557, -0.03724343, -0.03985237,  0.07757305,  0.14919342, -0.00055164
 -0.02141201, -0.06278321,  0.12160343,  0.00745735, -0.09824645,  0.11818133,  0.00048848, -0.17264886,  0.07159502,  0.03531686, -0.13385650,  0.08503426,  0.07393048, -0.10254438,  0.02255116,  0.04200158, -0.16821318,  0.04354261,  0.11919396, -0.09737066,  0.14359884,  0.06055131, -0.25380246,  0.16248187,  0.13750817, -0.17873899,  0.16924305,  0.03573711, -0.28604276,  0.09864292,  0.08057118, -0.20075529,  0.16027805,  0.12322707, -0.17814450,  0.13657157,  0.08645876, -0.24422530,  0.04660263,  0.07749352, -0.17918953,  0.18558706,  0.11189402, -0.24540126,  0.15368945,  0.12615691, -0.19440487,  0.19277179,  0.04512897, -0.25897868
 -0.00182227, -0.02274840,  0.08054263, -0.10284262,  0.05603242,  0.02946463, -0.07796756,  0.01875213,  0.10236012, -0.15236843,  0.05063908,  0.07891915, -0.09196962, -0.00869078,  0.10239428, -0.10373182, -0.04523724,  0.18466081, -0.12496129, -0.00595062,  0.15336647, -0.19302722,  0.00491834,  0.22056069, -0.23860627,  0.08998267,  0.14359072, -0.23814612,  0.02962254,  0.19962913, -0.21167015,  0.02455456,  0.17914832, -0.20199586,  0.03251663,  0.15456920, -0.17975803, -0.00950425,  0.17384980, -0.16616009,  0.03188208,  0.19528358, -0.25021224,  0.02570979,  0.20734670, -0.22849712,  0.03427208,  0.21500733, -0.25992154,  0.09642941
 -0.08548095, -0.01524708,  0.25734258, -0.09660072, -0.15007131,  0.24173820, -0.00722038, -0.29654880, -0.12910401,  0.12456499,  0.06495374, -0.05595113, -0.06868156, -0.01867393, -0.12216783, -0.04242130,  0.21385924,  0.13112493,  0.09198934,  0.09671962, -0.08869491, -0.15540248,  0.08859400,  0.26086374,  0.23503165, -0.08339404, -0.26105008, -0.05346856,  0.05730840, -0.18352298, -0.14325531,  0.14830517,  0.14737774, -0.00380855, -0.08037344, -0.04575353,  0.00123946, -0.05273390,  0.00657643,  0.18720766,  0.18134167, -0.09735651, -0.14906427,  0.00938799,  0.08276709,  0.16958199,  0.17272624, -0.08801510, -0.23226410, -0.15910961
  0.08301103,  0.00252027, -0.03485758, -0.16781252,  0.01500785,  0.14940670,  0.00922994, -0.11404957,  0.10089938,  0.13480740, -0.04312284, -0.14501655, -0.07649049,  0.04607986,  0.19898004,  0.12580331, -0.00451554, -0.04462994, -0.08974803, -0.12036528, -0.09120854, -0.00754760,  0.14483616,  0.12978018, -0.23397822, -0.30789019,  0.06895859,  0.29782483,  0.04897670, -0.08434495, -0.00934141,  0.16429955,  0.02693325, -0.23005657, -0.23511507,  0.12149757,  0.18933350,  0.02579124,  0.00425871,  0.04993986, -0.01721164, -0.14905014, -0.16415974,  0.00767614,  0.19219509, -0.04099317, -0.29185787, -0.11088528,  0.22120743,  0.25659771
  0.05007845, -0.08631830, -0.01399189, -0.01288229,  0.12676721,  0.09587090, -0.17606421, -0.10829405,  0.13687049,  0.03916904, -0.16023711, -0.06216142,  0.06303824,  0.13430957, -0.05905444, -0.15891206,  0.06433809,  0.05761399,  0.11420677,  0.04329406, -0.17004536,  0.01306414,  0.20220329, -0.08020479, -0.10307430,  0.09615252,  0.23299270, -0.04134976, -0.28752221, -0.08095994,  0.13812486,  0.14723039, -0.20959218, -0.12181156,  0.13948245,  0.21824243, -0.12941221, -0.14607100, -0.01656584,  0.21502172,  0.08803216, -0.22485345, -0.01722693,  0.16924386, -0.01747664, -0.17805835,  0.07083408,  0.22842233,  0.11977626, -0.33950122
 -0.01598135,  0.00550300,  0.04366246, -0.03472640, -0.09662397,  0.17910364,  0.03649652, -0.18249885, -0.15261451,  0.15993939,  0.18166964, -0.07591774, -0.05450173,  0.19793518,  0.01665726, -0.11148925, -0.19842677, -0.20884785,  0.03928573,  0.34695220,  0.19298451, -0.12067619, -0.19036965, -0.09029229, -0.03732514,  0.01224346,  0.09975943,  0.18519102,  0.06402049, -0.24677147, -0.06360967,  0.10298465,  0.04795168, -0.11740754,  0.09890929,  0.06470395,  0.11824207, -0.04193842, -0.23295569, -0.24293694,  0.08255475,  0.25641582,  0.15193498,  0.09207898, -0.15474699, -0.19875663, -0.03031663,  0.14615269,  0.02145247, -0.04593523
 -0.03292788,  0.08933764, -0.20880549,  0.34364326, -0.29537059,  0.11283919,  0.01134516,  0.07511444, -0.15056932, -0.01345720, -0.06651947,  0.24757521, -0.25220546,  0.01303929,  0.14910316, -0.12870428,  0.13680289,  0.03401332, -0.15871837, -0.01766312,  0.06774060,  0.04035394,  0.14561557, -0.17211393,  0.15735303, -0.14172946,  0.07912431, -0.13153568,  0.17355798, -0.11289901,  0.01317143, -0.13598910,  0.28683604, -0.23011745,  0.04570878,  0.06228289, -0.04907778,  0.00374266,  0.09453258,  0.02371381, -0.09906462, -0.06516315, -0.04554901,  0.19436336,  0.01055584,  0.04161412, -0.12863572,  0.02039438,  0.17360758, -0.20978848
 -0.00765884,  0.03828272, -0.09883460,  0.11394133, -0.03790364, -0.06436956,  0.05742834,  0.02308587, -0.01635032,  0.10078216, -0.06183657, -0.09435222,  0.11335895,  0.08986282, -0.22992035, -0.08711939,  0.21725065,  0.01903615, -0.12534657,  0.11138800,  0.01949755, -0.21057722,  0.01764000,  0.16577677,  0.01971271, -0.16679908,  0.12368299,  0.05658310, -0.13279663, -0.06094270,  0.21674592, -0.07582203, -0.16358279,  0.08821851,  0.22394412, -0.20975805, -0.16967090,  0.24782148, -0.02723395, -0.19539278,  0.17628818,  0.22948536, -0.29959194, -0.16421091,  0.22738152,  0.10854628, -0.19807769,  0.00530482,  0.16178292, -0.07486680
 -0.02378394,  0.02155375, -0.00433758,  0.06615721, -0.12045896,  0.07869951,  0.00440313, -0.02695370, -0.01699917,  0.02285498, -0.10067998,  0.09108213,  0.13878056, -0.18194237, -0.09878732,  0.25835097, -0.04843641, -0.19115261,  0.07658340,  0.11325810, -0.08866054, -0.02496375,  0.13907339,  0.00002706, -0.17271763,  0.05601066,  0.13400552, -0.15931490,  0.01605946,  0.10213232,  0.03562286, -0.27272425,  0.14465841,  0.18544603, -0.10542067, -0.25770262,  0.32858293,  0.02589242, -0.25619912,  0.04482045,  0.19304909, -0.12002924, -0.19460862,  0.28391472,  0.09790571, -0.20471886, -0.04996977,  0.17471462, -0.11475080,  0.00132128
 -0.00963836,  0.12243903, -0.20433417,  0.07180557,  0.07493921, -0.16430053,  0.13016040, -0.03821718,  0.01069669,  0.25923391, -0.11751105, -0.00311629,  0.14743175, -0.23329553,  0.05567456, -0.06017475, -0.29547784,  0.35096140,  0.06631743, -0.00835400, -0.01217760, -0.28163595,  0.05399498, -0.04073116,  0.01704159,  0.12504003, -0.03996088,  0.05589196,  0.04202812, -0.18717961,  0.14103939, -0.10330371,  0.09827585, -0.00214218, -0.11201243,  0.12387898, -0.01846685, -0.24766372,  0.00889514,  0.09371721,  0.10998391,  0.19408587, -0.25006598,  0.04166799, -0.18648886, -0.03413721,  0.16085795, -0.14861461,  0.13318449,  0.11044754
 -0.08834498,  0.04809171,  0.12959028, -0.14835850,  0.16493164, -0.14774391,  0.10529325, -0.08240519, -0.07137992, -0.12929808,  0.05929648,  0.18180917, -0.03566748, -0.07964008,  0.04246218, -0.05153683,  0.05792566, -0.07876050, -0.07720683,  0.12803543,  0.14906487, -0.09138453,  0.18573345, -0.14595356,  0.02111235,  0.01735035, -0.11368227,  0.15477300, -0.10713450,  0.10356328, -0.15673033, -0.06068041,  0.02344623,  0.30154325, -0.31889453,  0.27576353, -0.17420913,  0.16192969, -0.09795257, -0.13049216,  0.08499088, -0.02216955,  0.01295750,  0.13254127,  0.19037868, -0.13094797,  0.01531844, -0.19991383,  0.25671076, -0.26457984
 -0.02100057,  0.04216665, -0.03931467,  0.01128770,  0.04734184, -0.06341971, -0.02821575,  0.19690810, -0.26011576,  0.07809804,  0.12047044, -0.14341649,  0.01538350,  0.07779742, -0.15121878,  0.13665263, -0.00763299, -0.10296036,  0.23534066, -0.30885391,  0.23514529, -0.11315515,  0.06305122, -0.01652936,  0.04941548, -0.09188004,  0.14533490, -0.21761755,  0.24467399, -0.18838177, -0.01808334,  0.15044255, -0.11816641,  0.08461761, -0.08344193,  0.06174718, -0.02792147,  0.02975698, -0.12090763,  0.26762401, -0.25513280,  0.12786166, -0.04216983, -0.08307427,  0.26512806, -0.25371766,  0.10067564,  0.01332754,  0.03416496, -0.07794177
  0.02313187, -0.09975365,  0.08940725,  0.04643240, -0.10384338,  0.06989281,  0.13629954, -0.17911433, -0.13946972,  0.14538938, -0.27477561, -0.10887282,  0.14101635,  0.04418032,  0.13463917,  0.19150332, -0.04295914, -0.02108105, -0.27567070, -0.07174738,  0.24298204,  0.07725122,  0.11108558,  0.05665168, -0.09756624,  0.00842077, -0.14414853,  0.02932169, -0.01613750, -0.06434000,  0.27011297, -0.02315703, -0.21729066,  0.04621205,  0.00947487,  0.03095704,  0.03902806,  0.08094624,  0.28826189, -0.22756969, -0.25547474, -0.00319169,  0.00713802,  0.22044187,  0.02338031, -0.07218256,  0.24598649, -0.03582879, -0.21345343, -0.12224946
  0.04620969, -0.06178065,  0.04667541, -0.04230977, -0.06427671,  0.10817740,  0.04541560, -0.26438486,  0.36246836, -0.10553921, -0.09703696, -0.00934039,  0.04478868, -0.02826417,  0.14244039, -0.04508375,  0.00643263, -0.13961913,  0.12140638, -0.10584747,  0.14309250, -0.17545041,  0.11506136, -0.13233969,  0.16238089, -0.18574295,  0.16859850, -0.11793939,  0.00100419,  0.06856612,  0.09728533, -0.08988352,  0.01070548, -0.07706617,  0.01009626,  0.06901141, -0.18836672,  0.37985180, -0.31610971,  0.12421585, -0.10700980,  0.10151927, -0.02131159,  0.03073795, -0.23923567,  0.11411720,  0.14079814, -0.09570718, -0.12146067,  0.17029709
  0.05323990, -0.07177738,  0.00352955,  0.07164569, -0.18793425,  0.25595028, -0.20875863,  0.05216753,  0.08979363,  0.10719901, -0.28151627,  0.35742275, -0.25209046,  0.14602817, -0.10283903,  0.04757477, -0.13186593,  0.10299300,  0.01630378, -0.04784149,  0.08978163, -0.12152639, -0.05781641,  0.08500212, -0.13463768,  0.11513758, -0.01407124,  0.02469173, -0.01917998,  0.03536253, -0.00445859, -0.00657908, -0.07447111,  0.05257513,  0.04444969, -0.09828047,  0.01768612,  0.05567584, -0.09225187, -0.02824152,  0.13278939, -0.09037420,  0.18531809, -0.27649268,  0.12599670, -0.18732466,  0.26669685, -0.29944193,  0.17238988,  0.08313444
  0.04039985, -0.14266580,  0.18768816, -0.16225910,  0.08891990,  0.12093500, -0.20280563,  0.08564719,  0.07258652, -0.30846891,  0.12541391,  0.02118543, -0.03821023,  0.14459795, -0.03254151,  0.00973328, -0.15038992,  0.22286312, -0.25602296,  0.15356653,  0.06107649, -0.08648950,  0.14198647, -0.02605494, -0.05073004, -0.00093815,  0.01189500, -0.05942523,  0.08404921, -0.03417152,  0.03818170, -0.04785289, -0.10886444,  0.08034915,  0.09018228, -0.17754541,  0.28499380, -0.12769443, -0.08519681,  0.17327727, -0.26504369,  0.22507218, -0.16314462,  0.14653990, -0.08403804,  0.19515637, -0.05166188, -0.17377465,  0.17869509, -0.14809382
  0.03105915, -0.05511397,  0.02286239,  0.03510430, -0.06931647,  0.09297397, -0.10012284, -0.01816418,  0.09952909, -0.06114178,  0.03393791,  0.11482092, -0.01079658, -0.17105302,  0.22635339, -0.33929048,  0.25170830, -0.09591656,  0.11336510, -0.14918283,  0.19001308, -0.15324710, -0.01909018,  0.07308032, -0.16914617,  0.10245702,  0.06884840, -0.11105818,  0.20996175, -0.24102890,  0.09540408,  0.06971660, -0.27108440,  0.36320583, -0.17194439, -0.02441290,  0.07753083, -0.15578775,  0.12864141, -0.11630177,  0.13134808, -0.06374924,  0.05068294,  0.01984435, -0.12666133,  0.11830335, -0.19190612,  0.08592031, -0.00402590,  0.08355771
  0.03682066, -0.03680793,  0.07739998, -0.10006256, -0.04090774, -0.01358724, -0.07388780,  0.18079644,  0.11596048,  0.10173182,  0.14727605, -0.18748887, -0.30959580,  0.13231860, -0.08647459,  0.13802299,  0.19053289, -0.07733586, -0.18518965,  0.06817130, -0.04562224, -0.22560308,  0.09042880, -0.07116918,  0.01456781,  0.23149835, -0.07629898,  0.00909849, -0.12844346, -0.10742424,  0.36088860, -0.18984022,  0.22767293,  0.01784006, -0.33668519,  0.02066288, -0.04342887,  0.06163214,  0.09155619,  0.06437833, -0.07111315,  0.00605502,  0.06585027, -0.18695615, -0.14411560, -0.06501289,  0.04394867,  0.24579766,  0.00176761,  0.05836137
 -0.03410145,  0.03630087,  0.08677531, -0.04916422, -0.07697739, -0.05801365, -0.00081727, -0.01632509,  0.13229807,  0.18555247,  0.09107660,  0.01678433, -0.22285009, -0.25844094,  0.07302039,  0.13890118,  0.09731815,  0.08100047, -0.13498365, -0.10633403,  0.01750076,  0.02753532, -0.19199491, -0.06911750,  0.22210840, -0.11966430,  0.21837945, -0.01066762, -0.22951527,  0.07460230, -0.15571207,  0.35356090, -0.06114234,  0.11583960, -0.02701254, -0.33841168,  0.02317565,  0.03943933,  0.14860621, -0.02068239, -0.01877658,  0.07270369, -0.12606189,  0.16882555, -0.21165242, -0.23828492,  0.12560900,  0.05883448,  0.20068396, -0.03282888
 -0.00779560,  0.01583530, -0.04594926,  0.10067735, -0.09139820,  0.07987663, -0.08256133,  0.02878501, -0.03529959, -0.05806665,  0.14693270, -0.09808718,  0.14892865, -0.19702458,  0.18587481, -0.23641975,  0.19774630, -0.06995634,  0.08085536, -0.15803627,  0.20372202, -0.17621975,  0.14746026, -0.08128769, -0.06031583,  0.15268171, -0.26228218,  0.36880272, -0.29703843,  0.13476573, -0.04061889, -0.05286442,  0.10349186, -0.12034624,  0.22849727, -0.21991308,  0.12336800, -0.06811853, -0.05335940,  0.16969140, -0.15614294,  0.05231373,  0.02679442, -0.04185484,  0.14503604, -0.16706976,  0.04577807, -0.01205113, -0.01807676,  0.02016803
 -0.04034116,  0.01291011,  0.06333018, -0.02585153,  0.04184843, -0.03810009, -0.02623975, -0.05700398,  0.04638143, -0.18074759,  0.20014893,  0.09499584, -0.08368062, -0.10999983,  0.02413690,  0.07216619, -0.18444969,  0.32833735, -0.07389409, -0.20843236,  0.12209602,  0.17088551, -0.23699603,  0.13008422, -0.03204349,  0.00844105, -0.12263751,  0.19844489,  0.03966541, -0.34540629,  0.24694838, -0.08470461,  0.04264176,  0.03296982,  0.12552748, -0.06725866, -0.19833318,  0.24444754, -0.20559450,  0.11095564,  0.11063268, -0.20560922,  0.02721304,  0.15327762,  0.07434276, -0.13113215, -0.12365432,  0.16097678, -0.06298102, -0.04004367
 -0.07646337,  0.18134252, -0.16132371,  0.02602098,  0.09546352, -0.16309941,  0.15012922,  0.04950798, -0.16042760,  0.03770867,  0.06144143, -0.14558635, -0.04591161,  0.11987487,  0.13113111, -0.19701801,  0.07096794,  0.09754509, -0.23958328,  0.08743197,  0.17973956, -0.13820471, -0.12092498,  0.37195421, -0.14581506, -0.16970942,  0.22446805, -0.11179150, -0.13402078,  0.16857509,  0.01548154, -0.06437229,  0.00996922,  0.01908521, -0.06796511, -0.02758828,  0.16285814,  0.00512669, -0.19276153,  0.18326994,  0.02158395, -0.27711324,  0.23096290,  0.03216629, -0.13427996,  0.05910264,  0.17733999, -0.08981369, -0.04876893, -0.05800941
 -0.06225610,  0.10653815, -0.09187815,  0.17965662, -0.16914258, -0.00688294,  0.15400650, -0.35417836,  0.22881633, -0.02991238,  0.12572037, -0.09517601,  0.12018109, -0.18334356, -0.07805166,  0.12688561,  0.09366779, -0.01099834, -0.13576721,  0.16501388, -0.12918039,  0.06585790, -0.03687899,  0.12127075, -0.33515279,  0.30379170,  0.01203782, -0.16032536,  0.13622367, -0.08629309, -0.11029091,  0.13037904,  0.06125434,  0.01747153,  0.00619953, -0.02130870, -0.13595987,  0.07412127,  0.00114117,  0.15419842, -0.25501952,  0.08594415,  0.17315056, -0.13539615,  0.04703551, -0.02905710, -0.05400935, -0.08986417,  0.20712198, -0.10296357
  0.01248934, -0.07964772,  0.11573161, -0.03806535,  0.11824190, -0.17650101,  0.14058661, -0.23543648, -0.11848286,  0.20938716, -0.06016521,  0.24056535, -0.05648239,  0.05167073, -0.28534767,  0.09328124,  0.02095854,  0.17518110, -0.09008554, -0.05319465,  0.18105666, -0.22891907,  0.26686659, -0.21532545, -0.07566553, -0.02735356,  0.11919387,  0.05892045, -0.02462277,  0.00968559, -0.15103738,  0.03237456,  0.03871495,  0.06076327,  0.16878468, -0.11479618, -0.06565705, -0.09467721,  0.06229424,  0.10613359, -0.09042379, -0.12334238,  0.25048629, -0.00177071, -0.05929101,  0.07955148, -0.31886020,  0.11456885, -0.14706442,  0.20429025
  0.05063824, -0.06536203, -0.06607073,  0.18521908, -0.09269081,  0.03585894,  0.01290166, -0.17705568,  0.04996049, -0.16449147,  0.25653668,  0.02626786,  0.01523335,  0.15208016, -0.21803002, -0.15061060,  0.15670432,  0.07798277, -0.04458172,  0.09581178, -0.15278457,  0.15784268, -0.06517291, -0.08095061,  0.04095741, -0.25228255,  0.17348333,  0.13938987, -0.04982668, -0.04604867,  0.07897084, -0.19123906, -0.02724294,  0.23296085, -0.06930327,  0.09752653, -0.04522507, -0.22918356,  0.13611898,  0.05382339, -0.09006196,  0.04553797, -0.03107312,  0.09846452,  0.09939382, -0.30040946,  0.16338010, -0.19116916, -0.15704129,  0.32579847
  0.06461582, -0.18543909,  0.18303159, -0.01642342, -0.06758916,  0.14112723, -0.22039832,  0.13080442, -0.23817512,  0.14870113,  0.11852851, -0.09490489,  0.19186741, -0.07192177, -0.21276560,  0.07759649,  0.10539662, -0.04721627,  0.11618264, -0.16161833,  0.09696660,  0.03790661, -0.13022086,  0.14365499, -0.24481705,  0.04197337,  0.13333728,  0.02231705, -0.07729259,  0.06823345, -0.05516196, -0.16288197,  0.22113234, -0.03961690,  0.03195714,  0.11144055, -0.25902297,  0.05141403,  0.08492137, -0.04081992,  0.00839595, -0.02910157, -0.02440077,  0.26109346, -0.29646339,  0.12143934, -0.04150514, -0.24489822,  0.20582953,  0.04300414
  0.02596958, -0.07046684,  0.07843963, -0.00894925, -0.09649573,  0.18238815, -0.20248380,  0.11811297, -0.05752651, -0.01071984,  0.15161007, -0.25631882,  0.33646511, -0.29740928,  0.12381660,  0.04566602, -0.15068813,  0.21215867, -0.22009226,  0.15300397, -0.01126926, -0.09522420,  0.16368788, -0.21889308,  0.17235086, -0.15573455,  0.17735966, -0.13214451,  0.07624011, -0.02897640, -0.00809868, -0.00404407,  0.00526722,  0.00695840,  0.00374785,  0.00556560, -0.05520372,  0.03915130,  0.05302072, -0.13394522,  0.15837177, -0.20405515,  0.27836867, -0.23431047,  0.12426696, -0.07152947,  0.00802351, -0.01562879,  0.01465924,  0.02616264
  0.03096172, -0.10186863,  0.17302972, -0.17461293,  0.13219349, -0.01839532, -0.11188950,  0.11218196, -0.23915907,  0.30961397, -0.23734234,  0.19960978,  0.02886574, -0.20007932,  0.22690919, -0.25323485,  0.17635849,  0.00462843, -0.13768935,  0.24706046, -0.24192408,  0.19483836, -0.11291344, -0.00134060, -0.04394343,  0.00449584,  0.04343867, -0.01174851,  0.06279956, -0.08804750,  0.04495026, -0.05183330,  0.00929700,  0.04934801,  0.01849121, -0.00917459, -0.09642958,  0.13665649, -0.17910349,  0.21393090, -0.23836432,  0.17098524,  0.00207770, -0.05477490,  0.07178698, -0.09963793, -0.02237336,  0.01995717, -0.08894666,  0.13094735
 -0.02896728,  0.11639153, -0.20720965,  0.24004234, -0.24877931,  0.22333327, -0.17057767,  0.15985772, -0.10381347,  0.03961558, -0.00508161, -0.02234184,  0.00590549,  0.04469624, -0.04689483,  0.06668100, -0.14745297,  0.15106007, -0.11395115,  0.07948039, -0.02205896, -0.03587392,  0.03019730,  0.00530358, -0.01758551,  0.04665847, -0.12687055,  0.15521144, -0.15245058,  0.17760372, -0.18123022,  0.20916049, -0.24827003,  0.22532793, -0.21606820,  0.20295035, -0.15025461,  0.13357220, -0.16090934,  0.14005472, -0.08914808,  0.07169880, -0.08749401,  0.09464911, -0.11101842,  0.13953968, -0.15595400,  0.18892188, -0.19712874,  0.09939782
