 -0.14075011, -0.14075366, -0.14075869, -0.14076674, -0.14077737, -0.14078816, -0.14080376, -0.14082920, -0.14085854, -0.14089213, -0.14092985, -0.14097028, -0.14101289, -0.14105722, -0.14110267, -0.14114860, -0.14119470, -0.14124117, -0.14129005, -0.14133917, -0.14138973, -0.14144385, -0.14149561, -0.14154142, -0.14158362, -0.14162186, -0.14165413, -0.14168062, -0.14170286, -0.14172008, -0.14173299, -0.14174317, -0.14175140, -0.14176013, -0.14176830, -0.14177651, -0.14178506, -0.14179326, -0.14180121, -0.14181016, -0.14181783, -0.14182259, -0.14182554, -0.14182838, -0.14182832, -0.14182593, -0.14182280, -0.14181947, -0.14181547, -0.14181173
  0.03661013,  0.07048785,  0.10203151,  0.13067522,  0.15551812,  0.17628806,  0.19212139,  0.20266504,  0.20920065,  0.21237050,  0.21219297,  0.20869733,  0.20172517,  0.19133253,  0.17773333,  0.16148281,  0.14298988,  0.12309894,  0.10282107,  0.08190989,  0.06086900,  0.04048795,  0.02161758,  0.00423310, -0.01183526, -0.02643507, -0.03974727, -0.05191773, -0.06347219, -0.07472820, -0.08537260, -0.09516728, -0.10444462, -0.11273939, -0.12036274, -0.12746424, -0.13403828, -0.14025402, -0.14618115, -0.15240314, -0.15832190, -0.16333215, -0.16762284, -0.17123858, -0.17426937, -0.17631231, -0.17727871, -0.17705597, -0.17560344, -0.17303933
  0.38741080,  0.36426703,  0.33274596,  0.29497915,  0.25174503,  0.20066417,  0.14904984,  0.10500993,  0.06148208,  0.01907955, -0.02091616, -0.05863547, -0.09290764, -0.12272712, -0.14753560, -0.16764471, -0.18269994, -0.19253008, -0.19536385, -0.19219209, -0.18149220, -0.16101716, -0.13838144, -0.11811007, -0.09779431, -0.07856296, -0.06311680, -0.05188795, -0.04289046, -0.03692405, -0.03423221, -0.03384669, -0.03458273, -0.03460485, -0.03454715, -0.03332133, -0.03038357, -0.02605982, -0.01986616, -0.00888264,  0.00365559,  0.01465429,  0.02534588,  0.03759973,  0.04819306,  0.05660590,  0.06406615,  0.07063628,  0.07529799,  0.07888393
 -0.27273437, -0.22253046, -0.16529880, -0.10267820, -0.03723393,  0.01861810,  0.07373136,  0.14016277,  0.19419711,  0.22861734,  0.24089300,  0.22779907,  0.19216776,  0.13833153,  0.07168584, -0.00280729, -0.07873517, -0.15245896, -0.21590460, -0.26205023, -0.28286919, -0.27088713, -0.24064405, -0.20124968, -0.14929050, -0.09002075, -0.03177757,  0.02051275,  0.06804209,  0.10653890,  0.13122958,  0.14055087,  0.13680464,  0.12339818,  0.10137289,  0.07460529,  0.04644506,  0.01954042, -0.00281939, -0.01053896, -0.00966409, -0.00764896, -0.00176646,  0.01204897,  0.02740230,  0.04043893,  0.05174568,  0.06022796,  0.06268465,  0.06023289
 -0.24826748, -0.17036756, -0.08084558,  0.00763267,  0.08869963,  0.16736718,  0.21747355,  0.21049691,  0.17132920,  0.10639492,  0.02262976, -0.06626319, -0.14949459, -0.21732232, -0.26076624, -0.27033398, -0.24456301, -0.18782050, -0.11181377, -0.02149279,  0.06565637,  0.12751218,  0.17677986,  0.22032806,  0.24347369,  0.24462415,  0.23119092,  0.20591737,  0.16507697,  0.11582630,  0.06539360,  0.01775040, -0.02348795, -0.05722258, -0.07666542, -0.08363398, -0.07978393, -0.06513483, -0.04485877, -0.03387697, -0.02689250, -0.01694015, -0.01038289, -0.01559603, -0.02313745, -0.03131648, -0.04349360, -0.05840360, -0.07090625, -0.08189337
  0.45223664,  0.20160896, -0.05561426, -0.25720038, -0.35970906, -0.29119090, -0.14074403, -0.05437357,  0.03197364,  0.10808627,  0.15622771,  0.18060515,  0.16831171,  0.11570668,  0.02894472, -0.07330322, -0.15551643, -0.16487785, -0.11266696, -0.02043275,  0.06136608,  0.06864133,  0.06428629,  0.08860691,  0.09961275,  0.09556237,  0.09750203,  0.10865313,  0.10027225,  0.07819590,  0.05489987,  0.03428503,  0.00727526, -0.04657962, -0.10591248, -0.15566010, -0.18423586, -0.18192041, -0.14908230, -0.13462946, -0.11344415, -0.05509379,  0.01285192,  0.04542799,  0.06366756,  0.07741159,  0.07573535,  0.05793017,  0.04386438,  0.03258465
 -0.01087142,  0.07474023,  0.11017603,  0.09139654,  0.02996209, -0.03524386, -0.08174593, -0.11403149, -0.12033390, -0.09244267, -0.04158617,  0.01656257,  0.06284286,  0.07953585,  0.05672222,  0.00160080, -0.07024833, -0.12966590, -0.14473254, -0.11164298, -0.03887773,  0.04302183,  0.10998051,  0.15159958,  0.15967115,  0.13358150,  0.08547379,  0.03657529, -0.00365310, -0.02729628, -0.01979267,  0.02345708,  0.08918953,  0.16529447,  0.22402940,  0.24426617,  0.21712340,  0.14343321,  0.03539423, -0.10021942, -0.23485685, -0.32865686, -0.35997622, -0.32874739, -0.24958367, -0.13649998, -0.01544088,  0.08695607,  0.15224735,  0.17114835
  0.12376143,  0.02828012, -0.04833463, -0.08359038, -0.07867740, -0.03464614,  0.00769775,  0.00991204,  0.00101810, -0.00231841,  0.00913489,  0.04035769,  0.07885618,  0.10737471,  0.10749668,  0.06900573, -0.00043027, -0.07077440, -0.12000540, -0.14655592, -0.14807519, -0.12383378, -0.06137597,  0.02645167,  0.10617424,  0.15799392,  0.17079453,  0.14217002,  0.07026280, -0.03194992, -0.13634199, -0.21333014, -0.24940842, -0.23298543, -0.16187705, -0.04556565,  0.09457894,  0.22559208,  0.31720642,  0.33376166,  0.27836517,  0.17485008,  0.04472317, -0.08581116, -0.18515888, -0.22743142, -0.20657136, -0.13034620, -0.01450135,  0.11406699
  0.04223777,  0.15300243,  0.17527657,  0.10892885,  0.00106789, -0.07017592, -0.09104531, -0.10875482, -0.11260687, -0.11184134, -0.10811910, -0.09076376, -0.05441908, -0.00561084,  0.04223058,  0.07425108,  0.07696172,  0.04840277, -0.00563139, -0.04236155, -0.06517163, -0.10561567, -0.13174693, -0.10693488, -0.04816481,  0.02860045,  0.12076883,  0.21347430,  0.28208260,  0.31932144,  0.31754858,  0.27721007,  0.21469046,  0.12869047,  0.04464881, -0.02557216, -0.06989026, -0.07255788, -0.03829018,  0.00192812,  0.03068051,  0.04282025,  0.02786622, -0.02916634, -0.10176525, -0.17562792, -0.23827974, -0.27442165, -0.26783472, -0.22051503
  0.05730334,  0.01388310, -0.05852824, -0.13020873, -0.13199789, -0.03048974,  0.11867738,  0.21519500,  0.19691601,  0.05412810, -0.14046384, -0.27672658, -0.27528300, -0.13782195,  0.05909855,  0.20795474,  0.25702774,  0.20530906,  0.07010104, -0.05544615, -0.12159974, -0.13468681, -0.09678846, -0.00989743,  0.07280881,  0.09933727,  0.07440199,  0.02079395, -0.02497901, -0.02080963,  0.03096476,  0.08945657,  0.11703643,  0.06167625, -0.04855318, -0.15503051, -0.20798995, -0.18558603, -0.10828263, -0.01426673,  0.03791580,  0.01516849, -0.06545209, -0.16000634, -0.18784885, -0.11656404,  0.03301377,  0.19619232,  0.30064133,  0.29017251
  0.06027421, -0.02065252, -0.15925022, -0.14812593,  0.06585733,  0.25086122,  0.23955122,  0.08474454, -0.12244347, -0.28796496, -0.28940864, -0.11340020,  0.11709785,  0.25849568,  0.25158019,  0.10913972, -0.07295510, -0.16887029, -0.14608414, -0.05937893,  0.00142540,  0.05822882,  0.11767910,  0.10460825,  0.00875050, -0.08506520, -0.12402031, -0.11539891, -0.03582595,  0.10304949,  0.19787318,  0.17760795,  0.07157878, -0.08787890, -0.20372137, -0.19851635, -0.08108890,  0.05172194,  0.10367846,  0.09384209,  0.04391579, -0.04512767, -0.11877100, -0.10680384,  0.00399994,  0.12490796,  0.18256529,  0.13312072, -0.02084124, -0.20466322
  0.35054686, -0.06222131, -0.45394012, -0.15838650,  0.31592091,  0.21112081, -0.07568003, -0.05772999, -0.04687090, -0.06228303,  0.03526097,  0.12773571,  0.04895659, -0.08506726, -0.12552870, -0.17974660, -0.17176946,  0.10479610,  0.37693297,  0.18871582, -0.13755583, -0.09051391,  0.01687290, -0.09858496, -0.14591182, -0.00689609,  0.07262126,  0.02264586,  0.04464188,  0.10668717,  0.08195024,  0.04055942,  0.05421134,  0.02149741, -0.06298343,  0.00300226,  0.13154728,  0.06239361, -0.08843178, -0.03800349,  0.03949862, -0.03316152, -0.10364152, -0.07281158, -0.09200478, -0.12567818, -0.06733978,  0.01182592,  0.04947078,  0.12346118
  0.02986556, -0.33368433,  0.01363435,  0.39675476,  0.10115007, -0.15369738, -0.02766976, -0.08320031, -0.17975208, -0.07620340,  0.07419762,  0.05566461, -0.00551355,  0.03742062,  0.02238382, -0.04821864,  0.09233744,  0.25962386,  0.01682279, -0.19964517, -0.00198782,  0.09682668, -0.09740948, -0.15424694,  0.00334735,  0.06729662,  0.02867452,  0.12533763,  0.24841572,  0.19795912,  0.05575224, -0.03879042, -0.15873994, -0.31844237, -0.24008666, -0.04079134, -0.03646327, -0.09838267,  0.00854238,  0.03693762, -0.10869919, -0.17158583, -0.08185598, -0.03521763,  0.02863002,  0.15676904,  0.20643464,  0.12968940,  0.09433625,  0.10508804
 -0.25123933,  0.19902672,  0.17512641, -0.25551219,  0.00292150,  0.29603272, -0.05813919, -0.22948297, -0.02936492,  0.05207939, -0.05924749, -0.00579515,  0.12107422, -0.02891072, -0.15345505,  0.07385669,  0.18021883, -0.07884584, -0.03461262,  0.27591630,  0.11321354, -0.21660196, -0.15700015,  0.00254010, -0.09283827, -0.13147643,  0.12159730,  0.25748116,  0.15118089,  0.10802199,  0.10473863, -0.10563443, -0.27396867, -0.13544671, -0.02741400, -0.12250288, -0.06359454,  0.12846751,  0.02499517, -0.14157318, -0.10035334, -0.05500358, -0.11442017, -0.05364598,  0.09434608,  0.09688455,  0.04656070,  0.11101690,  0.14458738,  0.09393727
 -0.12087556,  0.13905749, -0.10637634,  0.11133666,  0.25124949, -0.23821360, -0.31100731,  0.12363797,  0.23767956, -0.12173905, -0.11868713,  0.14754464, -0.04326489, -0.24793128,  0.13114305,  0.39679506, -0.00525746, -0.20755861,  0.02571964, -0.01375028, -0.18873224, -0.03549856,  0.18119567,  0.03323861, -0.13292104,  0.08566343,  0.20318676, -0.00205715, -0.05254110,  0.12521416,  0.00934098, -0.21536446, -0.05244532,  0.07467183, -0.10675726, -0.13979970,  0.07203752,  0.05903161, -0.05119785, -0.02897004, -0.03000398, -0.09630101, -0.00422114,  0.09793180,  0.08045190,  0.05432282,  0.12094089,  0.08624791, -0.06473984, -0.11161529
 -0.08721496,  0.09998189,  0.07055741, -0.06937733, -0.20266970, -0.06216945,  0.26483047,  0.25892321, -0.13140569, -0.14776821,  0.15609458,  0.00642244, -0.30644799, -0.04891550,  0.30670010,  0.06447016, -0.28901673, -0.16458289,  0.14076472,  0.20465143,  0.15762572,  0.12168199, -0.06966534, -0.26423605, -0.17366973, -0.04014686, -0.08112037, -0.00415412,  0.23886808,  0.18967580, -0.10973977, -0.14657728,  0.00717852,  0.00754138, -0.05626937,  0.03998369,  0.13883628,  0.10081992,  0.00684234, -0.06055142, -0.08959350, -0.04342481,  0.00352817, -0.00638246, -0.02486313, -0.01867680, -0.04268393, -0.04965195,  0.04506886,  0.16000679
  0.00156232,  0.00182796, -0.00901016, -0.02062512,  0.05879977,  0.11625761, -0.02802875, -0.26354792, -0.22795176,  0.15866662,  0.42293892,  0.17483207, -0.25608311, -0.29507942,  0.01399542,  0.18414769,  0.06686583, -0.06738318, -0.06338469, -0.05095836, -0.07017975, -0.00925723,  0.14337166,  0.23723251,  0.12848198, -0.13341337, -0.29719066, -0.17639211,  0.07103213,  0.14487351,  0.04386340,  0.00842558,  0.08703898,  0.09738657, -0.05440834, -0.19852620, -0.16163082,  0.00533429,  0.14861884,  0.16608452,  0.06963035, -0.04445079, -0.08305525, -0.03978517, -0.00014391, -0.01390187, -0.04797774, -0.03467767,  0.02736445,  0.06841857
 -0.00736083, -0.00908026,  0.05756522, -0.02709360, -0.12430293, -0.00017184,  0.22794522,  0.19340435, -0.21506566, -0.42627889, -0.00810214,  0.43366760,  0.21555037, -0.24278680, -0.23470936,  0.05835979,  0.13431810,  0.01396291, -0.01586550,  0.05423682,  0.01909371, -0.10451022, -0.15523890, -0.05090850,  0.15148689,  0.23391572,  0.04402441, -0.19825152, -0.13851117,  0.09308281,  0.09336227, -0.08754609, -0.09294194,  0.07622189,  0.14979930,  0.04478063, -0.09122553, -0.12746630, -0.06735157,  0.03337082,  0.08666598,  0.05656158, -0.01505375, -0.05548991, -0.02071359,  0.03963714,  0.03504156, -0.02343809, -0.03092007,  0.02431791
 -0.03807263,  0.07383506, -0.05213040, -0.08551736,  0.06344724,  0.17437995,  0.10299861, -0.15403552, -0.27052278, -0.03281959,  0.13926094, -0.06820437, -0.15835886,  0.12619244,  0.25389249,  0.03509599, -0.06136964,  0.09939730,  0.12827178, -0.06659774, -0.25407131, -0.27646264, -0.14660178,  0.07153028,  0.25599461,  0.27309558,  0.17035167,  0.11007021,  0.04840045, -0.14207136, -0.28407870, -0.14540030,  0.08237615,  0.08136938,  0.02004529,  0.03749340,  0.00985184, -0.08295922, -0.14126464, -0.11970790, -0.05954873,  0.00751550,  0.05650497,  0.08206046,  0.14509919,  0.16395230,  0.11288543,  0.03956083, -0.07218609, -0.25316109
  0.04437590, -0.03629835, -0.11008683,  0.18040743, -0.15573748, -0.02331066,  0.30045415, -0.20653659, -0.08180186,  0.23894215, -0.17212713, -0.11389714,  0.20681270, -0.13595084, -0.05577018,  0.28298757, -0.12812227, -0.14428620,  0.20796511, -0.07981558, -0.11399611,  0.16884026, -0.04738751, -0.14965814,  0.14722004,  0.01399358, -0.14080506,  0.14980095,  0.03776884, -0.14374437,  0.10611533,  0.01433650, -0.21241498,  0.13196921,  0.15075591, -0.18054875,  0.04441449,  0.15063236, -0.16822273, -0.08354436,  0.15532187, -0.07800960, -0.08672432,  0.15803405, -0.01655472, -0.08075937,  0.13667095, -0.04675875, -0.12706258,  0.09210284
 -0.08200540,  0.18924234, -0.16091877,  0.05694612,  0.16512873, -0.31668815,  0.09532019,  0.17873439, -0.24861527,  0.05643729,  0.20677781, -0.19573315,  0.03635614,  0.16779595, -0.25202967,  0.01655125,  0.19273758, -0.16906338,  0.02069390,  0.16337628, -0.15262060, -0.04688832,  0.17268000, -0.10122924, -0.09352302,  0.18211876, -0.05749771, -0.09226270,  0.13123931, -0.06026431, -0.08996784,  0.19505508, -0.01588103, -0.19002851,  0.12668456,  0.00859714, -0.18595399,  0.11309303,  0.15284964, -0.15845141,  0.00510073,  0.13944140, -0.10844016, -0.06322448,  0.10329614, -0.09746712,  0.00465778,  0.17223988, -0.08280159, -0.03160711
 -0.08641819, -0.06896763,  0.37951951, -0.04665341, -0.21437510,  0.03185567, -0.07375275,  0.00029156, -0.01213241,  0.02353387,  0.11840268,  0.07329098, -0.06027710,  0.00823301,  0.02488465, -0.19324951, -0.12492101,  0.14001880,  0.26874966, -0.02157364, -0.29655288,  0.02168830,  0.20182477, -0.05224911, -0.12293046,  0.08972169,  0.16078836, -0.09153469, -0.21303398, -0.04662872,  0.18197911,  0.12201731, -0.05577014,  0.01722170, -0.05918743, -0.24813131, -0.03703077,  0.28444739,  0.11251421, -0.11393109, -0.03714586,  0.12539481,  0.04416849, -0.15170845, -0.20551875,  0.09147554,  0.22496408,  0.02477921, -0.11817198, -0.01990670
  0.14997857, -0.36695093,  0.07418255,  0.24712148, -0.08082559,  0.03251618, -0.01458610,  0.00627041, -0.03852595, -0.09074474, -0.01829345,  0.09549699,  0.00916106, -0.05941224,  0.13079542,  0.07199361, -0.13405321, -0.20940070,  0.03435262,  0.33021119,  0.00112549, -0.23538863,  0.01928021,  0.11270468, -0.08718988, -0.15817380,  0.10741028,  0.19968182,  0.01663484, -0.18544453, -0.08071753,  0.09456748,  0.00055024,  0.00069244,  0.18321219,  0.01950743, -0.30952023, -0.08108804,  0.18037757,  0.07327592, -0.10441950, -0.02824215,  0.11450425,  0.13204614, -0.13309233, -0.22083756,  0.02818233,  0.20508536,  0.08855033, -0.12258256
  0.00841274, -0.07092841, -0.09265708,  0.02707251,  0.15543448,  0.12880100, -0.03545661, -0.13736316, -0.05009725, -0.00020656, -0.05631267, -0.05650498,  0.09221459,  0.16542938,  0.01028695, -0.06779388,  0.02967996,  0.00070481, -0.14493914, -0.10521175,  0.13295127,  0.22808893,  0.02964768, -0.22857833, -0.14834944,  0.15190939,  0.11793918, -0.07351459,  0.05057650,  0.14547002, -0.16351823, -0.32325267,  0.04308507,  0.40333177,  0.18718399, -0.28444123, -0.33251562,  0.00715724,  0.14745586, -0.07829062, -0.10023391,  0.14395757,  0.15703548, -0.03789465, -0.09373623, -0.02032459, -0.00438332, -0.01896326,  0.05191070,  0.10962177
  0.09013795,  0.07052949, -0.14317473, -0.12151132, -0.02405589,  0.09276966,  0.13426878, -0.04407486, -0.05316465,  0.08731098,  0.08118970, -0.13062620, -0.18718372, -0.00309688,  0.12444808,  0.06273220,  0.01647448,  0.06676088, -0.03721729, -0.13472639, -0.07456785,  0.05751324,  0.14452164, -0.00324747, -0.17617213,  0.01592698,  0.19976049, -0.06601095, -0.23369961,  0.13895599,  0.32892401, -0.06450121, -0.37977536, -0.14603076,  0.31969726,  0.30689431, -0.10284904, -0.17387581,  0.10983600,  0.08491818, -0.18383690, -0.15351954,  0.08538473,  0.12709008,  0.04510834, -0.02503584, -0.01248511, -0.04067060, -0.10065638,  0.02466642
 -0.05502558,  0.08023599, -0.01214131, -0.10276081,  0.00907131,  0.08553421,  0.14515544, -0.02016518, -0.20464897, -0.13487879,  0.11589435,  0.17494708, -0.00863280, -0.12280398, -0.06456753,  0.09765890,  0.12803741,  0.01921408, -0.11531126, -0.21203884,  0.00769160,  0.26395936,  0.18757041, -0.11987942, -0.32970014, -0.12791864,  0.28647974,  0.36472240, -0.07786553, -0.37359415, -0.13618750,  0.18941427,  0.17973596, -0.00352792, -0.11053308, -0.03820310,  0.02934598, -0.08555262, -0.06231087,  0.07419412,  0.06198396, -0.04415659, -0.03476300,  0.02660861,  0.05329247,  0.01498163, -0.05277559, -0.04035726,  0.03637502,  0.05814204
 -0.07965609,  0.01685137, -0.01459681,  0.05483948,  0.16270418,  0.01471704, -0.12536389, -0.18248867, -0.05283402,  0.13213042,  0.14246741, -0.00570054, -0.09543665, -0.00012589,  0.10273815,  0.08437491, -0.11086218, -0.21465876, -0.05840219,  0.14099485,  0.30781992,  0.08361641, -0.31172280, -0.28060918,  0.10431614,  0.33310543,  0.16643631, -0.15627668, -0.33784816, -0.13215632,  0.20426127,  0.23851707,  0.03590083, -0.09595412, -0.16092143, -0.06371137,  0.04083492, -0.02911587, -0.01008233,  0.06693353,  0.04926682,  0.00210157,  0.02399611,  0.01033328, -0.05492399, -0.07104184, -0.03591329,  0.07619812,  0.12657889, -0.04167234
  0.31465945, -0.34408319,  0.05218195, -0.04239287, -0.16793879,  0.27814627, -0.07918026,  0.01121273,  0.07573116,  0.04517159, -0.05018723, -0.04041892, -0.07126838, -0.17270723,  0.03416191,  0.15424850,  0.24657718, -0.05818641, -0.28380860,  0.08535147, -0.04501567,  0.00997604,  0.09213480, -0.16140448, -0.02621855,  0.20478436,  0.06835843, -0.17918412,  0.08647630,  0.02821148, -0.12662495,  0.08236022,  0.10861924, -0.14729861, -0.01267610,  0.09985053,  0.07417226,  0.28253502, -0.03620504, -0.26258236, -0.06870779,  0.01834021, -0.10922748,  0.10303290,  0.16937953,  0.04287000, -0.04108631, -0.14024212, -0.12592006,  0.02411888
  0.00801344,  0.02808468, -0.16060862,  0.34552955, -0.28476035, -0.05575467,  0.22739542, -0.08631552, -0.12702684,  0.14300256,  0.06844576, -0.11841762,  0.05806109,  0.00425921, -0.04595233, -0.04899854,  0.00592343,  0.08679772, -0.10866491,  0.06520104,  0.13783198, -0.22556620,  0.06773194,  0.15596180, -0.18647070, -0.11765806,  0.28696678, -0.06682711, -0.26026797,  0.22459422,  0.04056974, -0.19488331,  0.12032898,  0.16063407, -0.25025107,  0.01037242,  0.12087013,  0.07872055, -0.06604358, -0.06941370,  0.09381270,  0.10989317, -0.15299642, -0.05771760,  0.13003356, -0.09166121, -0.06183817,  0.12916492,  0.00281667, -0.07287091
 -0.15258741,  0.07880404,  0.16561141, -0.04171005, -0.12875955,  0.13486464,  0.03936334, -0.26910982,  0.10137535,  0.10455000, -0.12312660,  0.00448329,  0.13750800,  0.04237819, -0.06703299, -0.01957954, -0.04467024, -0.08154959,  0.09445144,  0.10531398, -0.12180267,  0.00442377,  0.19726786, -0.11587068, -0.18784810,  0.21334260,  0.01736637, -0.22705156,  0.13170261,  0.17198513, -0.23879561, -0.01709745,  0.19591997, -0.14103979, -0.07099502,  0.16525276, -0.03214359, -0.31293508, -0.07871449,  0.29225083,  0.18336201, -0.16713356, -0.04685760,  0.09102652, -0.09430051, -0.14113216,  0.16765384,  0.11932233, -0.09884877,  0.06104041
 -0.09584252,  0.31699709, -0.33741990,  0.26570914, -0.31406621,  0.28092758, -0.20741290,  0.05002131,  0.13911930, -0.10115905,  0.06125831, -0.01176970,  0.06770654, -0.12253565, -0.04884101,  0.04330118, -0.06803535,  0.08693079,  0.08571805, -0.11513428,  0.11518988, -0.08881474,  0.06672410, -0.19683312,  0.12999393,  0.01239074, -0.06456362,  0.03256629,  0.03277651, -0.02136522, -0.15735880,  0.23167634, -0.09543261,  0.06809917, -0.12966274,  0.16816601, -0.19659831,  0.09327239,  0.18308697,  0.07694054, -0.19129281, -0.00339449,  0.03881897, -0.09421519, -0.01069898,  0.04373560,  0.13459900, -0.10274007,  0.00193308, -0.05240940
 -0.07107130,  0.00962014, -0.08818617,  0.16568473,  0.03190461,  0.04664762, -0.06921860, -0.14400147,  0.12181414, -0.16969592,  0.08503321,  0.00825638, -0.04741214,  0.04253877,  0.20641720, -0.01407511, -0.09369828, -0.03200449, -0.14863209,  0.13608189, -0.02790560,  0.01821435,  0.03981076,  0.03809488,  0.05710040, -0.09944714,  0.00357360,  0.11187045, -0.12037088,  0.06343530, -0.06452927,  0.06655739,  0.00058398, -0.22033609,  0.25005024, -0.04071787, -0.10446158, -0.00391323, -0.35888755, -0.00255962,  0.18839847,  0.18841579,  0.12033784, -0.39600773,  0.14414038,  0.04186958,  0.04399121,  0.01670933, -0.28431823,  0.35414582
  0.01317806,  0.07999872, -0.05266518, -0.00344083, -0.05006686, -0.12882775,  0.16385273, -0.07777871,  0.21553534, -0.04304859, -0.03091900, -0.02642097,  0.07111116, -0.14218027,  0.02883611, -0.11992654, -0.06488109,  0.20322626, -0.02352389,  0.19621680, -0.15334167,  0.10334886, -0.25366505, -0.01269822,  0.01478148,  0.07287955,  0.01928849,  0.05705583, -0.12947929, -0.02313932, -0.05163000, -0.01821255,  0.25093807, -0.07081946,  0.13507391, -0.24867926, -0.03776280,  0.07469162,  0.36749659,  0.19552026, -0.17280995, -0.29856556, -0.15838733, -0.00269051,  0.28553647,  0.11620745, -0.16635045,  0.04448648, -0.19084716,  0.04363360
 -0.00506011,  0.00273607,  0.01705071, -0.01166929,  0.02453417, -0.03894659, -0.03748916,  0.07690756, -0.08364801,  0.15963128, -0.16409507,  0.14847975, -0.17564631,  0.19781664, -0.18973311,  0.18093137, -0.22252415,  0.14739113, -0.07219985,  0.08577836,  0.00941585, -0.07226774,  0.11840001, -0.22716510,  0.22846650, -0.24092015,  0.26140255, -0.19320458,  0.16826799, -0.18295283,  0.13204168, -0.13272674,  0.10863202, -0.03581016,  0.06237840,  0.00857010, -0.13944842,  0.10229806, -0.15948600,  0.32845233, -0.17087512,  0.13958992, -0.23655043,  0.00559351,  0.04360993,  0.10709405, -0.02115642, -0.03574263, -0.04180443,  0.02566843
 -0.00790872,  0.02610247, -0.06158249,  0.06178981, -0.03799780,  0.05840093,  0.00052487, -0.13880077,  0.19113162, -0.21389309,  0.20136608, -0.10794884,  0.01808931,  0.03064428, -0.10257076,  0.20620638, -0.16829152,  0.07916988, -0.08385070,  0.05638162, -0.07495192,  0.17080108, -0.20979519,  0.21319482, -0.11643294, -0.03484963,  0.09704668, -0.13294396,  0.16505000, -0.11070715,  0.04586426, -0.00241092, -0.00561349, -0.07068896,  0.06595077, -0.04073784,  0.19394060, -0.28512277,  0.18444050, -0.16550418, -0.06476454,  0.39947062, -0.28178825,  0.12842166, -0.17809551,  0.01192787,  0.18145684, -0.09898987, -0.01229081,  0.02114929
  0.00417630, -0.03748637,  0.02975174,  0.03235371,  0.01817294, -0.01486119, -0.15639824,  0.13485688, -0.03020951,  0.04440675,  0.04760619, -0.12640096,  0.05975946, -0.03603858,  0.11946788, -0.01968721, -0.17771029,  0.06578633, -0.00364498,  0.04203250,  0.12500719, -0.13584068,  0.04295752,  0.02132314, -0.18138490,  0.14254270, -0.01848729,  0.04996120,  0.03344875, -0.13692289,  0.08415741, -0.07451621, -0.02859404,  0.07631959,  0.06556799,  0.11864965, -0.28481056, -0.04246981,  0.07727532, -0.07708711,  0.51073707, -0.17088852, -0.34787409,  0.00966439, -0.05654152,  0.41078067, -0.07911474, -0.19672566,  0.03511845,  0.03181662
 -0.02044572,  0.04117274, -0.02805258,  0.01503060, -0.05539412,  0.08901544, -0.02663502,  0.00861604, -0.03299464, -0.09253301,  0.18428831, -0.18422729,  0.18611935, -0.06005605, -0.13554696,  0.20387122, -0.15970784,  0.21134506, -0.22690404,  0.10545769, -0.09244613,  0.01802325,  0.12509168, -0.08095839,  0.02435237,  0.06774145, -0.15809590,  0.05008032,  0.04915160, -0.08364829,  0.18656441, -0.19006247,  0.13982861, -0.10006988, -0.04955366,  0.02956700,  0.07432745,  0.06696029, -0.10536836, -0.04966193, -0.03057773, -0.10671754,  0.34814117,  0.05429883, -0.32786272,  0.17255522, -0.29374677,  0.33395998, -0.04625146, -0.04805066
  0.00905314,  0.01673554,  0.02534898, -0.11251212,  0.09839253, -0.01812251, -0.06313290,  0.12333895, -0.25630351,  0.36581882, -0.21155194,  0.01226798,  0.22807449, -0.38756864,  0.20067690,  0.01678435, -0.07277123,  0.01930388, -0.00895518,  0.00973335, -0.02257287,  0.13431591, -0.09131632, -0.03895152,  0.05981754, -0.09680474,  0.00130501,  0.07783418, -0.03136393,  0.03079097, -0.01846600, -0.09087585,  0.13891572, -0.08080625, -0.09268978,  0.25090892, -0.03616107, -0.17793894,  0.21797701, -0.10900357, -0.09046151,  0.29009424,  0.00094410, -0.25139062, -0.05081066,  0.04704646,  0.10144644,  0.11497367, -0.18043578, -0.00087874
 -0.02338746,  0.10258455, -0.10198333, -0.01097768,  0.08007350, -0.15677903,  0.28931737, -0.32145620,  0.20771060,  0.00019339, -0.21671055,  0.36656206, -0.25756449,  0.03313265, -0.00710570,  0.00509881, -0.00430378,  0.04692709,  0.02464427, -0.13925613,  0.14538892, -0.06283746, -0.02266546,  0.04798573, -0.02347824,  0.00402569, -0.02789559, -0.00533564,  0.01150152,  0.00345540, -0.03506979,  0.03662828,  0.10172452, -0.14588105, -0.05066622,  0.20558739, -0.21370294,  0.21057964,  0.11420387, -0.31490139,  0.06978871,  0.05785767,  0.03171186,  0.10661562, -0.26032848,  0.12253014, -0.06988101,  0.13534817, -0.09428870,  0.00531309
 -0.10941035,  0.16360268, -0.07779002, -0.01820793,  0.09872661, -0.08568619,  0.03461955,  0.05264892, -0.15411860,  0.09462127, -0.08713099,  0.04415155,  0.14552520, -0.20893470,  0.20888322, -0.10885348, -0.14871419,  0.36510243, -0.29740823,  0.05237835,  0.08800812, -0.12173859,  0.02642071,  0.13554156, -0.10722737,  0.05359577,  0.03263743, -0.15750453,  0.10496919, -0.01631771, -0.07156947,  0.14953476,  0.00001990, -0.17770659,  0.16542663, -0.18937743,  0.00598548,  0.18495583, -0.14210138, -0.02156212, -0.00927986, -0.07530120,  0.10546406,  0.19176081, -0.09974516, -0.22918470,  0.23796185, -0.21065262,  0.19254735, -0.00961478
 -0.05529916, -0.06491701,  0.16223968, -0.11593774,  0.06920948,  0.07724581, -0.13158463,  0.13015044, -0.07742741, -0.12742541,  0.09574462, -0.14140225,  0.16369923,  0.05448268, -0.10866249,  0.21083510, -0.23811159,  0.04993098,  0.23112498, -0.34814753,  0.19484519, -0.05155087, -0.10712064,  0.15197601,  0.07127995, -0.09455017,  0.11828287, -0.08946812, -0.09594282,  0.10272734, -0.06628788,  0.01408658,  0.16956411, -0.13706868, -0.04389273,  0.02299584, -0.19601031,  0.12105817,  0.04256650, -0.15650699,  0.01381889, -0.09743842,  0.00684557,  0.21171962,  0.18367435, -0.26077585, -0.05846852,  0.09252624, -0.17116397,  0.27241249
  0.00714739,  0.00351628,  0.00413811, -0.03710074,  0.05956827, -0.09653143,  0.12765813, -0.14685980,  0.16405458, -0.15931180,  0.18143639, -0.19347739,  0.21424900, -0.25414980,  0.24323400, -0.23492062,  0.21116860, -0.17299284,  0.15733940, -0.16465529,  0.19729065, -0.20897460,  0.21068162, -0.21891833,  0.19918142, -0.19886343,  0.19469128, -0.18932036,  0.18891864, -0.16777782,  0.13378117, -0.11219026,  0.10055405, -0.09623883,  0.09806294, -0.08019339,  0.07255659, -0.03519723,  0.02899749, -0.00141228, -0.01213565,  0.02461421, -0.02594074,  0.01809300, -0.06082451,  0.05077377, -0.00995953,  0.01735332, -0.01023939, -0.02085474
 -0.04352439,  0.13216352, -0.16108926,  0.18160477, -0.22577405,  0.22752232, -0.21309296,  0.17038986, -0.12714042,  0.11137184, -0.12323418,  0.19349436, -0.18426613,  0.10444477, -0.01683883, -0.10787762,  0.13638017, -0.08642313,  0.07409288, -0.07184521, -0.00896799,  0.12197711, -0.11805285,  0.04706157,  0.01486472, -0.08007208,  0.09455349, -0.12347888,  0.15354531, -0.14195209,  0.16554437, -0.18591047,  0.17623507, -0.21034147,  0.22226679, -0.18183737,  0.14038554, -0.10283646,  0.14242105, -0.20546397,  0.25601099, -0.20303465,  0.12505562, -0.04797446,  0.02596676, -0.10064994,  0.01921835,  0.11055407, -0.01894355, -0.05648928
  0.12889954, -0.03749634, -0.00426319, -0.10690715, -0.00123836,  0.00804268, -0.05456637,  0.10641018, -0.00733377,  0.10620482,  0.03471988,  0.00332586, -0.11403158, -0.05986128, -0.06888791,  0.03657213,  0.00440988,  0.08187299, -0.03607077, -0.14965093,  0.35753094, -0.15091949, -0.07317219,  0.01157867, -0.13731139,  0.03308139,  0.02023856,  0.00305914,  0.08552975,  0.05773191, -0.23331541,  0.18980636, -0.21016036,  0.11518823,  0.21224704, -0.20376543,  0.24604503, -0.01469607, -0.02186974,  0.17776525,  0.01970214, -0.02754622, -0.10536405, -0.06291040, -0.17861738,  0.11894932,  0.04803072,  0.37043738, -0.40102786, -0.11620257
  0.10644738, -0.01428899,  0.00163083, -0.06547395, -0.04380999, -0.01593398,  0.00870949, -0.01255550,  0.09897124,  0.00367190,  0.16149458, -0.10926151,  0.01349847, -0.10088675, -0.12075537,  0.07473843,  0.03280247, -0.07516301,  0.13539736, -0.12498775,  0.04693554,  0.21414537, -0.23088121,  0.06268817, -0.13515085, -0.02225674,  0.01505129,  0.07187823, -0.03346016,  0.12702189, -0.05048855, -0.18271219,  0.19164056, -0.21583915,  0.22799285,  0.12350739, -0.16836170,  0.30943539, -0.20843937,  0.20452170,  0.04260417,  0.03258233, -0.04390593, -0.20495183, -0.07482617,  0.00648744,  0.18016432, -0.01968259,  0.21473060, -0.43447558
  0.02257498,  0.00954828,  0.00468347, -0.05974916,  0.04331148, -0.05124199,  0.03695116, -0.02877611,  0.06588625, -0.05126110,  0.08788499, -0.05333083,  0.01509235, -0.06074630,  0.04018007, -0.06578910,  0.03981093,  0.05562657, -0.10998220,  0.11044809, -0.12193022,  0.23544621, -0.25304990,  0.11623480, -0.00870520, -0.14813804,  0.24607617, -0.28396701,  0.30075481, -0.18686274,  0.03052868,  0.08077524, -0.22750870,  0.30158459, -0.23981967,  0.22360259, -0.16826025,  0.14654940, -0.06017925,  0.00228500,  0.16398560, -0.21374974,  0.14997419, -0.14284981,  0.07283411, -0.10612980,  0.06912069,  0.15268441, -0.15618223, -0.02617348
  0.03594541, -0.03236145,  0.04261728, -0.06318359,  0.04996643, -0.07066910,  0.04796636, -0.02099979,  0.01726131,  0.01167023,  0.04614442, -0.04543598,  0.00116347,  0.02892799, -0.13004182,  0.14552347, -0.11172181,  0.08116779, -0.07393153,  0.09505242, -0.09974308,  0.06515599,  0.07774367, -0.23437465,  0.29144340, -0.33779844,  0.23860982, -0.03747694, -0.14980730,  0.31071620, -0.30288181,  0.17678019, -0.07796456, -0.03754286,  0.10480906, -0.04857677,  0.09540370, -0.12305808,  0.18299291, -0.21708590,  0.27097196, -0.17792824,  0.09458103, -0.06991590, -0.08260786,  0.09792058,  0.00399893, -0.08165251,  0.18246699, -0.17019232
  0.06020979,  0.01413859, -0.02469643, -0.10608462,  0.07265420, -0.03865501, -0.02179695,  0.07134585,  0.04107442, -0.06423393,  0.15640797, -0.04697750, -0.13547299,  0.08339936, -0.09298265, -0.06949006,  0.13117031,  0.05401735, -0.20224846,  0.14914410,  0.08723160, -0.07087146,  0.00528242, -0.17277378,  0.15046840, -0.06959096, -0.11819697,  0.27231024, -0.15943642, -0.02224027,  0.11942177, -0.23590681,  0.15858569,  0.08430453, -0.10010769,  0.08389950, -0.00207396,  0.03756764,  0.09359282, -0.01249804,  0.10036311, -0.14360133, -0.06543062,  0.13051852, -0.15083491, -0.22852024,  0.53136495, -0.08526438, -0.29210451,  0.04373616
 -0.07394034,  0.07346329,  0.05487127, -0.02721350, -0.04538320,  0.09140906, -0.13253551,  0.01532329,  0.06040035, -0.10548405,  0.03352792,  0.09167808, -0.02641366, -0.06327102,  0.20734047, -0.20311686, -0.02428794,  0.16750824, -0.09841816, -0.04049642, -0.11313649,  0.20990687,  0.06729727, -0.19405630,  0.14765632, -0.03373335, -0.11434257,  0.10122763, -0.04030692,  0.09508509,  0.00830715, -0.01663869, -0.15001846,  0.03090518,  0.06581288,  0.02899019, -0.09555609,  0.03147349, -0.09584418, -0.04825736,  0.15706521,  0.19920775, -0.38653936,  0.25914887,  0.10525462, -0.27434159, -0.18162316,  0.39044765,  0.08504399, -0.19343724
 -0.05923048,  0.07866440, -0.10408954,  0.09628596, -0.01946091,  0.04402524, -0.08606475,  0.13446392, -0.15204177,  0.03103659,  0.01196537, -0.06661177,  0.05243866,  0.02595314,  0.08043087, -0.17748287,  0.24662892, -0.20231194,  0.03616563,  0.09508978, -0.15345582,  0.15213293, -0.18586656,  0.13190607,  0.09079291, -0.16934668,  0.15322666, -0.03142244, -0.13448718,  0.16539176, -0.14304500,  0.07899702,  0.03678248, -0.03393689, -0.03031231, -0.00792250, -0.08352946,  0.10822670, -0.16498294,  0.11965697, -0.09374832, -0.00694421, -0.09123134,  0.39163725, -0.40272495,  0.27381341, -0.07550027, -0.03982181, -0.11206348,  0.19184836
