 -0.13965656, -0.13972953, -0.13980242, -0.13987512, -0.13994774, -0.14002048, -0.14009298, -0.14016541, -0.14023781, -0.14031024, -0.14038238, -0.14045446, -0.14052655, -0.14059846, -0.14067028, -0.14074218, -0.14081405, -0.14088606, -0.14095821, -0.14103017, -0.14110170, -0.14117310, -0.14124457, -0.14131621, -0.14138762, -0.14145882, -0.14153004, -0.14160130, -0.14167253, -0.14174358, -0.14181478, -0.14188580, -0.14195695, -0.14202807, -0.14209913, -0.14217011, -0.14224110, -0.14231202, -0.14238307, -0.14245390, -0.14252432, -0.14259461, -0.14266498, -0.14273534, -0.14280553, -0.14287572, -0.14294594, -0.14301600, -0.14308609, -0.14315604
  0.16034169,  0.16788529,  0.17443606,  0.17967627,  0.18339544,  0.18547980,  0.18595153,  0.18485232,  0.18223147,  0.17814535,  0.17266326,  0.16589624,  0.15799128,  0.14903399,  0.13914978,  0.12843014,  0.11697202,  0.10487873,  0.09221626,  0.07904128,  0.06543279,  0.05146539,  0.03721578,  0.02274775,  0.00815304, -0.00648768, -0.02109315, -0.03554747, -0.04979058, -0.06375125, -0.07736569, -0.09057615, -0.10328799, -0.11544129, -0.12702671, -0.13805028, -0.14816938, -0.15714979, -0.16488848, -0.17130153, -0.17627482, -0.17983977, -0.18199086, -0.18272884, -0.18204154, -0.17987008, -0.17623513, -0.17126766, -0.16515789, -0.15819959
  0.14145287,  0.15105156,  0.15810307,  0.16192622,  0.16202039,  0.15812523,  0.15017973,  0.13833880,  0.12274402,  0.10362796,  0.08132726,  0.05632789,  0.02915897,  0.00053831, -0.02885605, -0.05827530, -0.08705526, -0.11459602, -0.14023054, -0.16333212, -0.18339829, -0.19994341, -0.21254620, -0.22085981, -0.22474790, -0.22412351, -0.21897557, -0.20949381, -0.19587197, -0.17845092, -0.15760494, -0.13381935, -0.10769671, -0.07983595, -0.05067921, -0.02064463,  0.00899348,  0.03719011,  0.06328172,  0.08665637,  0.10674792,  0.12346732,  0.13668722,  0.14634605,  0.15242367,  0.15486632,  0.15381785,  0.14961638,  0.14270161,  0.13368819
 -0.16557210, -0.17256238, -0.17348535, -0.16739301, -0.15386512, -0.13301506, -0.10566767, -0.07291826, -0.03611577,  0.00320513,  0.04333661,  0.08246130,  0.11867800,  0.15036127,  0.17598224,  0.19437369,  0.20464018,  0.20623275,  0.19907888,  0.18348908,  0.16008042,  0.12986037,  0.09412320,  0.05443763,  0.01241992, -0.03014842, -0.07144237, -0.10982035, -0.14361430, -0.17139241, -0.19191934, -0.20430294, -0.20806826, -0.20304895, -0.18928165, -0.16708767, -0.13819816, -0.10440175, -0.06730847, -0.02864398,  0.00972999,  0.04646062,  0.08019009,  0.10969879,  0.13391047,  0.15185974,  0.16304459,  0.16750869,  0.16571398,  0.15858605
 -0.20185961, -0.19752541, -0.18239773, -0.15618209, -0.11971678, -0.07497681, -0.02493355,  0.02688508,  0.07710063,  0.12246632,  0.16001293,  0.18716017,  0.20203231,  0.20339926,  0.19111111,  0.16592880,  0.12970293,  0.08522418,  0.03572246, -0.01530100, -0.06413481, -0.10730241, -0.14178986, -0.16523699, -0.17589555, -0.17296991, -0.15670280, -0.12817050, -0.08943111, -0.04318339,  0.00725232,  0.05825561,  0.10622828,  0.14771383,  0.17934359,  0.19827997,  0.20387492,  0.19635341,  0.17646792,  0.14584851,  0.10686260,  0.06177801,  0.01328810, -0.03574765, -0.08238968, -0.12356909, -0.15677431, -0.18046227, -0.19395564, -0.19760745
 -0.20754065, -0.19485209, -0.16672591, -0.12379474, -0.06884578, -0.00661338,  0.05647814,  0.11378047,  0.15945883,  0.18893576,  0.19923319,  0.18913638,  0.15946848,  0.11327027,  0.05530006, -0.00828965, -0.07068294, -0.12519957, -0.16601845, -0.18868353, -0.19070055, -0.17183758, -0.13417735, -0.08179718, -0.02044310,  0.04312310,  0.10190098,  0.14935463,  0.18027647,  0.19126041,  0.18108397,  0.15089096,  0.10398535,  0.04547710, -0.01820101, -0.07979935, -0.13289252, -0.17227126, -0.19424141, -0.19691397, -0.18051077, -0.14685478, -0.09918683, -0.04199523,  0.01927320,  0.07852639,  0.13010541,  0.16997364,  0.19586073,  0.20740249
  0.22301120,  0.19088875,  0.13781760,  0.06858114, -0.00874538, -0.08407312, -0.14635134, -0.18652472, -0.19937014, -0.18375446, -0.14250338, -0.08185494, -0.01043232,  0.06159605,  0.12403050,  0.16794422,  0.18693186,  0.17789390,  0.14174300,  0.08372199,  0.01232685, -0.06200272, -0.12827426, -0.17670199, -0.20010291, -0.19517508, -0.16267125, -0.10715705, -0.03685292,  0.03779758,  0.10566277,  0.15679036,  0.18383831,  0.18284738,  0.15409373,  0.10207646,  0.03544904, -0.03607103, -0.10282961, -0.15598144, -0.18834123, -0.19570975, -0.17664912, -0.13307784, -0.07029854,  0.00313406,  0.07705059,  0.14235309,  0.19200229,  0.22185777
  0.24313791,  0.18967128,  0.11169997,  0.01940656, -0.07299234, -0.14958065, -0.19568218, -0.20226189, -0.16913346, -0.10403699, -0.02060199,  0.06498129,  0.13620699,  0.17974194,  0.18753610,  0.15850669,  0.09831946,  0.01860674, -0.06462371, -0.13508385, -0.17937258, -0.18893571, -0.16181124, -0.10318389, -0.02471168,  0.05848586,  0.13048499,  0.17707173,  0.18924934,  0.16458572,  0.10817184,  0.03102797, -0.05210695, -0.12496503, -0.17239826, -0.18435459, -0.16078068, -0.10718962, -0.03313208,  0.04789419,  0.12094640,  0.17354270,  0.19542857,  0.18144533,  0.13297889,  0.05836971, -0.02884367, -0.11469117, -0.18699054, -0.23692011
 -0.22984133, -0.16096075, -0.06361374,  0.04370681,  0.13769770,  0.19646764,  0.20389775,  0.15758585,  0.07062008, -0.03325996, -0.12660840, -0.18548358, -0.19601833, -0.15656114, -0.07811160,  0.01908159,  0.11067390,  0.17462548,  0.19619252,  0.17035842,  0.10361434,  0.01255210, -0.08057385, -0.15286170, -0.18676593, -0.17367158, -0.11670543, -0.03062768,  0.06334524,  0.14222709,  0.18709871,  0.18703652,  0.14172560,  0.06234074, -0.03129071, -0.11525843, -0.17128449, -0.18676517, -0.15723651, -0.08876726,  0.00228872,  0.09498626,  0.16657961,  0.19861554,  0.18201520,  0.12077638,  0.03017216, -0.07009893, -0.16006618, -0.22389166
 -0.21139061, -0.13117286, -0.02493132,  0.08199660,  0.16142220,  0.19046489,  0.15809408,  0.07288415, -0.03760152, -0.13685289, -0.19196659, -0.18529664, -0.11891602, -0.01361121,  0.09708317,  0.17804007,  0.20371294,  0.16599094,  0.07600635, -0.03822349, -0.14059411, -0.19879180, -0.19466775, -0.12953947, -0.02372806,  0.08945993,  0.17425195,  0.20419873,  0.17041966,  0.08395327, -0.02822521, -0.13117435, -0.19272168, -0.19399237, -0.13600288, -0.03837222,  0.06873796,  0.15367744,  0.19144940,  0.17144288,  0.10014732, -0.00118168, -0.10178116, -0.17112024, -0.18846938, -0.15001840, -0.06832348,  0.03528767,  0.13610718,  0.21237733
 -0.17122740, -0.09879282,  0.00287397,  0.10233050,  0.16484864,  0.16587472,  0.10059678, -0.00958290, -0.12140272, -0.18884527, -0.18241776, -0.10210048,  0.02210055,  0.14099581,  0.20704404,  0.19247355,  0.10190753, -0.02907388, -0.14925008, -0.21184158, -0.19168497, -0.09617598,  0.03747990,  0.15716129,  0.21687377,  0.19377358,  0.09665491, -0.03700452, -0.15592911, -0.21408755, -0.18930131, -0.09148777,  0.04147880,  0.15838016,  0.21327784,  0.18488282,  0.08822090, -0.03784242, -0.14609128, -0.19653894, -0.17195891, -0.08542755,  0.02837309,  0.12626165,  0.17327476,  0.15685783,  0.08733092, -0.01014326, -0.10418068, -0.16895207
  0.20954786,  0.09163329, -0.04692607, -0.15408894, -0.18874159, -0.13851814, -0.02337503,  0.10572720,  0.18820658,  0.18384573,  0.09291578, -0.04234692, -0.15829811, -0.20171993, -0.15194722, -0.03242359,  0.10106442,  0.18667293,  0.18526027,  0.09760596, -0.03536815, -0.15173998, -0.19706928, -0.15064493, -0.03394788,  0.09878424,  0.18586369,  0.18729271,  0.10151326, -0.03218336, -0.15197303, -0.20233216, -0.15930010, -0.04204957,  0.09551333,  0.18841978,  0.19756939,  0.12013418, -0.00973628, -0.13473676, -0.19841606, -0.17424639, -0.07496755,  0.05392842,  0.15561217,  0.18901438,  0.14250564,  0.03331389, -0.09822793, -0.20567023
  0.21168680,  0.07452005, -0.07667948, -0.17686308, -0.18339214, -0.09711457,  0.04021382,  0.15967469,  0.19595297,  0.12745467, -0.01034240, -0.14326725, -0.19945020, -0.14766682, -0.01652998,  0.12279956,  0.19365684,  0.15556969,  0.02982144, -0.11177771, -0.19026986, -0.16219650, -0.04329573,  0.09972407,  0.18529041,  0.16403517,  0.04813239, -0.09658696, -0.18778120, -0.17382902, -0.06163408,  0.08680800,  0.18791265,  0.18308231,  0.07553238, -0.07262021, -0.18332977, -0.19905339, -0.11060761,  0.03525215,  0.16130057,  0.20393805,  0.14320001,  0.01265816, -0.11978487, -0.19165455, -0.17126815, -0.06515093,  0.08246169,  0.21146519
 -0.21342100, -0.04379495,  0.11932510,  0.19221784,  0.14402685,  0.01153052, -0.12774300, -0.19131633, -0.13782294,  0.00218219,  0.14305298,  0.19512917,  0.12455281, -0.02393028, -0.15739424, -0.19144326, -0.10334956,  0.05173925,  0.17394624,  0.18592087,  0.08078722, -0.07526453, -0.18453118, -0.17758433, -0.05794615,  0.09841479,  0.19196246,  0.16345200,  0.03155269, -0.11985177, -0.19561215, -0.14728639, -0.00446873,  0.14204243,  0.19725357,  0.12702512, -0.02296428, -0.16005004, -0.20067340, -0.11868444,  0.03534584,  0.16645108,  0.19747330,  0.11269762, -0.03510618, -0.16140691, -0.19583081, -0.11189349,  0.05328472,  0.21732081
  0.26930183,  0.01227119, -0.18926355, -0.22587685, -0.10360543,  0.07275604,  0.18822846,  0.17341215,  0.04006553, -0.11709770, -0.18669436, -0.12183599,  0.02788911,  0.15308117,  0.16377143,  0.05575858, -0.09043029, -0.17172646, -0.13184105,  0.00306002,  0.13604305,  0.17058732,  0.08258432, -0.06445322, -0.16562000, -0.15121179, -0.03185934,  0.10988423,  0.17314733,  0.11185770, -0.03098361, -0.15160075, -0.16193134, -0.05669030,  0.08860017,  0.16980743,  0.12976058, -0.00638713, -0.14385761, -0.18412314, -0.09332098,  0.06741431,  0.18687348,  0.18174318,  0.05414422, -0.12010560, -0.23013973, -0.18270995,  0.02037366,  0.27095620
 -0.26631896,  0.04015364,  0.23324058,  0.19377321,  0.00167881, -0.16359386, -0.19060153, -0.07766055,  0.08829258,  0.18231714,  0.13449815, -0.02059101, -0.15780485, -0.16395304, -0.03876853,  0.11404748,  0.17614047,  0.10167254, -0.05679326, -0.17220596, -0.14620285,  0.00013538,  0.14345411,  0.16822894,  0.05984031, -0.09445891, -0.17474910, -0.11601256,  0.03836104,  0.16515841,  0.15565894,  0.01638240, -0.13340724, -0.17012085, -0.07351365,  0.07500953,  0.16699751,  0.13079696, -0.01325021, -0.15066115, -0.17047643, -0.06040961,  0.09914281,  0.19043519,  0.14472445, -0.02039219, -0.19738672, -0.22415189, -0.03223160,  0.26504466
  0.21591345, -0.06608569, -0.22276512, -0.12955716,  0.08299338,  0.18901657,  0.11926079, -0.04041447, -0.16238029, -0.14715667, -0.00132879,  0.15264040,  0.17459539,  0.03738861, -0.14174027, -0.19537752, -0.07034469,  0.11609288,  0.19570777,  0.10557553, -0.07736103, -0.19610820, -0.14231179,  0.04104151,  0.19000985,  0.16585832, -0.00985525, -0.17436182, -0.18068483, -0.02815628,  0.14569224,  0.18945998,  0.06696681, -0.11691771, -0.19425815, -0.09728904,  0.08048250,  0.18147468,  0.12457025, -0.03857238, -0.16392168, -0.14709279, -0.00894361,  0.13785771,  0.17958466,  0.05953163, -0.14168175, -0.21775788, -0.05779751,  0.21851372
 -0.21895822,  0.10761381,  0.25622151,  0.06848020, -0.19143506, -0.20045497, -0.00067838,  0.16264846,  0.15339902,  0.01138238, -0.13169897, -0.16093742, -0.03706607,  0.14179110,  0.18097240,  0.02934649, -0.14627530, -0.16449050, -0.03327426,  0.11774801,  0.16639543,  0.06748102, -0.10965904, -0.19396325, -0.07951284,  0.12550226,  0.19932475,  0.06521036, -0.12142928, -0.17504711, -0.06894476,  0.08990012,  0.16871717,  0.09519552, -0.07946407, -0.17855956, -0.10074912,  0.07339023,  0.16744564,  0.10600423, -0.04903813, -0.16555443, -0.13613528,  0.03486656,  0.20327212,  0.16509332, -0.08549726, -0.24923451, -0.09778853,  0.21817532
  0.08305744, -0.03918204, -0.16760636,  0.00351264,  0.23647350,  0.07031020, -0.24611826, -0.13392105,  0.20361430,  0.14697607, -0.15718910, -0.10971526,  0.15090186,  0.06518127, -0.19003279, -0.05612294,  0.23411880,  0.08727261, -0.24251012, -0.12527573,  0.20692580,  0.12936645, -0.15985877, -0.08854880,  0.14305021,  0.03174150, -0.17326049, -0.00409743,  0.22313293,  0.02244120, -0.24706894, -0.06415348,  0.22258448,  0.08344806, -0.17004647, -0.05607965,  0.13122309,  0.00345430, -0.13982469,  0.02793666,  0.17967906, -0.00343387, -0.20172913, -0.05910501,  0.16624787,  0.10609143, -0.08493182, -0.09820245,  0.00686210,  0.05241233
  0.03545356, -0.07833458, -0.02599619,  0.13883778,  0.04538564, -0.18883351, -0.08084787,  0.21078684,  0.11401830, -0.20684267, -0.12749692,  0.19520003,  0.11972090, -0.19501802, -0.10324490,  0.20856684,  0.09596074, -0.22552222, -0.10186534,  0.23133001,  0.11190355, -0.22194619, -0.11125842,  0.20505802,  0.09529579, -0.19601831, -0.07134657,  0.20331733,  0.05378749, -0.21734046, -0.05176246,  0.22228073,  0.05842960, -0.20918883, -0.05719802,  0.18045497,  0.04201040, -0.15748378, -0.01332371,  0.15543111, -0.00436978, -0.16966108, -0.00375435,  0.17294592,  0.02907175, -0.14703839, -0.04812782,  0.09706779,  0.04105060, -0.04953275
 -0.20909367,  0.16008523,  0.25597210, -0.05693543, -0.26624813, -0.07750805,  0.15264685,  0.14683730,  0.02580245, -0.10165055, -0.15508475, -0.01944347,  0.16863330,  0.11256916, -0.09341241, -0.10817821,  0.03243575,  0.03148003, -0.05548155,  0.03189354,  0.15776636, -0.01093255, -0.25641828, -0.09558281,  0.26897621,  0.21774416, -0.17609139, -0.26120805,  0.04637169,  0.19844971,  0.03021438, -0.08190197, -0.01094299,  0.00716409, -0.06663636, -0.02090652,  0.11284035,  0.08977814, -0.06496316, -0.11031828, -0.04131407,  0.02408797,  0.10490369,  0.13043932, -0.06470831, -0.24561728, -0.05280001,  0.24785505,  0.15638999, -0.20796242
  0.04606919, -0.06121250, -0.06506527,  0.08990896,  0.10932390, -0.10117551, -0.16120271,  0.08296234,  0.20677631, -0.03594035, -0.23094787, -0.02790286,  0.22637749,  0.09291882, -0.19359462, -0.15057766,  0.14020200,  0.19311093, -0.07170475, -0.21734660, -0.00673573,  0.21970538,  0.09017206, -0.19772684, -0.16907733,  0.14896555,  0.23251490, -0.07703465, -0.26957525, -0.00560612,  0.27097008,  0.08291457, -0.23838126, -0.13866027,  0.18519659,  0.16235032, -0.12396078, -0.16110669,  0.07390471,  0.14204282, -0.03966962, -0.11992411,  0.01884670,  0.09913894, -0.00228359, -0.07723524, -0.01217835,  0.05142808,  0.02042256, -0.03037419
  0.09531492, -0.10005585, -0.07787633,  0.08328239,  0.04662139, -0.07800550,  0.02074126,  0.11644619, -0.08068691, -0.19666986,  0.08016585,  0.27925653, -0.00606998, -0.30582939, -0.10860267,  0.25094806,  0.19897256, -0.13835935, -0.22459632,  0.01868219,  0.18479436,  0.06715486, -0.11782658, -0.10864969,  0.06261330,  0.12727996, -0.03353585, -0.15728928,  0.01014001,  0.20365816,  0.03614770, -0.24196500, -0.11223214,  0.23490578,  0.19224972, -0.16877105, -0.23345272,  0.07459787,  0.20327373, -0.01572850, -0.12814123,  0.02698806,  0.06537609, -0.08441649, -0.04969576,  0.13137987,  0.07382904, -0.12884011, -0.09663570,  0.10910943
  0.03726418, -0.08809572, -0.05726170,  0.17629720,  0.12970457, -0.22133324, -0.23132973,  0.18166506,  0.30064635, -0.06428522, -0.28274799, -0.06680809,  0.16778867,  0.13545789, -0.00840510, -0.10353665, -0.11728035, -0.00108458,  0.15705491,  0.11093115, -0.11505880, -0.16346599,  0.03896179,  0.14231251,  0.01536399, -0.07689307, -0.02297720,  0.01442491,  0.00237508,  0.01819924,  0.00958762, -0.03324841,  0.00927057,  0.06402593, -0.04042155, -0.13241825,  0.04074512,  0.22284146,  0.01848205, -0.28658333, -0.12053129,  0.28168529,  0.20890959, -0.20920723, -0.23044796,  0.11338463,  0.17745045, -0.04778964, -0.08789138,  0.03427252
  0.03067340,  0.02563757, -0.13046674, -0.07122064,  0.20881945,  0.17046303, -0.21614097, -0.27440625,  0.12986891,  0.31342971,  0.01177346, -0.24664938, -0.12737686,  0.09544831,  0.14955292,  0.06450888, -0.07180363, -0.15690065, -0.05189384,  0.15327658,  0.14636645, -0.08296313, -0.16604998,  0.00601739,  0.11812964,  0.03006896, -0.04732860, -0.02079245, -0.00312111, -0.00096161,  0.02369606, -0.00028246, -0.04118610,  0.02902131,  0.08984746, -0.05150418, -0.17420078,  0.02361040,  0.25797984,  0.06365554, -0.28756068, -0.16934309,  0.24076514,  0.22986362, -0.14437507, -0.21080834,  0.05552701,  0.13033098, -0.01807571, -0.03290317
  0.07077246, -0.08747993, -0.08912146,  0.09825875,  0.12565030, -0.06349660, -0.12820035, -0.00871597,  0.06980435,  0.07134135,  0.04456679, -0.06957850, -0.16560564, -0.01644161,  0.22631380,  0.14288299, -0.18202549, -0.23484555,  0.05275184,  0.22377403,  0.09019505, -0.10005338, -0.16080257, -0.08209588,  0.11559490,  0.22806321,  0.02337357, -0.25978410, -0.17708682,  0.16357444,  0.25033423,  0.00443831, -0.19467268, -0.14716707,  0.03649298,  0.18304052,  0.14789898, -0.10580299, -0.26084309, -0.02929645,  0.26453294,  0.13158179, -0.18932243, -0.15095189,  0.10375389,  0.10074751, -0.05718480, -0.03268056,  0.05291177, -0.02936176
  0.01279491, -0.03506681,  0.00837029,  0.05883220, -0.00933402, -0.08673297, -0.01844218,  0.09006501,  0.06471778, -0.04271152, -0.09328415, -0.04761998,  0.06092981,  0.13549214,  0.03880364, -0.15812854, -0.16172366,  0.08495105,  0.23220271,  0.05211503, -0.19521522, -0.17291798,  0.05555997,  0.19892932,  0.11679721, -0.10129800, -0.22686969, -0.07817240,  0.20775012,  0.24023484, -0.06422833, -0.28968398, -0.12308473,  0.19088998,  0.24605335,  0.00962146, -0.23352382, -0.20190946,  0.08977297,  0.27761623,  0.08867299, -0.21329826, -0.19474770,  0.08082723,  0.18842068,  0.02609725, -0.10586617, -0.05544352,  0.02151510,  0.03124320
  0.13642931, -0.16449107, -0.14399620,  0.18158365,  0.15961292, -0.15764895, -0.12123324,  0.11838090,  0.03454835, -0.09435443,  0.06107602,  0.10148779, -0.12836693, -0.11292376,  0.14954402,  0.08904277, -0.14214847, -0.02260466,  0.14205330, -0.06715394, -0.16008804,  0.13672303,  0.18218404, -0.15915431, -0.17478176,  0.13750207,  0.11077779, -0.10084570,  0.00634484,  0.08684321, -0.13498214, -0.11615947,  0.22058136,  0.16653136, -0.21925119, -0.19230568,  0.13718121,  0.14621253, -0.02884628, -0.01896258, -0.02435141, -0.13589743, -0.01275867,  0.24638852,  0.09608844, -0.26571854, -0.15982124,  0.20491026,  0.15891585, -0.15200839
 -0.08783660,  0.13924306,  0.05243664, -0.18275190, -0.02271455,  0.19465803, -0.03081271, -0.16169157,  0.09993423,  0.09016058, -0.16439797, -0.00174708,  0.20255942, -0.08185363, -0.19682076,  0.14583535,  0.14387443, -0.18443418, -0.05287699,  0.19930090, -0.05044682, -0.19669133,  0.14114419,  0.17590750, -0.20037822, -0.12857161,  0.21910332,  0.05310302, -0.20022680,  0.04170051,  0.16037774, -0.13772670, -0.11240546,  0.21081204,  0.05874905, -0.23231604, -0.00425660,  0.20017195, -0.05745080, -0.12345784,  0.12105883,  0.03586176, -0.17648369,  0.03664948,  0.20059521, -0.07466584, -0.18424866,  0.08092848,  0.13602268, -0.09292536
 -0.15270129,  0.24043245,  0.05555661, -0.25288496,  0.01603480,  0.19149716, -0.10168612, -0.07278537,  0.16803050, -0.05848301, -0.17956671,  0.14880644,  0.13102154, -0.18321507, -0.03680840,  0.17558904, -0.07324293, -0.12931549,  0.15142538,  0.06334592, -0.18016410,  0.01759308,  0.15494846, -0.09760036, -0.09357601,  0.15925020,  0.01966600, -0.18460033,  0.04774859,  0.16042883, -0.09922349, -0.08511804,  0.13125057, -0.02018068, -0.15023431,  0.12576435,  0.14593708, -0.18774195, -0.11172121,  0.19038072,  0.02753718, -0.13929712,  0.09674167,  0.05423912, -0.20956414,  0.02790661,  0.26486717, -0.08336210, -0.24434384,  0.16133199
  0.09136591, -0.15912548, -0.00982982,  0.17709526, -0.06317074, -0.13903641,  0.13771918,  0.03994083, -0.17463666,  0.09042799,  0.13753367, -0.19196087, -0.03218883,  0.21804959, -0.10366277, -0.14662005,  0.20156232,  0.00705163, -0.21344755,  0.13775415,  0.12586219, -0.21393696,  0.01906504,  0.18494573, -0.15304519, -0.06732296,  0.21329084, -0.08257252, -0.17230817,  0.19246595,  0.04918292, -0.21294896,  0.09996897,  0.13437277, -0.20256734, -0.00371733,  0.21686692, -0.11515828, -0.14580494,  0.17343036,  0.02800827, -0.16093731,  0.08865623,  0.09729860, -0.16258388, -0.02403035,  0.18124766, -0.03129269, -0.15733571,  0.09607913
  0.08766505, -0.16928497,  0.03677734,  0.14397887, -0.12296958, -0.03687364,  0.15269659, -0.10605403, -0.09128472,  0.20036772, -0.04006611, -0.17776722,  0.16371720,  0.04616979, -0.20013810,  0.11160952,  0.12860930, -0.21286596,  0.02186592,  0.19406309, -0.16307748, -0.06955725,  0.21780772, -0.09516469, -0.14993479,  0.20652610, -0.00401332, -0.20046106,  0.15539453,  0.08450360, -0.22234307,  0.07555605,  0.16977463, -0.19414442, -0.02072592,  0.19890790, -0.13020820, -0.10778099,  0.21641000, -0.03191791, -0.18575515,  0.13844730,  0.06206741, -0.16077039,  0.07851054,  0.10504386, -0.16542239, -0.01504624,  0.16828358, -0.09108286
  0.17069114, -0.33655139,  0.11807441,  0.19962993, -0.20785593,  0.00213399,  0.16313776, -0.15917868, -0.02698990,  0.19030839, -0.11518337, -0.08305262,  0.15484081, -0.05338315, -0.09133500,  0.13128294, -0.03138128, -0.09968448,  0.11572194, -0.00371133, -0.11328102,  0.11360613,  0.01556836, -0.14303830,  0.10589384,  0.05969848, -0.14997160,  0.06563802,  0.08031363, -0.13471431,  0.04770865,  0.09313584, -0.13372618,  0.02026253,  0.12313717, -0.13306220, -0.01273031,  0.15997345, -0.12740896, -0.08603838,  0.20832304, -0.06062734, -0.14699398,  0.17806715, -0.02353533, -0.20173149,  0.22111279,  0.10253657, -0.34351141,  0.17788093
 -0.11658183,  0.25107671, -0.13511913, -0.10069908,  0.18374868, -0.08599839, -0.09242819,  0.19231773, -0.07291814, -0.14279286,  0.19315820, -0.04524707, -0.13564884,  0.18851506, -0.05097503, -0.14003149,  0.17288079, -0.02451384, -0.14382186,  0.17408118, -0.03254462, -0.14714814,  0.17690427, -0.02557926, -0.14781946,  0.17128263, -0.02231285, -0.15348366,  0.17199970, -0.01115705, -0.15792326,  0.17108750, -0.02142656, -0.15477498,  0.17382299,  0.00191558, -0.17845449,  0.16844789,  0.00538614, -0.18505639,  0.17296360,  0.04019804, -0.18828331,  0.11405408,  0.06117687, -0.17831558,  0.11781892,  0.12023817, -0.25319164,  0.12111586
 -0.09097113,  0.21914013, -0.17714986, -0.00496610,  0.15117221, -0.16573792,  0.03670187,  0.13996018, -0.18419935,  0.04329333,  0.13849478, -0.19409867,  0.07539681,  0.11618772, -0.20049614,  0.09124608,  0.10950665, -0.20686274,  0.10840873,  0.09089790, -0.20022956,  0.11387066,  0.08004523, -0.18833322,  0.11263381,  0.06971120, -0.18597306,  0.12131035,  0.06935611, -0.19537335,  0.12755387,  0.06667815, -0.20088430,  0.14907267,  0.04314328, -0.19101197,  0.14801915,  0.03972557, -0.18851283,  0.16699065,  0.00816924, -0.17507610,  0.16038939,  0.01007670, -0.15528559,  0.16314911, -0.02694039, -0.16503326,  0.22037932, -0.09354658
  0.12476542, -0.31139793,  0.29029466, -0.08822115, -0.10852966,  0.20641823, -0.14248750, -0.04046015,  0.15435646, -0.10595278, -0.02569411,  0.14024767, -0.14774472,  0.01729904,  0.13956327, -0.19378290,  0.11503055,  0.03837418, -0.14498588,  0.11014625,  0.02513978, -0.13281443,  0.12227935, -0.00231560, -0.12480878,  0.14570726, -0.04401118, -0.08988348,  0.14481705, -0.07252838, -0.06589878,  0.13649794, -0.07133668, -0.06573641,  0.16969282, -0.15951594,  0.02251916,  0.12416707, -0.14754067,  0.05406014,  0.08229379, -0.15680515,  0.06339037,  0.12139711, -0.20108686,  0.12051006,  0.06856204, -0.27992032,  0.31405208, -0.12806981
  0.04992376, -0.14200722,  0.16626987, -0.08483381, -0.04628932,  0.14730957, -0.14121641,  0.01678329,  0.12651783, -0.16829655,  0.07344630,  0.09390803, -0.21103864,  0.18108717, -0.01949118, -0.15410578,  0.21028019, -0.10741721, -0.07966880,  0.21046926, -0.18416610,  0.01857444,  0.16672709, -0.23724843,  0.13558128,  0.06742380, -0.22164637,  0.21745880, -0.06262803, -0.13383950,  0.23138543, -0.15979063, -0.02046025,  0.17243431, -0.18966320,  0.05802909,  0.12644647, -0.21776536,  0.14983503,  0.01390827, -0.15081955,  0.16174606, -0.04065305, -0.10315159,  0.14828590, -0.07768433, -0.04930726,  0.15005705, -0.14434314,  0.05364332
  0.04303268, -0.13359638,  0.19375039, -0.17847847,  0.08580633,  0.06019823, -0.18243946,  0.20134266, -0.11236942, -0.02319345,  0.11994538, -0.10904641,  0.00176940,  0.10866613, -0.12824156,  0.02652674,  0.13829682, -0.25009333,  0.22347867, -0.06942634, -0.11637015,  0.21581244, -0.16765531,  0.01366018,  0.13121822, -0.16058844,  0.05114593,  0.11876373, -0.22507663,  0.18727173, -0.02161247, -0.17088150,  0.26833654, -0.21334213,  0.05694573,  0.08834396, -0.12966841,  0.04785143,  0.08248252, -0.14594190,  0.09007587,  0.04705396, -0.17902658,  0.21375309, -0.12187426, -0.02792947,  0.14646731, -0.18811810,  0.13890834, -0.04592087
  0.02595990, -0.08941474,  0.15670575, -0.20234106,  0.21478797, -0.18411261,  0.11826837, -0.03945067, -0.03857271,  0.10821139, -0.16139377,  0.19633271, -0.21439982,  0.21225184, -0.18502093,  0.13064596, -0.05214901, -0.04071482,  0.12915054, -0.19129867,  0.21221550, -0.18996722,  0.13663934, -0.07189535,  0.01200242,  0.03561180, -0.07326659,  0.10726609, -0.14076632,  0.16703527, -0.17069902,  0.13805123, -0.06845073, -0.02421180,  0.11682995, -0.18264529,  0.20531174, -0.19072891,  0.15684828, -0.12197288,  0.09014695, -0.05226880, -0.00002066,  0.07167501, -0.15051677,  0.20320166, -0.20829084,  0.16991520, -0.09990297,  0.02940792
  0.02336076, -0.05686756,  0.05336354, -0.02459307,  0.00596518, -0.01472583,  0.06668736, -0.15479808,  0.23394392, -0.26378383,  0.23018653, -0.13572021,  0.01069497,  0.09798737, -0.16330080,  0.18212487, -0.16962678,  0.15171193, -0.14089816,  0.12567842, -0.08575255,  0.00736243,  0.10380372, -0.21651703,  0.28851132, -0.28990467,  0.21805110, -0.10058871, -0.01729665,  0.09905276, -0.13386122,  0.13410767, -0.12607927,  0.13124344, -0.14374311,  0.13839647, -0.09508154,  0.00702069,  0.10757909, -0.20273424,  0.24365394, -0.22223404,  0.14748684, -0.05906487,  0.00576823,  0.00280216,  0.01785947, -0.05025119,  0.05680301, -0.02377278
  0.05331753, -0.16998087,  0.25924126, -0.26786525,  0.19573431, -0.05990558, -0.08309697,  0.16687945, -0.17728759,  0.13677622, -0.07254687,  0.01534789,  0.01912098, -0.03995395,  0.05759076, -0.07153088,  0.07303489, -0.05064653, -0.00415109,  0.08510931, -0.17040128,  0.23071487, -0.23620092,  0.17185866, -0.05256785, -0.08785475,  0.20977226, -0.27520094,  0.26456403, -0.19156040,  0.08880173,  0.00797171, -0.06874167,  0.08452208, -0.06957918,  0.04161960, -0.01579555,  0.00098332,  0.01487876, -0.05370062,  0.11274748, -0.16811670,  0.18965391, -0.14067999,  0.01805468,  0.11905905, -0.21049150,  0.22940274, -0.16194443,  0.05304407
  0.00809467, -0.03540288,  0.08424649, -0.15043828,  0.22197723, -0.27948579,  0.30634556, -0.29523091,  0.24835593, -0.17700046,  0.09795476, -0.02701589, -0.02305982,  0.04357427, -0.03308573, -0.00259004,  0.05076372, -0.09410199,  0.11686739, -0.10924301,  0.06956167, -0.00599287, -0.06593038,  0.12766897, -0.16139282,  0.15616354, -0.11150653,  0.03543720,  0.05561626, -0.13925867,  0.19679727, -0.21788995,  0.19961324, -0.15026878,  0.08878055, -0.03218126, -0.00615298,  0.01405887,  0.00828496, -0.05013357,  0.10157392, -0.15210875,  0.19106917, -0.21408535,  0.21870237, -0.19938979,  0.15908963, -0.10918980,  0.05745988, -0.01591880
 -0.01583550,  0.06132917, -0.11482217,  0.14074042, -0.11951248,  0.05537578,  0.02038413, -0.06000842,  0.03112958,  0.06213190, -0.18444504,  0.28569810, -0.32165089,  0.27538278, -0.16379691,  0.02528655,  0.09776647, -0.17262502,  0.18812421, -0.15612169,  0.10113471, -0.04769661,  0.01101566,  0.00568242, -0.00684077, -0.00144068,  0.01615388, -0.03642538,  0.06202749, -0.08716363,  0.09499891, -0.06572655, -0.00949067,  0.12353112, -0.25022717,  0.34360906, -0.36191293,  0.29488386, -0.16475920,  0.02329987,  0.07513822, -0.10185412,  0.05896309,  0.01544065, -0.06989258,  0.08062519, -0.05367904,  0.00908947,  0.01801786, -0.01103075
 -0.03411140,  0.09247262, -0.09982449,  0.03770139,  0.05827203, -0.14376550,  0.16521511, -0.09572591, -0.02519435,  0.12757908, -0.15747811,  0.09191350,  0.04641901, -0.19719301,  0.30126796, -0.32675537,  0.27546942, -0.17599862,  0.07000170,  0.00788013, -0.04211429,  0.03792906, -0.01636399, -0.00061258,  0.00431023,  0.00412031, -0.01845871,  0.03091403, -0.03973477,  0.05551394, -0.08990692,  0.14288179, -0.19903371,  0.23015173, -0.20628002,  0.11421786,  0.03031078, -0.18252381,  0.28324636, -0.28621940,  0.19414003, -0.05585392, -0.06261259,  0.09846718, -0.03624337, -0.06997693,  0.15441374, -0.17971358,  0.12927987, -0.04239355
 -0.02988182,  0.08084031, -0.08563785,  0.02449673,  0.07534814, -0.17487746,  0.22062936, -0.17763771,  0.06778576,  0.05636966, -0.14771659,  0.17736646, -0.15043026,  0.10285398, -0.07238707,  0.07918867, -0.12060884,  0.17679445, -0.22039714,  0.23034776, -0.20043457,  0.13963603, -0.06766053,  0.00377025,  0.04479613, -0.08013730,  0.10901897, -0.13942525,  0.17352199, -0.20116335,  0.20825081, -0.18695683,  0.14063296, -0.08548183,  0.04461663, -0.03481683,  0.05732484, -0.09271823,  0.10459465, -0.05819221, -0.04862168,  0.18158317, -0.28870430,  0.31564708, -0.24373306,  0.11588614,  0.00675472, -0.08169299,  0.08191990, -0.03066245
 -0.01824071,  0.07377716, -0.14912237,  0.20625904, -0.21107081,  0.14602635, -0.02795510, -0.09563481,  0.17709681, -0.19132756,  0.14375942, -0.06800030,  0.00389805,  0.02532378, -0.01853738, -0.00602737,  0.02270261, -0.01376423, -0.02544080,  0.08744514, -0.15525858,  0.21056734, -0.24268094,  0.25099835, -0.24118464,  0.22055265, -0.19468867,  0.16418903, -0.12660058,  0.08113199, -0.03127718, -0.01365759,  0.04181894, -0.04803222,  0.03742297, -0.02221144,  0.02140503, -0.05223792,  0.11291312, -0.17990223,  0.21355240, -0.18005451,  0.07653333,  0.06778221, -0.20044518,  0.26914540, -0.25651365,  0.18493203, -0.09303093,  0.02366093
 -0.01826755,  0.06120200, -0.10484023,  0.13361364, -0.13750114,  0.10567089, -0.04617271, -0.01966400,  0.07625582, -0.11210425,  0.12254038, -0.11835142,  0.11325376, -0.11419938,  0.12575423, -0.14642472,  0.16976048, -0.19139595,  0.20750106, -0.21391264,  0.21073908, -0.20165429,  0.19077066, -0.18209354,  0.17889212, -0.18201664,  0.18952361, -0.19835120,  0.20432156, -0.20385413,  0.19646170, -0.18251550,  0.16307290, -0.14271894,  0.12523074, -0.11028550,  0.10005255, -0.09757524,  0.09967636, -0.10124934,  0.08996487, -0.05363342, -0.00366221,  0.07065538, -0.13169854,  0.16347272, -0.15626122,  0.12205875, -0.07149423,  0.02144642
 -0.02130037,  0.05870599, -0.07566590,  0.07543434, -0.08046752,  0.10218074, -0.14956094,  0.21524256, -0.26391429,  0.26339407, -0.20757011,  0.11465734, -0.02464319, -0.01917287, -0.00161666,  0.07206996, -0.15278754,  0.19991340, -0.18490685,  0.10818986,  0.00110368, -0.09876623,  0.14408005, -0.11896661,  0.03957507,  0.05430856, -0.11816336,  0.11879209, -0.05058042, -0.05762670,  0.16066228, -0.21850616,  0.21006560, -0.14497219,  0.06112934, -0.00092935, -0.00460415, -0.05490042,  0.15563905, -0.24962965,  0.29755455, -0.28434924,  0.22097052, -0.14543148,  0.09627694, -0.07854620,  0.07941868, -0.08426767,  0.06686882, -0.02438773
 -0.02552643,  0.07678511, -0.10473896,  0.08521795, -0.02259520, -0.06581506,  0.13427498, -0.13513517,  0.06158629,  0.05587458, -0.16398609,  0.20113639, -0.13925934,  0.00549949,  0.13945310, -0.22657971,  0.21123669, -0.10060580, -0.05381045,  0.18268174, -0.22552709,  0.16026717, -0.01675113, -0.13897611,  0.23578958, -0.22881205,  0.12045931,  0.03947740, -0.17724862,  0.22910968, -0.17036629,  0.02793519,  0.13360668, -0.24347553,  0.25350011, -0.15990728,  0.00827786,  0.13052991, -0.19408918,  0.15419513, -0.03851566, -0.08873458,  0.16965313, -0.16984782,  0.09511931,  0.00407332, -0.07699917,  0.10296745, -0.07721422,  0.02580144
 -0.01402719,  0.05647532, -0.11760574,  0.17550303, -0.20639047,  0.19037935, -0.12797728,  0.04642133,  0.01543719, -0.02505050, -0.02900571,  0.12549316, -0.21715427,  0.25579143, -0.21641521,  0.10973598,  0.02093444, -0.11896447,  0.14261692, -0.08450813, -0.02582811,  0.13456062, -0.18792038,  0.15784504, -0.05500581, -0.07636009,  0.17880384, -0.20716894,  0.15078819, -0.03862744, -0.07553267,  0.13727582, -0.11501287,  0.01591111,  0.11732737, -0.22994212,  0.27813795, -0.24508288,  0.15201223, -0.04673633, -0.02038752,  0.02087287,  0.03920054, -0.12752572,  0.20068307, -0.22473625,  0.19501793, -0.13220925,  0.06371212, -0.01576169
