 -0.14166649, -0.14166100, -0.14165858, -0.14165766, -0.14165738, -0.14165685, -0.14165617, -0.14165108, -0.14164250, -0.14163143, -0.14161841, -0.14160443, -0.14158942, -0.14157457, -0.14156115, -0.14154641, -0.14153116, -0.14151564, -0.14149995, -0.14148347, -0.14146699, -0.14145118, -0.14143609, -0.14142277, -0.14140946, -0.14139611, -0.14138280, -0.14136953, -0.14135666, -0.14134470, -0.14133372, -0.14132248, -0.14131182, -0.14130195, -0.14129260, -0.14128389, -0.14127485, -0.14126669, -0.14125802, -0.14124934, -0.14124019, -0.14123196, -0.14122439, -0.14121686, -0.14120969, -0.14120272, -0.14119579, -0.14118882, -0.14118193, -0.14117512
  0.40631081,  0.41967020,  0.39994499,  0.35796147,  0.29936579,  0.22921054,  0.15170030,  0.09187115,  0.04731315,  0.01189970, -0.01594624, -0.03816203, -0.05281323, -0.06884283, -0.09174630, -0.10709870, -0.11734905, -0.12321739, -0.12469905, -0.11918655, -0.10993526, -0.10006957, -0.09229007, -0.08950624, -0.08640312, -0.08289931, -0.07797858, -0.07255753, -0.06795220, -0.06431014, -0.06302494, -0.06054330, -0.05917469, -0.05837310, -0.05740303, -0.05555481, -0.05092277, -0.04902540, -0.04569342, -0.04102962, -0.03467282, -0.03065231, -0.02659427, -0.02191569, -0.01785374, -0.01430277, -0.01145640, -0.00864246, -0.00623820, -0.00339276
 -0.11332808, -0.06141777, -0.00396593,  0.05223248,  0.10343040,  0.14741116,  0.18096019,  0.20263507,  0.21493115,  0.22139044,  0.22313725,  0.22000915,  0.21237181,  0.20297895,  0.19129171,  0.17654043,  0.15933477,  0.14050804,  0.12060797,  0.10072725,  0.08133318,  0.06265572,  0.04593075,  0.02935390,  0.01429028,  0.00079525, -0.01188421, -0.02312697, -0.03329341, -0.04397773, -0.05480637, -0.06451254, -0.07413353, -0.08467918, -0.09578944, -0.10804836, -0.11966746, -0.13065314, -0.13981154, -0.14839497, -0.15514716, -0.16158394, -0.16870367, -0.17505190, -0.18085284, -0.18588176, -0.18969624, -0.19254894, -0.19459452, -0.19639522
 -0.61523977, -0.30190325, -0.02969754,  0.19532816,  0.33675538,  0.36024049,  0.23097457,  0.11515305,  0.02782384, -0.04170574, -0.07687104, -0.07662351, -0.00967269,  0.04734007,  0.01495437, -0.01386003, -0.05452504, -0.10746226, -0.15980035, -0.17354982, -0.15080879, -0.10385941, -0.06095397, -0.05304100, -0.05279230, -0.05374512, -0.04416133, -0.02999400, -0.01564087,  0.00703767,  0.01778547,  0.02771262,  0.02859593,  0.02934233,  0.02863653,  0.02926149,  0.04644196,  0.03962908,  0.03043176,  0.02992443,  0.04103253,  0.03982702,  0.04618197,  0.05751547,  0.06286964,  0.06554361,  0.06317332,  0.06397564,  0.06638763,  0.07729587
 -0.29499581,  0.06600531,  0.34861675,  0.32883143,  0.05222101, -0.22426166, -0.27161028, -0.30442837, -0.30456104, -0.15981717,  0.09091436,  0.28954911,  0.26671856,  0.13101816,  0.04961477, -0.05060119, -0.12060537, -0.11514721, -0.02498392,  0.06816096,  0.11078008,  0.07378056, -0.00441064, -0.04989275, -0.05558455, -0.00349836,  0.04913969,  0.07623512,  0.09135225,  0.09376411,  0.09113509,  0.04967251,  0.02912377,  0.04267706,  0.05950638,  0.03130580, -0.04699178, -0.07468006, -0.06701852, -0.04512917, -0.03272155, -0.00340850,  0.00084729, -0.03672178, -0.09185442, -0.11994396, -0.09024084, -0.02125409,  0.05064632,  0.07280917
  0.05897305, -0.03662525,  0.02219900,  0.13781162,  0.15760730,  0.05773423,  0.01239231, -0.07596447, -0.20513083, -0.30935814, -0.30595117, -0.16339667, -0.01778689,  0.06334677,  0.15535366,  0.16260577,  0.12084849,  0.08008968,  0.09047340,  0.12639092,  0.16847036,  0.18032066,  0.12434997,  0.07334815, -0.00635082, -0.08059199, -0.12188609, -0.14521770, -0.15617875, -0.14320543, -0.10129443, -0.09387764, -0.08931497, -0.05226788,  0.02963252,  0.14235159,  0.19241376,  0.22482790,  0.20761456,  0.16934867,  0.09635531,  0.06539640,  0.06604906,  0.04629614, -0.00547374, -0.09619597, -0.18965088, -0.24218639, -0.22910843, -0.16603703
  0.00029417, -0.07637499, -0.03751663,  0.03431211,  0.05227388,  0.02932028,  0.02747453,  0.00284087, -0.04703329, -0.07140686, -0.03375315,  0.03479692,  0.04847152,  0.01875403, -0.00704446, -0.04191891, -0.05765590, -0.03518293,  0.02492797,  0.09753874,  0.15281945,  0.16334476,  0.14005421,  0.09942906,  0.05959864,  0.03980302,  0.03579986,  0.03350519,  0.01569796, -0.03060193, -0.09155547, -0.15857586, -0.22375927, -0.27103566, -0.28681162, -0.29193185, -0.29467704, -0.26247273, -0.17667509, -0.05128605,  0.09876546,  0.23958485,  0.31951154,  0.32067446,  0.24922865,  0.13897778,  0.04601205,  0.00134952,  0.00348967,  0.01873612
 -0.16574586,  0.05368842,  0.10417747, -0.01174338, -0.08987669, -0.04259669, -0.06424018, -0.04683724,  0.06111251,  0.21297145,  0.26980730,  0.14201667,  0.00938575, -0.03878193, -0.09443068, -0.04639932,  0.05484296,  0.13774692,  0.13656438,  0.06658879, -0.04658575, -0.13376849, -0.14726394, -0.14414493, -0.09617395, -0.04799127, -0.04866277, -0.09334534, -0.15123282, -0.19664376, -0.24001755, -0.23093395, -0.17167871, -0.09834656, -0.06574264, -0.06574800,  0.01351986,  0.11923651,  0.23816196,  0.32158115,  0.34773010,  0.24762582,  0.07275019, -0.08285694, -0.15631616, -0.10413083,  0.01730621,  0.11806149,  0.12757866,  0.05004993
  0.00145892,  0.01313513,  0.06528409,  0.07267939, -0.00526563, -0.09893335, -0.09425868, -0.07610051, -0.08926526, -0.10483524, -0.07870458, -0.00489607,  0.06846211,  0.14020617,  0.23891503,  0.28357473,  0.24822836,  0.15093525,  0.04849475, -0.02634358, -0.05469145, -0.04972449, -0.04294024, -0.02480009, -0.02914558, -0.05664359, -0.09976803, -0.15228353, -0.19058336, -0.18449277, -0.13375050, -0.09762207, -0.08287149, -0.07053306, -0.05036407, -0.02254777, -0.01730023, -0.01165606, -0.03952660, -0.10367847, -0.19642775, -0.23829129, -0.18072803, -0.03817566,  0.14391105,  0.29371356,  0.35816271,  0.32169827,  0.21252893,  0.08594744
 -0.06195764,  0.12679633,  0.09061195, -0.11679913, -0.22705907, -0.13068562,  0.00140861,  0.03273171,  0.06169856,  0.14487317,  0.19493512,  0.16342669,  0.15214973,  0.17728630,  0.15386928,  0.04378814, -0.10398551, -0.20649678, -0.21800165, -0.17021949, -0.11132499, -0.05813445, -0.04708503, -0.05142823, -0.07986420, -0.11885847, -0.15234155, -0.15819870, -0.10803034, -0.00981664,  0.05571830,  0.03976647,  0.02217143,  0.03029222,  0.03239367,  0.04849226,  0.09327379,  0.13381933,  0.09419514,  0.02134550, -0.02989420,  0.01785158,  0.14890823,  0.26888786,  0.30095227,  0.22139790,  0.04504952, -0.15744735, -0.29703300, -0.30330915
  0.25451704, -0.06053739, -0.34822616, -0.12510117,  0.21757406,  0.11399412, -0.12594341, -0.11657969,  0.05320726,  0.04963099, -0.03997911,  0.09874719,  0.29045384,  0.23112600,  0.06564941, -0.07613067, -0.07739016,  0.01682800,  0.09106544,  0.05966524, -0.01809020, -0.10882858, -0.20628224, -0.21549032, -0.21518703, -0.20493815, -0.11354021,  0.01599454,  0.05976977, -0.01158589, -0.07398031, -0.06691476, -0.03553441, -0.02018016,  0.05079321,  0.19931775,  0.18464320,  0.02297483, -0.14820236, -0.15808662, -0.06593318,  0.07545237,  0.16791765,  0.13074030,  0.03784805, -0.07366359, -0.13245546, -0.05989815,  0.12604590,  0.28490467
 -0.20876630,  0.31006203,  0.18188648, -0.34896924, -0.20992250,  0.37412932,  0.26183955, -0.19294715, -0.28483607,  0.02552839,  0.11703288, -0.16764340, -0.15738189,  0.10481377,  0.06952375, -0.03000180, -0.08496860, -0.01751299,  0.11289838,  0.19195714,  0.12035593,  0.01619031, -0.02553035, -0.06148280,  0.00061200,  0.06012884,  0.02746280, -0.00270835,  0.05989325,  0.09887692, -0.04835147, -0.18258031, -0.11697037,  0.03934389,  0.03667308, -0.01832976,  0.10084830,  0.11235390, -0.04732152, -0.19102639, -0.15416134, -0.06071361,  0.03871216,  0.05372113, -0.01176843, -0.01663461,  0.00425453,  0.00325477,  0.01966933,  0.09847682
  0.03949348, -0.08652133, -0.01317881,  0.02370349, -0.08835947, -0.08329834,  0.09346478,  0.18273698,  0.07481248, -0.05158742, -0.01593250,  0.06199883,  0.02999704,  0.00478894,  0.01171573, -0.04266169, -0.12297474, -0.15573561, -0.09626179,  0.04172268,  0.16347982,  0.15815798,  0.05155258, -0.09564762, -0.19215293, -0.17124431, -0.03959451,  0.12132990,  0.22735564,  0.24544654,  0.15756913, -0.03403171, -0.26672752, -0.36907457, -0.26465454, -0.06563991,  0.13028747,  0.27083023,  0.27713819,  0.11546689, -0.08403671, -0.20196578, -0.19089725, -0.08764483,  0.00777745,  0.03446542,  0.03248277,  0.04399078,  0.08130500,  0.13684020
 -0.02113593, -0.17477717,  0.07204719,  0.19483598, -0.06301635, -0.14436553,  0.06845165,  0.19003375,  0.05485859, -0.06544872,  0.05056872,  0.11068867, -0.04308346, -0.16741423, -0.17071570, -0.12038376, -0.03954011,  0.02962965,  0.05854250,  0.06780044,  0.03117294, -0.04621511, -0.09738647, -0.06282026,  0.03720918,  0.18470449,  0.30017363,  0.23462931,  0.01377185, -0.16033324, -0.23921186, -0.27833479, -0.24178129, -0.03266169,  0.23604053,  0.31507420,  0.20114786,  0.06069884, -0.06112615, -0.15959255, -0.18408109, -0.10074757,  0.02753582,  0.12963197,  0.14021180,  0.06493973,  0.00672184, -0.00939485, -0.05763196, -0.13993092
  0.12348548, -0.22654642,  0.16496481,  0.08321979, -0.39011182, -0.08222170,  0.31364559,  0.30524654, -0.09071785, -0.24732737,  0.06851391,  0.08512342, -0.10913724, -0.00748422,  0.09021059,  0.11600696,  0.10275115,  0.04662422, -0.03720076, -0.00018831,  0.02162983, -0.04815577, -0.08062755, -0.11275025, -0.12688387, -0.11316485, -0.07157498, -0.14275279, -0.18720429,  0.00287643,  0.15120691,  0.13731153,  0.00216902,  0.06119066,  0.14538919, -0.00252535, -0.11461248, -0.08437819, -0.04683388, -0.07649025, -0.00374155,  0.09442379,  0.16346157,  0.12172728, -0.04407871, -0.20950481, -0.16579367,  0.01447424,  0.14497155,  0.26150579
 -0.15078538,  0.13126350,  0.03402969, -0.04311124,  0.05900140, -0.13071423, -0.09187384,  0.07679097,  0.16761388,  0.11432584, -0.04534604, -0.02930481,  0.03883313,  0.00203256, -0.08191518, -0.10222546, -0.10252712, -0.08156732,  0.00028653,  0.01182746,  0.04431594,  0.07720978,  0.07270475,  0.09774288,  0.19805073,  0.24797890,  0.06481664, -0.17737089, -0.33477239, -0.28624460,  0.00533505,  0.16948203,  0.11812754, -0.08578800, -0.21803582, -0.07280841,  0.13993072,  0.19946062,  0.07148349, -0.07192348, -0.20903814, -0.17589415,  0.06878180,  0.17149833,  0.04115808, -0.12363092, -0.22429664, -0.09062090,  0.20735194,  0.29845324
  0.06551557, -0.10890690,  0.04809940,  0.02816541, -0.05844896,  0.14123444, -0.09377142, -0.07546316,  0.03702413, -0.04359958,  0.03473124,  0.02131668, -0.12026305,  0.02405224,  0.11701759,  0.06660905,  0.01975710,  0.00709715, -0.05340906,  0.01829666,  0.08056374, -0.03112142, -0.05455435, -0.21097753, -0.18576483,  0.02270094,  0.20559243,  0.24123698,  0.11800844, -0.17176095, -0.32739845,  0.05709959,  0.25247193,  0.18580697, -0.00087282, -0.27712651, -0.21168316,  0.03546197,  0.21131436,  0.10449995,  0.03196808, -0.16097393, -0.16185832,  0.08253890,  0.20979308,  0.10785139, -0.08834707, -0.26805551, -0.13147413,  0.26000494
 -0.16255020,  0.34417537, -0.08808226, -0.21944103,  0.19038735, -0.26275922,  0.18674202,  0.18774315, -0.08378259, -0.00984184, -0.21245489,  0.05227157,  0.17573316, -0.15622585, -0.16497094,  0.21047793,  0.24828778, -0.03236980, -0.05348169, -0.15268049,  0.05514427,  0.18260608, -0.08772589, -0.24393580, -0.15843624,  0.06267244,  0.04159035,  0.05504143,  0.05315075,  0.07125036,  0.02233147, -0.24527010,  0.05937695,  0.20074282, -0.01193433, -0.01318406, -0.08030761, -0.13794414,  0.04146717,  0.16744845, -0.08206752, -0.05833232,  0.11373866,  0.04303163, -0.01318501,  0.02595230, -0.11371249, -0.03285154,  0.08964770, -0.00346127
  0.01448926, -0.21971194,  0.46331747, -0.36385045,  0.16808184,  0.02133283, -0.29926895,  0.28076890, -0.04065249,  0.03229201,  0.01873131, -0.19214393,  0.08942324,  0.06251706, -0.04221093, -0.24009638,  0.16750449,  0.07130745,  0.06842881,  0.03364523, -0.15164676,  0.11333810,  0.10752366,  0.02236187, -0.14800346, -0.07656226, -0.00779978, -0.03216948,  0.07624117, -0.08022804,  0.12506626,  0.03195216, -0.19657107,  0.11119827,  0.06890977, -0.00821884,  0.01198270, -0.02599339, -0.14234379,  0.08873008,  0.07469457, -0.11117780, -0.03316868,  0.07366534, -0.00550207,  0.05429370,  0.06345037, -0.17708271,  0.05823386,  0.02092864
  0.07991737, -0.00572251, -0.09527297, -0.16060132,  0.27009223, -0.01435896, -0.14429078,  0.26014938, -0.24205120, -0.23580866,  0.30767374,  0.13215072, -0.21886059, -0.02530919,  0.22794713,  0.09534895,  0.00590731, -0.20038184, -0.12377998,  0.07611220,  0.03362708, -0.07350717, -0.21936414, -0.08253594,  0.24751037,  0.15848095, -0.12598876,  0.10377289,  0.15224265, -0.17003564, -0.03543360,  0.12245260, -0.01543079, -0.02582460, -0.05597075, -0.11703573,  0.08264942,  0.05645703,  0.05379859, -0.00235227, -0.09415937,  0.08249498,  0.15368389, -0.07878023, -0.18860551,  0.07515467,  0.02371125, -0.02723028,  0.12665293, -0.14933307
  0.02238076, -0.02224413, -0.11639993,  0.16349437,  0.09273557, -0.28240003,  0.19037283,  0.07085311, -0.33307360,  0.24986140,  0.18783945, -0.31832737, -0.06921242,  0.28384331, -0.06463177, -0.13063428, -0.01885563, -0.00426487,  0.11687168,  0.03464616,  0.00119989, -0.04728321, -0.00320128,  0.10329959,  0.01590509, -0.25099126,  0.01070816,  0.27177928, -0.15609816, -0.11533782,  0.12724817, -0.03127274, -0.00672319,  0.14372521, -0.05961512, -0.07319858,  0.02788277, -0.06636940,  0.08564823, -0.01125115, -0.03897813,  0.06278015, -0.05515119, -0.16436379,  0.17315401,  0.17233729, -0.22162592, -0.00333288,  0.07362390, -0.01735182
 -0.19127808,  0.30843779, -0.18609239,  0.12555483, -0.03470802, -0.07316080, -0.05916003,  0.06474200,  0.26355326, -0.24713705,  0.11424141,  0.05392951, -0.28746819,  0.16781873, -0.06498196, -0.12448794, -0.14084056,  0.25598647,  0.07719489, -0.02768914,  0.02671004,  0.06841549,  0.23794950, -0.09793745,  0.03117605, -0.09851685, -0.28789112,  0.01877479,  0.06573194, -0.06120077,  0.01099831,  0.04628261, -0.14968177,  0.02504848,  0.24289723,  0.01011118, -0.01439264, -0.11846464, -0.10441150,  0.11952466,  0.00827918, -0.15684098,  0.08854902, -0.03234121, -0.06414323,  0.21050522,  0.02253299, -0.18866478,  0.00892426,  0.13767963
  0.01545797, -0.07633490,  0.13833420, -0.15998602,  0.16032192, -0.13447964,  0.04814109,  0.01796513, -0.07788216,  0.20306650, -0.26005418,  0.27935840, -0.25112039,  0.11539223,  0.00413160,  0.01429253,  0.02109380, -0.17532658,  0.22452784, -0.20631275,  0.17730648, -0.17927027,  0.12915805, -0.03601450,  0.02454568,  0.07241579, -0.13184265,  0.09368022, -0.11504615,  0.14147821, -0.16818676,  0.16273325, -0.13914267, -0.00161128,  0.03526468,  0.01541469,  0.08820637, -0.13542572,  0.12966033, -0.22505916,  0.25646965, -0.14520282,  0.05427683,  0.01433701, -0.09484669,  0.06712256, -0.04698595,  0.14568752, -0.22101022,  0.13131295
  0.05895698, -0.10646559,  0.10573294, -0.16792630,  0.18005551, -0.16699024,  0.18292970, -0.15880695,  0.10921055, -0.10573490,  0.08534080,  0.02251680, -0.04988575,  0.13656740, -0.16993017,  0.23404330, -0.18808085,  0.05615648, -0.15368379,  0.03816530,  0.03425482, -0.08618101,  0.09638343, -0.10578394,  0.24490317, -0.20073292,  0.20946931, -0.13829145,  0.07596449, -0.04281017, -0.04460587,  0.03130903, -0.15273146,  0.22726729, -0.21402854,  0.19119345, -0.17304196,  0.14276513, -0.05636112, -0.00457952,  0.08698069, -0.12102339,  0.17812625, -0.24359726,  0.17738611, -0.18687000,  0.16316763, -0.07666819,  0.00694963,  0.03901781
  0.04272475, -0.04036952, -0.04431616, -0.06942134, -0.00819720, -0.03511527,  0.05681938,  0.12580844, -0.05476032,  0.07963001,  0.03503446,  0.06043783,  0.10096702, -0.10344047,  0.20770490, -0.06837332, -0.20721677, -0.28088812, -0.08696369, -0.07399039,  0.08810834,  0.20496281, -0.04757546,  0.40290945,  0.12476490, -0.07132267, -0.10424359, -0.10606496, -0.03807748, -0.07166532, -0.15013878, -0.33486978,  0.02397395,  0.11366776,  0.19101707,  0.17838316, -0.17702250, -0.03924499, -0.00572196,  0.10292619,  0.01315222,  0.03007349, -0.11208926, -0.14793263, -0.10398135,  0.06585658,  0.13318356, -0.09040168, -0.08757584,  0.37898825
  0.02881266,  0.00752929, -0.07671622, -0.02490968,  0.04673352,  0.05659889,  0.05851826, -0.10193387, -0.08471671,  0.04416636, -0.02302376,  0.06528853,  0.16946527,  0.04002504, -0.26143573, -0.20594132,  0.25562382,  0.20260343, -0.29002486, -0.14814720,  0.29647938,  0.02283997, -0.18313005,  0.08481589,  0.16969406, -0.02626845, -0.13953208,  0.02473829,  0.02593153, -0.10537913,  0.05817113,  0.12823511, -0.20917315, -0.01206040,  0.30774579, -0.18168567, -0.25729346,  0.29409243,  0.13754760, -0.19825827,  0.00710048, -0.00260560, -0.06352409,  0.07152694, -0.00652175, -0.02810499,  0.05205714,  0.00007967, -0.01431406, -0.01172444
  0.01020343, -0.00715388, -0.06237495,  0.09424147, -0.04146726, -0.00364097,  0.01117125, -0.09148214,  0.12261603,  0.01660499, -0.06823467,  0.08920250,  0.00634947, -0.11435886, -0.06506904,  0.16232559,  0.14118462, -0.25920840, -0.17770324,  0.28844493,  0.07783951, -0.26147505,  0.09439622,  0.18475710, -0.08128625, -0.09081785, -0.00601678,  0.11117298, -0.10573533, -0.03018411,  0.13479417, -0.14565297, -0.13821425,  0.27983294,  0.02664094, -0.34259283,  0.26695468,  0.16101998, -0.32753872,  0.04755829,  0.16282341, -0.12672595,  0.02830149,  0.06131084, -0.14177164,  0.09478683,  0.01052454, -0.07340838,  0.04879156,  0.02827948
  0.09915126, -0.11519472, -0.03029146,  0.01774216, -0.16279588,  0.35105920, -0.13385748, -0.01463919, -0.01240477, -0.17042589,  0.07431735,  0.16004474,  0.18713668, -0.00738320, -0.20891128, -0.16341467,  0.13189277, -0.07157935, -0.02534558,  0.00444212, -0.06595097,  0.10817801,  0.08049878, -0.07200366,  0.25148119, -0.05372023, -0.06158140, -0.00823708, -0.18652849,  0.10955870, -0.02077313, -0.07164103, -0.09676030,  0.29779799, -0.16404696, -0.01391250,  0.10978585, -0.22306369,  0.26124050,  0.09863971, -0.16486583, -0.14486814,  0.17098613, -0.18132010,  0.03886209,  0.14231509, -0.16900625,  0.18769175, -0.08742862,  0.01913531
 -0.09470644, -0.04867460,  0.04967264,  0.09756182,  0.14796797,  0.00101706, -0.22996920, -0.03572506,  0.01677833,  0.17594782,  0.26602531,  0.01381517, -0.28763441, -0.42019900, -0.16364068,  0.18115972,  0.19119714,  0.05593095,  0.09595687,  0.05033536,  0.13473502,  0.15091815, -0.02488511,  0.05759799, -0.09797648, -0.31599410, -0.18461435, -0.08977477,  0.02264086,  0.12956292,  0.03313136, -0.03175145,  0.12966851,  0.02977410, -0.10083407,  0.08886742,  0.01981255,  0.07922809,  0.02370779, -0.25407636, -0.18654925,  0.07561906,  0.10428764,  0.05253608,  0.11875178,  0.00826145,  0.02088879, -0.04240076, -0.13736337,  0.12349011
 -0.07488806,  0.03111937,  0.14786716,  0.00712504, -0.12304686, -0.00134253, -0.15674174, -0.03125316,  0.31352178,  0.13577821, -0.15787097, -0.22138942, -0.07401070,  0.10922123,  0.07892425,  0.11521757,  0.18657972, -0.24392710, -0.27278798,  0.13518752,  0.14715559,  0.01527550,  0.00278548, -0.09689595,  0.00738644,  0.09644179, -0.06647218, -0.02709927,  0.14098238, -0.04442303, -0.08378420,  0.03950022, -0.14442279, -0.06161471,  0.13206653,  0.15831953, -0.05331046, -0.10523412,  0.01144292, -0.11705251, -0.02200346,  0.28535847,  0.04011422, -0.32852198,  0.14018678,  0.13523163, -0.30368779,  0.04348353,  0.14671056,  0.00881882
 -0.07788910,  0.15296055, -0.04670680, -0.06042493,  0.02011094,  0.02539232, -0.15430920,  0.18974850,  0.10873382, -0.18902930,  0.03676631, -0.09985211,  0.11299405, -0.00199621, -0.08024149,  0.20860113, -0.14131636, -0.19312260,  0.17285788,  0.11025126, -0.10254122,  0.06230808,  0.00756613, -0.13570590,  0.18321224, -0.08002620, -0.13986875,  0.18233523, -0.04630322, -0.11570456,  0.11172186, -0.03573116, -0.10416069,  0.10612930,  0.10791776, -0.08271095, -0.04580400,  0.00279018,  0.05039360, -0.15418461,  0.17025443,  0.12477475, -0.36770039,  0.15441436,  0.23449739, -0.31224245, -0.00175978,  0.26288905, -0.17758563,  0.04730876
  0.04046839, -0.08392159,  0.04941298, -0.15179043,  0.09086470,  0.04486805,  0.13405855, -0.07251549, -0.01043582, -0.11826160, -0.03898198,  0.35926575, -0.12392637,  0.08842598, -0.24905866, -0.08000275,  0.03357235, -0.14761765,  0.20630820,  0.10850590, -0.01963228, -0.13002542,  0.12470277,  0.20587115, -0.21025142,  0.13387875, -0.26345348, -0.04864089,  0.06097864, -0.10042722,  0.02870358, -0.06117983,  0.18451752, -0.06046761,  0.10634630, -0.01775665, -0.12096399,  0.10414966, -0.05220912,  0.20170857, -0.23018308,  0.08441030, -0.10925434, -0.15581690,  0.35628331, -0.08116653, -0.07010490,  0.04469603,  0.14253559, -0.12645562
  0.03581518, -0.05666908,  0.03680937,  0.09561549, -0.08058622,  0.01335262, -0.06026828, -0.09226434,  0.06892620,  0.07490004, -0.05386743, -0.05511001, -0.16123904,  0.22813299,  0.02328285, -0.00857258,  0.17006536, -0.04914079,  0.02667079, -0.25838824,  0.00951691,  0.13334165, -0.14747569, -0.10064567, -0.02809885,  0.23871356, -0.05667293,  0.24549615, -0.02831682, -0.17281796,  0.30328097, -0.15475053, -0.02391487, -0.00842243, -0.11141316, -0.04165242,  0.08642448,  0.06982800, -0.15792072,  0.14995579, -0.16243089,  0.09008641,  0.21455160, -0.15547054,  0.00690570, -0.23922260,  0.27458820,  0.00603825, -0.32682928,  0.18981676
  0.03201559, -0.10429951,  0.15228667, -0.10694895,  0.03101794, -0.00090118, -0.00737291, -0.06197432,  0.13067387, -0.08210418,  0.02633836, -0.06646241,  0.05023001,  0.10084450, -0.17036306,  0.14189113, -0.06074220,  0.00973839, -0.02805471, -0.08824199,  0.20423932, -0.12566179,  0.00805592, -0.07922099,  0.16035673, -0.02300519, -0.08878495,  0.21850416, -0.34860162,  0.27681368, -0.06788686, -0.07532577,  0.08203845, -0.07743064,  0.02577013, -0.01147446,  0.11709252, -0.17052231,  0.08597913,  0.05605140, -0.19712231,  0.28893603, -0.21438045,  0.09348432, -0.10706412,  0.02250421,  0.24204409, -0.36819134,  0.20156849, -0.02633768
  0.09779232, -0.14590991,  0.01748519, -0.01513725,  0.07678243, -0.07129195,  0.12229172, -0.27240366,  0.04578474,  0.17546889,  0.16257623, -0.12048109, -0.04437626, -0.05656035,  0.11832901,  0.05962373, -0.02241586, -0.08274690, -0.17957268, -0.10001932, -0.07725437,  0.18225084,  0.36105411, -0.04425181, -0.04358067, -0.04760433, -0.17056573,  0.14949805,  0.09215043, -0.11585737, -0.20347517,  0.04762880, -0.11475518,  0.07804233,  0.16178523, -0.02830380,  0.02763251, -0.09210129,  0.06073241,  0.17634897, -0.24662137, -0.07362798,  0.04557493,  0.29823419, -0.15869970, -0.26184459, -0.04481578,  0.24886136,  0.12372739, -0.09535955
  0.02357136,  0.03250115, -0.07014770,  0.10024987, -0.05208854,  0.08277610, -0.12088740, -0.02256790, -0.22232127,  0.14174084,  0.10165401,  0.00974407, -0.08317157, -0.05959408,  0.06777779,  0.13243102,  0.17373220,  0.06127605, -0.09628874, -0.21376229, -0.09430208, -0.19918836, -0.02449547,  0.06814869,  0.26613546,  0.14485621, -0.10949759, -0.03243023,  0.11808612,  0.21053028,  0.03292434, -0.12038934, -0.18214780, -0.12814062, -0.00880592,  0.10945171,  0.06728694, -0.11476728, -0.09817218,  0.20416073,  0.16285665, -0.23008701, -0.12741322,  0.09647159,  0.34741386, -0.21631560, -0.18189685, -0.22213491,  0.16316690,  0.11202191
 -0.03812109,  0.04898412, -0.08614001,  0.14016976, -0.17234496,  0.16333579, -0.23452739,  0.30024947, -0.14816642,  0.29506039, -0.29439998,  0.06289773, -0.08429504,  0.09789962, -0.00081223, -0.03647548, -0.12457367, -0.07507697, -0.00013300,  0.11054658,  0.21129502,  0.01783600,  0.07419262, -0.10414885,  0.02625016, -0.21237318, -0.00135074,  0.00252740, -0.00391038, -0.06001279, -0.06627240, -0.03399780,  0.13081048,  0.08572694,  0.07391792, -0.01360461, -0.07491170, -0.03427467,  0.05855003,  0.00299065, -0.02817174, -0.14490364,  0.18902358, -0.03620911,  0.05625680, -0.28680364,  0.29474711, -0.05073669,  0.25293850, -0.24942699
 -0.04315910,  0.11364890,  0.05991731, -0.01785113, -0.08798160,  0.01289394, -0.12011807,  0.04693969,  0.04818659, -0.08286504, -0.14490601,  0.04602559,  0.04809661,  0.03758682,  0.05663149,  0.16557888,  0.04654355,  0.04593329,  0.10942847, -0.20125297, -0.42634539, -0.21502125,  0.15834505,  0.31085093,  0.03388470, -0.15641975,  0.09005551,  0.26778959,  0.12474574,  0.03741353, -0.03357863, -0.13593338, -0.08424926, -0.04779591,  0.01983723, -0.08424276, -0.16046035,  0.20258906,  0.24901463, -0.20625703, -0.16910228,  0.10612858,  0.25121521, -0.03830677, -0.12450197, -0.04480087, -0.08497439, -0.11828315,  0.08715045,  0.05190374
 -0.00715289, -0.08032133,  0.12778253, -0.00251733,  0.03064029, -0.08115008,  0.02833705, -0.06938454,  0.09370173,  0.09459256, -0.18177572,  0.03068700, -0.15508286,  0.20637444, -0.14164986,  0.07526798, -0.02008839,  0.05856177, -0.05348841,  0.31994196, -0.08842102, -0.11348976, -0.30602011,  0.08369851,  0.23613395, -0.12825127, -0.01898135, -0.13944736,  0.27040536, -0.09997375,  0.21166762, -0.18142055,  0.11885473, -0.09848524,  0.04115121, -0.00522923, -0.00024420, -0.26518281,  0.23407396,  0.11922897, -0.11701462, -0.11651104, -0.02039645,  0.29770113, -0.16411427,  0.05229837, -0.05437425,  0.05448147, -0.13008099,  0.05465511
 -0.06412094,  0.05357243,  0.02256231,  0.03768381,  0.02617772, -0.12903750, -0.01588135,  0.06820013,  0.18284645, -0.19083294,  0.14888568, -0.37358250,  0.16285752,  0.04730040,  0.03174564, -0.12337657,  0.10542441, -0.08994563,  0.09201127,  0.12307204,  0.19083657, -0.28010253, -0.20512091,  0.24077650, -0.13415503,  0.10711081, -0.19561931,  0.07976761, -0.00120326,  0.24419977, -0.21803621,  0.05406444,  0.06885678,  0.02476669, -0.05023097,  0.05248203, -0.13502996, -0.03716728,  0.08214208,  0.07522913, -0.00423331, -0.27370131,  0.25222827,  0.03184806,  0.04120433, -0.19253686,  0.09043976,  0.10559401, -0.09308164, -0.03689926
 -0.03449285,  0.04961678, -0.03931245,  0.08778574, -0.06954816,  0.02428175, -0.08317639,  0.15031141, -0.10430411,  0.07453786, -0.07896490, -0.03521719,  0.02492665,  0.02878268, -0.02278897, -0.03567950,  0.08024716, -0.07450577,  0.14250552, -0.03787055,  0.14819354, -0.31054441,  0.12905416, -0.13348317,  0.14454279, -0.07749628,  0.05771771, -0.09481101,  0.10406673,  0.04549616, -0.08852102,  0.13689306, -0.12119080,  0.12489966, -0.17721929,  0.17711958, -0.24541183,  0.23556984, -0.23484509,  0.30596337, -0.30566237,  0.20992269, -0.15747738,  0.20153770, -0.17569737,  0.12451567, -0.07765906,  0.10275434, -0.17364260,  0.07827394
 -0.00350810,  0.01309515,  0.05268606, -0.06712665,  0.04384595, -0.00245292, -0.14793686,  0.02864694,  0.19878027, -0.15473900,  0.00002858,  0.10086736, -0.30881947,  0.25133601,  0.14767904, -0.14199102, -0.00178549,  0.10985398, -0.10000069, -0.26605657,  0.16229015,  0.15891177, -0.18147986,  0.17279703, -0.00394571, -0.16110759,  0.16382410,  0.00737066, -0.07291460,  0.18411103, -0.06347881, -0.25626889,  0.09564919,  0.17584682, -0.12523873, -0.02979247,  0.01972344,  0.13610843, -0.14683271, -0.00248133,  0.06449335,  0.03023597, -0.12153510,  0.14895672, -0.00176751, -0.07519503, -0.24996573,  0.25167952,  0.14745250, -0.17987258
 -0.00436582,  0.12094897, -0.07787273, -0.08067751, -0.05846889,  0.13931325, -0.08412456,  0.11756244, -0.14961171, -0.12463129,  0.21317931, -0.01170037,  0.00622879,  0.23181726, -0.32553515,  0.13360670,  0.18172340, -0.09233417, -0.28238571, -0.08916538,  0.10742181, -0.07739725,  0.26105479,  0.16126739, -0.18957438, -0.08286085,  0.18711074,  0.05577392,  0.01434857, -0.22386338, -0.04838125, -0.00847482,  0.21270015, -0.27525611, -0.05942992,  0.25572432,  0.08526540, -0.13749861, -0.02019539, -0.04549952,  0.14621249, -0.03828732, -0.04192702,  0.05698881, -0.13946446, -0.02941452,  0.02710613,  0.09891192, -0.09729253,  0.08142296
 -0.07306467,  0.03835728,  0.12656678,  0.01691312, -0.15767748, -0.13796790,  0.18257460,  0.09971014, -0.02255762, -0.04769839, -0.13853004,  0.04472824,  0.13065288, -0.01882781, -0.01731171, -0.17674089,  0.10929556,  0.16011031, -0.08549395, -0.04389863, -0.03703896,  0.01519177,  0.01335068,  0.06646163,  0.17338489, -0.13401617, -0.25181046,  0.03749656,  0.35868612, -0.10342400, -0.35098313,  0.07523160,  0.17593341,  0.09681097, -0.25241092, -0.11574953,  0.40050919, -0.05348186, -0.13007491, -0.09839826,  0.02180002,  0.18232718, -0.08265281, -0.05558142,  0.08067333, -0.10497215,  0.08344512, -0.02878454, -0.04047534,  0.06943696
  0.04053439, -0.07655003,  0.04675556, -0.02703861,  0.10428311, -0.09631488, -0.10243233,  0.16431256, -0.10423943,  0.04787471,  0.02926650, -0.09774517,  0.05701568,  0.08223033, -0.07699238,  0.07874735, -0.11989790,  0.14004084, -0.13773292,  0.05156674, -0.05537304, -0.03711814,  0.14686351, -0.14896144,  0.13050552,  0.00402731,  0.07718846, -0.14549072, -0.05600993,  0.28415746, -0.16198200, -0.16259241,  0.21127937, -0.24038228,  0.35085011, -0.35415604,  0.10782672,  0.16427756, -0.15519963,  0.09169505, -0.09702953,  0.00167884,  0.15202423, -0.17206380,  0.06848670, -0.00459980, -0.10036810,  0.19877944, -0.22127754,  0.11927790
  0.02110536, -0.10273358,  0.13069273, -0.05889518, -0.01347746,  0.01497553,  0.03207059, -0.04306339,  0.06656808, -0.03419565,  0.01731763, -0.06784981,  0.14230577, -0.20924270,  0.19173772, -0.12126291, -0.05879347,  0.10446649,  0.01780944, -0.11077023,  0.23661528, -0.25947620,  0.25173934, -0.23646975,  0.15921588, -0.00816977, -0.21383775,  0.13820110,  0.05436906, -0.19880303,  0.28559143, -0.35461783,  0.31554421, -0.07336107, -0.07522781,  0.10740789, -0.10501880,  0.08425977,  0.00324217, -0.11337293,  0.13885655, -0.11411548,  0.06235688, -0.00863013, -0.03363660,  0.11125711, -0.12615811,  0.06621800,  0.04958142, -0.06231768
  0.00753102, -0.03612794,  0.05018258, -0.00664909, -0.03321290,  0.03056181, -0.05527183,  0.10591155, -0.12421443,  0.12318614, -0.11229392,  0.06986803, -0.03474923,  0.05391296, -0.09895466,  0.14012148, -0.21321866,  0.30234917, -0.32426702,  0.27075131, -0.18740988,  0.10417307, -0.04443927,  0.04272796, -0.10883112,  0.24426484, -0.35346141,  0.30550830, -0.17035606,  0.10430685, -0.07725054,  0.00236205,  0.01973891,  0.09110808, -0.21288228,  0.22211969, -0.17749481,  0.15348223, -0.09147733, -0.01826268,  0.06157632, -0.02627306, -0.01229103,  0.03996270, -0.06836222,  0.08125218, -0.07618819,  0.06439333, -0.04854451,  0.02113244
  0.06100857, -0.09499367, -0.02108258,  0.08862065, -0.02117631,  0.02389556, -0.12327385,  0.10527579, -0.04762516,  0.02409588,  0.06334739, -0.11262936,  0.07182277,  0.06460596, -0.12964763,  0.23268823, -0.33672011,  0.18470346,  0.02374700, -0.22278688,  0.23145278, -0.14104008,  0.05947359,  0.12854915, -0.25469353,  0.31678327, -0.06149578, -0.28803773,  0.23703563, -0.06736183,  0.07967860, -0.11884870, -0.15246589,  0.29475212, -0.05342446, -0.15408846,  0.13964333, -0.08686266,  0.17361539, -0.11468851, -0.07361396,  0.10418927, -0.03375491,  0.00278581, -0.02751226,  0.02115213, -0.02660093,  0.02601514,  0.01603622, -0.01054594
 -0.04214792,  0.00346592,  0.15253423, -0.12845633, -0.09083193,  0.15692799, -0.01652760, -0.02794387,  0.01507793,  0.02394337, -0.07414520, -0.01052063,  0.13229978, -0.18072099, -0.06660891,  0.29218513, -0.26980292,  0.10750709,  0.13505843, -0.19937740,  0.19916586,  0.03718114, -0.28308543,  0.18162080,  0.03167924, -0.23062197,  0.00020760,  0.23891156, -0.00935234, -0.19968072, -0.00246534,  0.26788597, -0.04397986, -0.15907862,  0.07823767, -0.01808709,  0.09053517, -0.06866397, -0.20350473,  0.26504903, -0.04032033, -0.11283461,  0.12856613, -0.10002477,  0.04839160,  0.10394730, -0.17598427,  0.11201724,  0.00500923, -0.05264009
 -0.07884479,  0.15836071, -0.02826414, -0.15698838,  0.14630208, -0.01374978, -0.04437606,  0.04177519, -0.00609644, -0.01232800, -0.08150213,  0.13923923, -0.05030194, -0.19996696,  0.31237203, -0.18519414, -0.03691714,  0.28657077, -0.29159102,  0.14915809,  0.11104689, -0.28425498,  0.09854266,  0.10725053, -0.13563800, -0.08233770,  0.17141941,  0.08063052, -0.16250294, -0.04052154,  0.15115789,  0.06267473, -0.15101725,  0.01975558,  0.00096700,  0.01353031,  0.08562880, -0.23703367,  0.14347057,  0.09186002, -0.19198003,  0.15126939, -0.04473619, -0.07498660,  0.18505718, -0.17332835,  0.04670824,  0.09371840, -0.17293304,  0.08892469
