 -0.14172954, -0.14171849, -0.14171143, -0.14170678, -0.14170271, -0.14169887, -0.14169484, -0.14168751, -0.14167638, -0.14166333, -0.14164964, -0.14163521, -0.14161976, -0.14160332, -0.14158614, -0.14156793, -0.14154945, -0.14153089, -0.14151284, -0.14149502, -0.14147639, -0.14145763, -0.14143938, -0.14142216, -0.14140551, -0.14138899, -0.14137341, -0.14135845, -0.14134436, -0.14133042, -0.14131718, -0.14130513, -0.14129315, -0.14128184, -0.14127045, -0.14125995, -0.14124946, -0.14123890, -0.14122849, -0.14121816, -0.14120877, -0.14119965, -0.14118991, -0.14118020, -0.14117069, -0.14116134, -0.14115175, -0.14114224, -0.14113285, -0.14112400
  0.36516914,  0.39063386,  0.38410220,  0.35369553,  0.30740448,  0.24938992,  0.18347432,  0.12605604,  0.08215154,  0.04325605,  0.00520779, -0.03077060, -0.06231633, -0.08804071, -0.10761752, -0.12020171, -0.12871930, -0.13236257, -0.13624428, -0.13806889, -0.13438398, -0.12738952, -0.11889107, -0.10991147, -0.10025832, -0.08954217, -0.08056120, -0.07225864, -0.06478867, -0.05591009, -0.04775473, -0.04175185, -0.03693216, -0.03353937, -0.02999060, -0.02831536, -0.02576470, -0.02449438, -0.02453444, -0.02434577, -0.02603318, -0.02853890, -0.02950091, -0.03097622, -0.03181943, -0.03113015, -0.02873170, -0.02643530, -0.02440342, -0.02237243
 -0.11182449, -0.06685964, -0.01478843,  0.03858931,  0.08974493,  0.13520807,  0.17293966,  0.20081609,  0.21917790,  0.23100688,  0.23683531,  0.23699709,  0.23174625,  0.22137583,  0.20639689,  0.18827423,  0.16817021,  0.14585798,  0.12380586,  0.10141124,  0.07966015,  0.05879986,  0.03870269,  0.01880173,  0.00010861, -0.01645216, -0.03132054, -0.04469769, -0.05730228, -0.06895096, -0.07968826, -0.09003004, -0.09811735, -0.10567124, -0.11201904, -0.11851075, -0.12476753, -0.12925319, -0.13286708, -0.13660968, -0.14132150, -0.14610863, -0.15022819, -0.15389486, -0.15822199, -0.16346086, -0.16853950, -0.17299976, -0.17682028, -0.18126829
 -0.61799187, -0.31415924, -0.06505923,  0.11917579,  0.23326669,  0.26073949,  0.17708396,  0.09476296,  0.08486789,  0.09903580,  0.09951887,  0.07640734,  0.03317925, -0.01502290, -0.05563872, -0.07497214, -0.08875771, -0.07643797, -0.08874734, -0.11606758, -0.13224630, -0.14085388, -0.14416704, -0.13845871, -0.12583493, -0.10376527, -0.09143719, -0.08494688, -0.08434204, -0.06699886, -0.04010914, -0.01454537,  0.00415979,  0.01877370,  0.03611300,  0.04620592,  0.06867221,  0.08128003,  0.08671246,  0.10238035,  0.11297392,  0.11393729,  0.11796310,  0.10701122,  0.09013013,  0.07880021,  0.08032528,  0.08458782,  0.08614236,  0.08867853
 -0.15441532, -0.14092078,  0.02791581,  0.22690888,  0.30053891,  0.18570062, -0.02390391, -0.15437324, -0.15961039, -0.10211992, -0.04504911, -0.02383465, -0.05300418, -0.10641178, -0.13580880, -0.11104174, -0.05151330,  0.01114782,  0.04558648,  0.06061349,  0.07245520,  0.07944471,  0.09457351,  0.13335854,  0.19036980,  0.23839373,  0.24353025,  0.21131256,  0.15746892,  0.10950424,  0.06464173,  0.01082335, -0.04348682, -0.10322050, -0.15939030, -0.21592446, -0.25705206, -0.27617572, -0.25776947, -0.19567908, -0.12041219, -0.04870746,  0.00862118,  0.03462106,  0.03940729,  0.03823881,  0.05228190,  0.08263114,  0.11206662,  0.10741100
 -0.24069392,  0.11303794,  0.38544957,  0.31387699, -0.06113041, -0.37878638, -0.32713977, -0.09338191,  0.06111023,  0.11174917,  0.08524549,  0.00628249, -0.07859649, -0.08207355,  0.01200387,  0.10787346,  0.15156788,  0.09731968,  0.06147711,  0.04656350,  0.01621411,  0.00867124,  0.04778188,  0.10562618,  0.10862748,  0.02828478, -0.06181591, -0.12370385, -0.13776927, -0.14660473, -0.14838875, -0.15397116, -0.16035726, -0.15875460, -0.15250201, -0.11324230, -0.08292600, -0.02283242,  0.07492482,  0.15184083,  0.18482316,  0.15858861,  0.08384417,  0.03908358,  0.02802907,  0.03207228,  0.04326859,  0.05829732,  0.03872386, -0.03753255
  0.18753964,  0.03747335, -0.18943421, -0.22220713,  0.01355948,  0.23936998,  0.19376979,  0.03002865, -0.07055001, -0.10084214, -0.09264064, -0.04136989,  0.04134065,  0.08207071,  0.03428331, -0.03163206, -0.06595461, -0.04010951, -0.01713493,  0.00687502,  0.08501883,  0.15462269,  0.15812451,  0.08426128,  0.01695008,  0.01562930,  0.01637148, -0.00473785, -0.07353817, -0.14345133, -0.22183168, -0.29679945, -0.30354453, -0.27800800, -0.20279498, -0.14229206, -0.05192188,  0.04480401,  0.10798427,  0.14338700,  0.14217556,  0.15962791,  0.21708893,  0.24051619,  0.21100813,  0.14220605,  0.05366345, -0.04960116, -0.11041942, -0.10886274
  0.09381562, -0.16746875, -0.09450589,  0.21458747,  0.34093796,  0.11328444, -0.13346609, -0.21666369, -0.20331374, -0.14368128, -0.06037531,  0.00870229,  0.01674010, -0.05778852, -0.11862078, -0.08642462,  0.03395903,  0.11019748,  0.17261038,  0.23722464,  0.23691531,  0.15458880,  0.04514042, -0.01560380,  0.00002095,  0.00562376, -0.03432937, -0.10882981, -0.15645814, -0.18297210, -0.17129160, -0.09010884,  0.01716097,  0.11453075,  0.17062512,  0.20954271,  0.19583296,  0.14956069,  0.09300272,  0.04353913,  0.04658883,  0.06659189,  0.01485674, -0.07718255, -0.16018731, -0.21330004, -0.23240412, -0.17796488, -0.05670760,  0.05292835
 -0.09029154, -0.05671759,  0.01707922,  0.02137113, -0.03521314, -0.05609001,  0.00217862,  0.07403626,  0.10708109,  0.11748371,  0.10049567,  0.05210089, -0.01777057, -0.07555064, -0.11268614, -0.14530538, -0.18766759, -0.23336808, -0.22735271, -0.18340258, -0.10234342,  0.00637998,  0.12248427,  0.20675883,  0.24287741,  0.24672243,  0.23321199,  0.21109783,  0.16440011,  0.10043323,  0.04073692, -0.01468417, -0.02955116, -0.02476922,  0.01227254,  0.04802793,  0.08036908,  0.12557128,  0.17590417,  0.20141106,  0.16284478,  0.06914268, -0.02895207, -0.09404027, -0.14546403, -0.20310406, -0.24743518, -0.25337924, -0.21333872, -0.16434165
  0.24331493, -0.11887926, -0.17076203,  0.12145949,  0.18902731, -0.12587064, -0.26347995, -0.16525284, -0.07409062, -0.01833368,  0.06261995,  0.16142222,  0.22705853,  0.17315815,  0.09232153,  0.08293292,  0.13237482,  0.03716417, -0.06354637, -0.09358756, -0.16159871, -0.25772868, -0.30096083, -0.23630335, -0.08091000,  0.02176946,  0.07460216,  0.09862542,  0.15223284,  0.12153935,  0.04590596,  0.04302098,  0.03125945, -0.00256620, -0.06693681, -0.05680870, -0.06054275, -0.07021958, -0.07093916, -0.03717682,  0.13282924,  0.28348690,  0.22523214,  0.11459025,  0.07175661,  0.05690782, -0.04782127, -0.16246560, -0.17801805, -0.11180187
 -0.23887281,  0.21230282,  0.32826253, -0.10999081, -0.25666615,  0.11022731,  0.19553531, -0.07313704, -0.24170035, -0.17568075, -0.02844856,  0.03753500,  0.01483614,  0.07393197,  0.12888347,  0.01410416, -0.12618082,  0.02280376,  0.18057091,  0.14626396,  0.01344078, -0.10973259, -0.15756551, -0.11374672, -0.04124711,  0.05194897,  0.10908144,  0.10257758,  0.03246153,  0.03242003,  0.04408451, -0.02772936, -0.05128272,  0.03224245,  0.11010361,  0.05575365,  0.00517047, -0.05716189, -0.07060446, -0.04316565, -0.02866800,  0.10924764,  0.31662426,  0.22498737, -0.14081981, -0.34525141, -0.17088440,  0.05368913,  0.01174029, -0.16253819
  0.04919768,  0.13339303, -0.14048023, -0.21812147,  0.04904383,  0.16366152,  0.00945030, -0.10908304, -0.04694665,  0.08002418,  0.13019275,  0.08060590,  0.00440200, -0.05501224, -0.12302469, -0.13687006,  0.01755218,  0.15838109,  0.10840686, -0.03933051, -0.15521663, -0.14591849, -0.01378188,  0.15375122,  0.21174813,  0.09127252, -0.08151913, -0.16480562, -0.08429263,  0.00351925, -0.01444345, -0.02636783,  0.02208307,  0.07399290,  0.01833319, -0.02583971, -0.03051726, -0.04784304, -0.05677402, -0.02582781,  0.14006498,  0.28013838,  0.07881379, -0.31411725, -0.39682683, -0.01681668,  0.34513032,  0.27687626, -0.04709576, -0.16316570
 -0.17176668, -0.01881298,  0.12059965,  0.10649573,  0.06039147,  0.10987060,  0.09132352, -0.02393678, -0.10141994, -0.12085502, -0.12980969, -0.17070584, -0.21598583, -0.13768339,  0.03952501,  0.14496285,  0.12124319,  0.10573636,  0.07069405,  0.03323694,  0.02478314,  0.06964999,  0.11976893,  0.09544492, -0.06638282, -0.23733186, -0.20750505,  0.01487270,  0.21854510,  0.24821684,  0.15472323,  0.06318549,  0.00426084,  0.01779697,  0.04046465,  0.06446229,  0.07632457, -0.00490481, -0.05834680, -0.00340661,  0.08709830,  0.06319375, -0.04828511, -0.07679727,  0.06239161,  0.21720680,  0.12943840, -0.18160838, -0.42936632, -0.37144884
  0.04932700, -0.12397811, -0.05934796,  0.12363389,  0.06712495, -0.09003206, -0.00107632,  0.13278203,  0.06445449, -0.07595088, -0.12279774, -0.04875786,  0.04208371,  0.02581874, -0.01972724,  0.01858947,  0.03364247, -0.04728495, -0.03932953,  0.00332974, -0.00200556, -0.04637126, -0.00854326,  0.10939300,  0.19839001,  0.08361809, -0.18090644, -0.27430503, -0.07154702,  0.20018458,  0.27618935,  0.12424762, -0.10639782, -0.29572436, -0.22626425,  0.01159038,  0.26283248,  0.31397676,  0.04680384, -0.27097924, -0.26792857,  0.01725305,  0.21311762,  0.13845889, -0.08121771, -0.15646444, -0.02023108,  0.11503075,  0.07445739, -0.10917669
 -0.05611196,  0.09913806, -0.04937590, -0.09924851,  0.11590737,  0.13376560, -0.03354773, -0.06612376,  0.01343803,  0.05047780, -0.03972240, -0.16019482, -0.16868617, -0.04325624,  0.02879470,  0.01800252,  0.10032555,  0.12714756,  0.08187398,  0.03512186,  0.00644234, -0.05485497, -0.12029513, -0.09264270,  0.05423943,  0.18889369,  0.13044151, -0.10324643, -0.22867564, -0.10665726,  0.12044847,  0.26028301,  0.30544190,  0.13715205, -0.16833178, -0.34113430, -0.21848914,  0.11952267,  0.36048438,  0.20099088, -0.12023202, -0.15980762,  0.01765978,  0.12199120,  0.05637113, -0.02878440, -0.04734010, -0.07264377, -0.12517507, -0.18000851
  0.18079473, -0.31323799,  0.07926393,  0.17344037, -0.27754139, -0.00676345,  0.32722093,  0.12681277, -0.13591490, -0.21611826, -0.06145268,  0.12426329,  0.10236638, -0.15456210, -0.09770684,  0.16138853, -0.03294604,  0.02149035,  0.12924053,  0.06170452, -0.08579154, -0.16900514, -0.07576551,  0.05775361,  0.15778221,  0.10271660, -0.03456511, -0.02994918, -0.14314358, -0.20913928, -0.02501954,  0.28244116,  0.13715635, -0.09932385, -0.08991538, -0.09984199,  0.04029784, -0.01567182, -0.16161504,  0.09577049,  0.30854564,  0.03868636, -0.16691358, -0.06878285,  0.07946987,  0.05519878, -0.06086941, -0.03989725,  0.03380028, -0.00617744
 -0.15651739,  0.23198699,  0.07776380, -0.16315187,  0.03960387,  0.15010261, -0.07960659, -0.16658290,  0.00583123,  0.01307449, -0.10137997, -0.09817537, -0.00550114,  0.17893659,  0.20223948, -0.05121132, -0.09141648,  0.14062465,  0.11008521, -0.02948793, -0.17893364, -0.12198558,  0.00161119,  0.15499988,  0.07278754, -0.09842111,  0.00422191,  0.05712117, -0.00359910, -0.06910522,  0.00721007,  0.16125757,  0.01788042, -0.10286274, -0.32166645, -0.01057769,  0.24994898,  0.11077149, -0.08730314, -0.09148709,  0.06911137,  0.10335713, -0.05801163, -0.16724358,  0.01150854,  0.09992287, -0.15052761, -0.27710319, -0.04843608,  0.45832575
  0.00363271, -0.10213383,  0.04765706,  0.12284169, -0.14448858, -0.07308122,  0.06334947,  0.07571101,  0.15436094,  0.15275685, -0.12231092, -0.20574678,  0.01547840,  0.04464621, -0.02394902,  0.04504091, -0.16549905, -0.19782701,  0.09324689,  0.16834629,  0.10857116, -0.02662423, -0.09264666, -0.04217695,  0.07363710,  0.09091745, -0.03679111,  0.12704263,  0.11692930, -0.11275166, -0.29603986, -0.16717642,  0.22722182,  0.20174089,  0.05802622, -0.24996348, -0.02898984,  0.29392784, -0.05728611, -0.30334588, -0.13420435,  0.15672715,  0.18208201, -0.06798064, -0.08376355,  0.12177565,  0.19204220, -0.10202360, -0.17709920,  0.07620521
 -0.12155613,  0.17846122, -0.12490316, -0.04049466,  0.08193351, -0.14065093, -0.05984891,  0.37583440,  0.33506195, -0.12579473, -0.30104792, -0.08443443,  0.03174147,  0.03650717, -0.23289028, -0.24128140,  0.08181612,  0.17189873,  0.07628031, -0.00461761,  0.06262043,  0.08929733,  0.04471128, -0.01689417, -0.16942451, -0.01122449,  0.15345375,  0.06317192, -0.08097024, -0.08699154,  0.00489280,  0.05051933,  0.21449331, -0.00182445, -0.06621150,  0.04831612,  0.05153186, -0.15224053, -0.20152819, -0.08618707,  0.14900572,  0.24723459,  0.04795448,  0.00191974,  0.05114439, -0.04679652, -0.12065749, -0.03993615,  0.12375874, -0.21521941
  0.09547226, -0.25796250,  0.35966144, -0.28859543,  0.03688452,  0.15585021, -0.18175932, -0.10860763,  0.25378947,  0.00032137, -0.15353351,  0.14868252,  0.18679765, -0.29123267,  0.13970448, -0.10528835,  0.00903690, -0.00961011, -0.02560186, -0.09837513,  0.13383506, -0.00228443,  0.02257979, -0.07965229,  0.18251005, -0.16239382,  0.01836143,  0.05200963, -0.11403349, -0.02932257,  0.11546407, -0.03190099, -0.11813159,  0.17914597,  0.09915376, -0.25855974,  0.23210746, -0.08411665, -0.04166601,  0.00304159, -0.08402508,  0.05278900,  0.02331222,  0.02399739,  0.00140471,  0.11485230, -0.02421467, -0.08776016,  0.13443286, -0.13656890
  0.05381149, -0.11653165,  0.02044130,  0.15081624, -0.18054629,  0.09338471,  0.09063629, -0.19823136,  0.07467970,  0.25414079, -0.23791584, -0.29774746,  0.23519573,  0.11338120, -0.16926262, -0.04896563,  0.07861933,  0.21040208,  0.07838930, -0.17761115, -0.06758341,  0.17193137,  0.09244317, -0.15607096, -0.14061405, -0.05627668, -0.09922383,  0.12939072,  0.10998975, -0.02820471,  0.15940198,  0.17508039, -0.19789513, -0.19372630,  0.16742118, -0.13143211, -0.18928414,  0.08047455,  0.08421386,  0.12853441,  0.05995058,  0.04626157,  0.04705879, -0.05210813, -0.21426593, -0.12845801,  0.03095839, -0.04713107,  0.11365394,  0.07842188
 -0.10899171,  0.09540253,  0.02162539, -0.00503815,  0.03647806,  0.06473552,  0.00738052,  0.11749689, -0.01266772, -0.32524611, -0.25742023,  0.10712268,  0.07232341, -0.05135704, -0.01448460,  0.24044689,  0.24252379,  0.02222673, -0.12527790,  0.00107328,  0.09010007, -0.00428732, -0.25247729, -0.16919117, -0.07899782,  0.10374204,  0.18522403,  0.16544706,  0.08672847,  0.11633728,  0.02037884, -0.27222906, -0.12909339, -0.02948490, -0.14207594, -0.09793526,  0.05327443,  0.26013138,  0.15570023,  0.11087187,  0.03729501, -0.03490332, -0.19006797, -0.32738820, -0.15071047, -0.00988491,  0.10394105,  0.11962344,  0.06857565,  0.08300223
 -0.02474125,  0.09572710, -0.09542677,  0.03202734,  0.04436377, -0.01561975,  0.00795987, -0.04611632, -0.12774525,  0.02600056,  0.09528814, -0.00194045, -0.00732977, -0.04034343,  0.15898194, -0.06100638,  0.02903332, -0.14521558,  0.17244774, -0.05348491,  0.01976507, -0.05964380, -0.03965998,  0.08339626, -0.06920029,  0.00894134, -0.05485030,  0.01223758,  0.07484625,  0.01730280,  0.04147976, -0.18035758,  0.30788631, -0.36546274,  0.20963909, -0.20901657,  0.17203199,  0.01157305, -0.06894635,  0.20664749, -0.18180600,  0.16661460, -0.21349110, -0.00395364,  0.09819162, -0.18291193,  0.25203566, -0.29188393,  0.31372666, -0.11799187
 -0.00418242,  0.03317902, -0.05158534,  0.06163263, -0.09681761,  0.13833699, -0.14205977,  0.06769323, -0.07440325,  0.12999011, -0.14460628,  0.17223224, -0.11746034,  0.07231746, -0.06799252,  0.08167725, -0.05982964,  0.02134577, -0.06624596,  0.05617793, -0.05248550,  0.08499524, -0.14389251,  0.19847779, -0.15845226,  0.18868855, -0.23079650,  0.21131953, -0.23402802,  0.18568870, -0.12679070,  0.10011145, -0.10566464,  0.08627415,  0.03110589, -0.04890251,  0.02865438,  0.00298712, -0.07159564,  0.12058816, -0.22231709,  0.27197103, -0.29201372,  0.30493620, -0.24031091,  0.22783354, -0.15440526,  0.03205252,  0.02597046, -0.02940121
 -0.01234029,  0.04948796,  0.00304853, -0.01630304, -0.10458529,  0.13572983, -0.10704707, -0.02695955,  0.04466493, -0.00206095, -0.00474440,  0.12166646,  0.09755276, -0.11701990, -0.06546205,  0.07794327, -0.06668892,  0.03550861, -0.23829784,  0.13714531, -0.09023757,  0.24609434, -0.14350020,  0.16853296, -0.00625482, -0.00898885, -0.09016521, -0.11150250, -0.06606027, -0.09377836,  0.27979001, -0.08566623,  0.04020606,  0.13824477, -0.04920750,  0.13813538, -0.33067986,  0.25421646, -0.37154768,  0.20042933, -0.12451802,  0.08780076,  0.17369734, -0.13789415,  0.24907484, -0.14956400,  0.06235789, -0.17035429, -0.00062746,  0.05073428
 -0.04410935, -0.00546489,  0.08959100, -0.02074767, -0.00849518, -0.05171529,  0.09643494,  0.00869633, -0.07273534,  0.06043812, -0.06416030, -0.08354213,  0.02521185, -0.02995726, -0.02383211, -0.07390082,  0.26199718,  0.24881919, -0.08481162, -0.18720731, -0.17605020, -0.00570364, -0.15327188, -0.03319473,  0.16786624,  0.26488411,  0.22461222,  0.06865607, -0.08659546, -0.28342790, -0.14798278,  0.02309169, -0.13114653, -0.10146526,  0.20370939,  0.32679333,  0.16586926,  0.00939082, -0.09840058, -0.04154305, -0.33468342, -0.07800021, -0.02030095,  0.07110819,  0.11906775,  0.12286483,  0.21549556, -0.10464152, -0.17186581, -0.05569237
 -0.12131942,  0.26410126, -0.16912401,  0.08605662, -0.13239418,  0.07442367,  0.12840511, -0.20940949,  0.06566209, -0.02009396, -0.08873716,  0.15573766, -0.04447804,  0.06388429, -0.20870476,  0.21793880,  0.20320716, -0.21868813, -0.11616773, -0.15075938,  0.22062969, -0.05007456, -0.05284237,  0.10574803,  0.12891646,  0.05867588, -0.03815100, -0.13243026, -0.13302552, -0.10112256,  0.21433144, -0.02849441, -0.05518386,  0.05872888,  0.24019032, -0.04972505, -0.01562506, -0.20331298,  0.15510937, -0.31813703,  0.11816004,  0.04996750,  0.06480938,  0.01631667,  0.02329414,  0.11713092, -0.04813744, -0.27512137,  0.07438263,  0.07544664
  0.06756011, -0.02424658, -0.19905878,  0.20084563, -0.09909752,  0.17267246, -0.13601124, -0.14477580,  0.28649338, -0.01207124, -0.06940518,  0.01688155, -0.19617712,  0.03797804, -0.00010632,  0.13465931, -0.18298375,  0.15170744,  0.22767481,  0.09748746, -0.25546972, -0.28934309, -0.00287729,  0.16475015, -0.01685274, -0.03947122,  0.07535616,  0.16118228,  0.11782013, -0.17920381,  0.06875303, -0.20156805, -0.17333582,  0.11357311,  0.00070325,  0.09892475,  0.05926260,  0.09633657,  0.05257346, -0.04895445,  0.01526422, -0.22662864, -0.02460261,  0.02753432,  0.10008322,  0.00309152, -0.01201239,  0.02245254,  0.24260832, -0.28000381
  0.00119933,  0.02255148, -0.01987813, -0.13059162,  0.10509569,  0.07430168, -0.14502006,  0.21924433, -0.12839241,  0.14829904,  0.00696553, -0.25647786,  0.14986812, -0.22234528, -0.01686558,  0.18220092,  0.04862482, -0.01458673, -0.06576266,  0.18215928,  0.07057622, -0.37883857, -0.00314866,  0.24158589, -0.01586879, -0.21046314,  0.19480755,  0.10229054, -0.18269601,  0.10050925, -0.07022531,  0.08921749, -0.08096747, -0.23431954,  0.32083920,  0.02852239, -0.21814878,  0.10965141,  0.03489548, -0.08919208,  0.00859346,  0.05181487,  0.05399717, -0.10219366,  0.07351106,  0.03787328, -0.17199454,  0.05312998,  0.02309590,  0.02256168
  0.00917762, -0.01305961,  0.04714673,  0.04511819, -0.23161885,  0.25727710, -0.23645908,  0.05420746,  0.07026596, -0.18338978,  0.36394715, -0.15293110,  0.10478719,  0.04019284, -0.19683221, -0.05549173, -0.05011669,  0.09793384,  0.04682393, -0.14749011,  0.25914546,  0.03049382, -0.18736636, -0.08439444,  0.17788463, -0.07310540, -0.18873112,  0.26544043, -0.09003271,  0.03206773,  0.03558727, -0.12118945,  0.25768521, -0.23061194, -0.13588931,  0.21817579, -0.02219399, -0.05096100,  0.08770910,  0.00662946, -0.03017053, -0.11040254,  0.07271356,  0.00841267, -0.07930490,  0.17328580, -0.02851748, -0.02071306, -0.01320979, -0.02793012
  0.01504030,  0.03026680,  0.00110848, -0.14615431,  0.06300211, -0.13028677,  0.14238649, -0.08829358,  0.07115064,  0.23731496, -0.05686329,  0.19106972, -0.10982900, -0.04596889, -0.23258992, -0.19008097,  0.02941940, -0.05109064, -0.02410753,  0.40397604,  0.25799251, -0.08467548, -0.36579781,  0.02722470,  0.07216132, -0.18179270, -0.08464581,  0.11239317,  0.30066569, -0.13034430, -0.00875272,  0.22200270, -0.14298801, -0.15497676, -0.16757347,  0.10343571,  0.01154721, -0.07159967,  0.11263202,  0.12247393, -0.06260830, -0.01261006, -0.01037811, -0.01493089,  0.00565432,  0.01350100,  0.08007259, -0.05388578,  0.03341764, -0.03706490
  0.00036211,  0.01730501, -0.02821430,  0.06745239, -0.15355795,  0.21041106, -0.27473015,  0.30487278, -0.35164954,  0.36231846, -0.24415410,  0.21595152, -0.15500491,  0.07723116, -0.06931352,  0.03813462, -0.11921925,  0.17362644, -0.07148433, -0.04762542,  0.03839654,  0.06742767,  0.00399920, -0.19185972,  0.16722017, -0.02751203,  0.00837937, -0.08840803,  0.04177686,  0.12547951, -0.13050244,  0.01250037,  0.03776075, -0.01847581,  0.00672664, -0.08640212,  0.16096674, -0.08971794,  0.02056065, -0.05776555,  0.13232815, -0.17738019,  0.14324224, -0.12787596,  0.16189535, -0.12104783,  0.08954488, -0.08759842,  0.06590419, -0.03227757
  0.01442241, -0.06852964, -0.03889153,  0.00176714,  0.11866957,  0.07480540,  0.02578740, -0.00898585,  0.09228235, -0.06290471, -0.22632051, -0.28029156, -0.08455099,  0.14519915,  0.29842874,  0.19310905,  0.11992642, -0.00303177, -0.32057232, -0.12953657,  0.08573204, -0.03478808, -0.14120760,  0.17800506,  0.30539175, -0.04232390, -0.22449158, -0.01541542,  0.19657153, -0.10665578, -0.24771325,  0.02927677,  0.14880153,  0.08065317,  0.01591877,  0.08247788, -0.06043051, -0.20403380, -0.08982074,  0.17878543,  0.05174832, -0.00238409,  0.05020987,  0.04984573, -0.10020260, -0.19329610, -0.09092112,  0.11609395,  0.15865433, -0.03525695
  0.03501769,  0.04398014, -0.08618973, -0.14465780, -0.00421656,  0.01879435,  0.13770619, -0.05551951,  0.13067461,  0.22431032,  0.15942555, -0.22624873, -0.15245770, -0.35924283, -0.03955172,  0.07508233,  0.07159853,  0.16730745,  0.12650812, -0.01362830,  0.05294423,  0.01865779, -0.19383538, -0.23716945,  0.06574693,  0.28438053, -0.06467965, -0.20646702,  0.14270697,  0.26948682, -0.05734007, -0.18250046, -0.08878909,  0.00591552, -0.01511005,  0.02108123,  0.04624939,  0.08519227, -0.22928162, -0.03261185,  0.19169713,  0.02430713, -0.07544995,  0.10585247,  0.06659756,  0.04171764, -0.27509456, -0.07429081,  0.12506551,  0.07635935
 -0.01080243,  0.06637863, -0.12990680,  0.18216039, -0.21056784,  0.11406043, -0.00055663, -0.10117921,  0.13837448, -0.04422131, -0.01700980,  0.13651225, -0.10040385, -0.06294888,  0.16942148, -0.32710618,  0.21148190,  0.02624210, -0.11875698,  0.06394312,  0.15614871, -0.23633932,  0.15008198, -0.01944623, -0.14612082,  0.20995552, -0.17291779,  0.06005062,  0.02377089,  0.01211864, -0.04437019,  0.04660617,  0.01201184, -0.11130846,  0.14669778, -0.16134964,  0.11644420,  0.00104500, -0.11503188,  0.16062191, -0.11197975, -0.05807372,  0.22126201, -0.24993015,  0.17240685,  0.04547228, -0.21596905,  0.23829592, -0.19113235,  0.07586706
 -0.04768646,  0.08823553, -0.04449398,  0.06150283,  0.09245157, -0.21263825,  0.14391188, -0.14039443, -0.09374349,  0.09446648, -0.19010408,  0.20683847,  0.18032813, -0.10831636,  0.17725863, -0.08777899, -0.25645893,  0.17919306,  0.03110343, -0.27925705,  0.20183353,  0.05415925, -0.17308094,  0.25630139, -0.12236096, -0.03741912,  0.07327063, -0.06846077, -0.01103992,  0.04570339, -0.04574707, -0.05373975,  0.17197339, -0.08954920,  0.02692546,  0.02322293, -0.08235289,  0.17673895, -0.08416960,  0.01589114,  0.10198995, -0.31876559,  0.15243311,  0.02512007, -0.18731386,  0.28881783, -0.07576759,  0.01894924,  0.03997601, -0.11798493
 -0.00080104,  0.07183104, -0.09389875, -0.08159866,  0.15766141, -0.07014899, -0.00998804,  0.01259105,  0.01854420,  0.13054648, -0.17411361,  0.12768685, -0.03774134, -0.16192347, -0.02298863,  0.08398477,  0.19283425, -0.30117840,  0.38993576, -0.12982673, -0.23641187,  0.18419461, -0.10319599, -0.00825260,  0.17034096, -0.09705528, -0.21625545,  0.36491627, -0.15943706, -0.03270148,  0.05563950, -0.07783005,  0.07419652, -0.07346545,  0.04176312,  0.01838668,  0.00221975,  0.00669683, -0.07058209,  0.01424372,  0.08619590, -0.15800132,  0.10597709,  0.04654885,  0.08104002, -0.15932931, -0.07580869,  0.20861630, -0.20370669,  0.10965946
 -0.07860105,  0.12868639, -0.02473425,  0.01564491, -0.04545886,  0.11662669, -0.15285509,  0.08236258, -0.17771900,  0.07266006, -0.02402536, -0.10810644,  0.39460668, -0.20392599,  0.12084239, -0.14379677,  0.11237196, -0.09294377, -0.16853192,  0.30408121, -0.24503709,  0.11469029, -0.00787069,  0.04253830, -0.07532547,  0.17664428, -0.16924018, -0.04883159,  0.24486298, -0.27262890,  0.14383974, -0.09154350,  0.10866421, -0.00468096, -0.02202233, -0.02959531,  0.10418126, -0.07700598,  0.12956475, -0.17795206,  0.17298981, -0.13488262, -0.10628416,  0.14466212, -0.09318680,  0.13246826, -0.06733920,  0.05960290,  0.00684803, -0.08533924
 -0.08340983,  0.07130985,  0.16132020, -0.11032399,  0.04317918, -0.02679638,  0.02126531, -0.13947610, -0.06721724, -0.06846707, -0.04642382,  0.03515919,  0.30500753,  0.31889294, -0.37922736, -0.14796506,  0.08353568,  0.07495873,  0.04544369, -0.05795699, -0.03885109, -0.14119336,  0.01417763,  0.12883682,  0.16896809, -0.03114844, -0.17719786, -0.09740067,  0.12260366,  0.18049693, -0.18515304, -0.10145995,  0.04981730,  0.14054458,  0.08978805, -0.13429608, -0.04460406,  0.19804944, -0.00995586, -0.00988621, -0.01124278, -0.09689765, -0.25094634,  0.06224881,  0.34887740, -0.05880481, -0.13396591,  0.11792012, -0.02413318, -0.10804609
  0.02003411, -0.12061766,  0.12462528, -0.04604202,  0.09257363, -0.06742767,  0.03315819, -0.02190968,  0.02507101, -0.00411380, -0.08456174, -0.05436597, -0.18649825,  0.36056539,  0.16858523, -0.12180622, -0.18321747, -0.05254412, -0.00233722,  0.21066096, -0.14443171,  0.20825716, -0.20110800, -0.14558206,  0.18356816,  0.10509750,  0.00881605, -0.07094230, -0.13377547,  0.01918333,  0.21735111, -0.12097626,  0.01964631, -0.22238106,  0.27386191,  0.02979727, -0.11294908, -0.03743770,  0.07368146, -0.04119596,  0.07779899,  0.08645462, -0.08031317, -0.28314093,  0.09137875,  0.27339093, -0.19933517,  0.10617266,  0.04699496, -0.11772889
  0.01994969, -0.04764441,  0.14557497, -0.20247148,  0.10110852, -0.01948961,  0.09424061, -0.13698133, -0.05504833,  0.06583855, -0.01981019,  0.22270541, -0.17535659, -0.00996919, -0.22229934,  0.25001347,  0.12886038,  0.07411763, -0.20305902,  0.05007823, -0.17516034, -0.07439369,  0.40262242, -0.18616620, -0.04332361, -0.01312211, -0.06468749,  0.10209914,  0.10644535, -0.12645735, -0.05238427, -0.09475540,  0.33664844, -0.18766169, -0.05860204,  0.06983580, -0.04999602,  0.13635815, -0.03387426, -0.03928282, -0.11774145,  0.03180038,  0.15540929,  0.00512428, -0.15618931,  0.15887719, -0.19027346, -0.01816312,  0.17993624, -0.06327982
  0.08148743, -0.09502514, -0.01586557,  0.03605938, -0.08724236, -0.01274045,  0.08318927,  0.02167141,  0.07178148, -0.08714894,  0.15998830,  0.03614797, -0.15605252, -0.04983425, -0.15870659,  0.01673569,  0.06744576,  0.30394913, -0.14554147,  0.04836355, -0.23172759,  0.23079240, -0.24567443,  0.27179452, -0.04332937, -0.29833699,  0.19292727, -0.06695775,  0.09732476,  0.01770261,  0.00077249, -0.15462298,  0.13226265, -0.07476431,  0.16296263, -0.34072182,  0.19877507, -0.10692902,  0.10510351, -0.04805799, -0.05099022,  0.01525309,  0.09960304,  0.11048181, -0.04906236, -0.08237845, -0.11687367,  0.09838885, -0.14226129,  0.19992203
  0.08787771, -0.21708004,  0.21080917, -0.10467426, -0.05107029,  0.10220749, -0.00793512,  0.03698657, -0.06204967, -0.01284005,  0.07033495, -0.00652511, -0.11615852,  0.03444933,  0.02105774, -0.14385710,  0.33028771, -0.16808392,  0.14566624, -0.11368545, -0.12929347,  0.13131356, -0.15637087,  0.31209654, -0.32103385,  0.14905110, -0.04389225, -0.01464357,  0.02816895,  0.12286686, -0.21317868,  0.08343842, -0.01804258,  0.07927944, -0.11684833,  0.08687661, -0.09092164, -0.00303263,  0.17461380, -0.16294595,  0.04010054, -0.04889399,  0.22607615, -0.22254588,  0.06922920,  0.01518189, -0.03710773, -0.15748659,  0.26698592, -0.08474571
  0.02701631, -0.04395305, -0.04732551,  0.12556011, -0.09734740, -0.06941754,  0.20861852, -0.07269469, -0.01859998,  0.05920635, -0.06124697, -0.01559851, -0.04306039,  0.01555064,  0.14893679, -0.34136945,  0.25069430,  0.09451593, -0.21862948,  0.24480311, -0.10706359, -0.11473732,  0.06914690, -0.04200425,  0.16572441, -0.17920805,  0.01127731,  0.19760976, -0.35337809,  0.29992337,  0.00626325, -0.20762253,  0.07103659,  0.09994506, -0.10294346,  0.06151023, -0.09933092,  0.05962519, -0.00805701, -0.06589690,  0.17287219, -0.11213344, -0.03803410,  0.14947479, -0.09380903, -0.06011533,  0.14774812, -0.20317056,  0.10182088,  0.02788391
  0.05222924, -0.09244713,  0.06368233, -0.10780067,  0.15233320, -0.18811486,  0.10827307,  0.14776129, -0.17091331,  0.04421421,  0.08021103, -0.00070064, -0.12207147, -0.03829197,  0.07273123, -0.03048168, -0.13086703,  0.35043309, -0.10842284, -0.16245404,  0.17649353, -0.12466454, -0.00401041,  0.09994071, -0.11710714,  0.16529284, -0.34172986,  0.31423206, -0.02319613, -0.20384252,  0.26261664, -0.14954939, -0.06184844,  0.11872457, -0.00790281, -0.07542138, -0.04619737,  0.01244784,  0.17052801, -0.22253063,  0.05789000,  0.12812619, -0.05989150, -0.04551452,  0.16447963, -0.18500794,  0.01082581,  0.00840143, -0.00756419,  0.06669945
 -0.01094285,  0.05475664, -0.08607061,  0.08744566, -0.09989759,  0.08919721, -0.07011633,  0.12260164, -0.13401397, -0.06514374,  0.13166706,  0.15048427, -0.21324775, -0.04009330,  0.18810519, -0.23857801,  0.20169494, -0.02923910,  0.05336278, -0.21304447,  0.06663098,  0.10052498,  0.00171845, -0.09531019,  0.19233151, -0.27563388,  0.10063544, -0.01298377,  0.21301332, -0.23348090, -0.01115947,  0.13892628, -0.08873270,  0.02935440,  0.04523225, -0.04404218, -0.24098982,  0.38489567, -0.05975229, -0.18964778,  0.02112613,  0.19030633, -0.18518560,  0.11363745, -0.04780427,  0.04799736, -0.14429925,  0.08132722,  0.08793410, -0.06549687
 -0.05806000,  0.12260262, -0.09175008,  0.04000687, -0.01047179, -0.03918195,  0.03116642, -0.01158700,  0.18854190, -0.24616817, -0.07859507,  0.20911642,  0.13471576, -0.30490332,  0.13630974,  0.00324123, -0.20382493,  0.19995024,  0.03063878,  0.04508965, -0.20989364,  0.11083542,  0.04360949, -0.10880523,  0.15273520,  0.02433071, -0.19672131,  0.00784323,  0.07346184,  0.18456858, -0.30464565,  0.15735361,  0.00629333, -0.09464865,  0.10804990,  0.08238499, -0.23610176, -0.09106139,  0.35820768, -0.13796476, -0.14551657,  0.12008390,  0.00772845, -0.06432252,  0.11650449, -0.05674638,  0.02329410, -0.13177411,  0.04833788,  0.05575058
 -0.05071531,  0.11525351, -0.02135693, -0.05313203,  0.08200460,  0.01631023, -0.04064988, -0.25720530,  0.09378481, -0.05181258,  0.22963449, -0.03742118, -0.03124715,  0.03060054,  0.01089629,  0.12558548, -0.08439918, -0.01037682, -0.28330607,  0.07269202,  0.02934273,  0.24942845, -0.05536423, -0.06457903, -0.10148714,  0.04522767, -0.01062121,  0.23675939, -0.17290117, -0.01239411, -0.20100836,  0.33916133, -0.05155005, -0.11756715,  0.07430939, -0.15048477,  0.19855552,  0.20266792, -0.16681964, -0.22521289,  0.26004174, -0.12146750, -0.03161184, -0.03010065,  0.10187112, -0.14453454,  0.14745913,  0.08061419,  0.06821523, -0.23114173
 -0.03444495,  0.05376974, -0.00021017, -0.11339903,  0.16583786, -0.10860698, -0.10582575,  0.30193195,  0.02328996, -0.29544541,  0.11896682,  0.02445996, -0.09764706,  0.12434251, -0.08212637, -0.06034630,  0.02102342,  0.04142946,  0.06184817,  0.08683922, -0.09699253, -0.08138194,  0.02308368, -0.01581457,  0.08849555,  0.10203828, -0.21846524,  0.00918113,  0.08744929, -0.02690634,  0.01664185,  0.09552328, -0.21726601,  0.02578643,  0.27632136, -0.21387570, -0.06147345,  0.08119729, -0.15866135,  0.17140899,  0.09814350, -0.30745531,  0.21088841,  0.10328579, -0.23969728,  0.13367494,  0.09548385, -0.30021400,  0.06778780,  0.12614965
  0.05881319, -0.15684803,  0.19283496, -0.14115650, -0.02068578,  0.18156987, -0.19653274, -0.04174184,  0.25447355, -0.02957513, -0.18455311,  0.18094418, -0.15056663,  0.04145579,  0.04192497, -0.04881803,  0.00388773,  0.00319684,  0.00515833,  0.01047235,  0.09783907, -0.11946853, -0.00568706,  0.06790287, -0.16121235,  0.16652314,  0.03564046, -0.16493642,  0.06412125,  0.00980663,  0.01086516, -0.03307912,  0.14972851, -0.28197784,  0.12962988,  0.14498808, -0.18719671,  0.06833079, -0.00768265, -0.14557074,  0.24949943, -0.06370570, -0.19782239,  0.27298243, -0.05959324, -0.19673114,  0.21641009,  0.01776428, -0.25344134,  0.17183176
