 -0.06227069, -0.06554785, -0.06861475, -0.07151896, -0.07446912, -0.07741046, -0.08042813, -0.08374683, -0.08725625, -0.09083912, -0.09433800, -0.09781288, -0.10131126, -0.10479303, -0.10819484, -0.11160797, -0.11497029, -0.11814597, -0.12129843, -0.12441660, -0.12770249, -0.13102158, -0.13423513, -0.13719117, -0.14004448, -0.14293873, -0.14572336, -0.14844576, -0.15101807, -0.15354337, -0.15592155, -0.15804674, -0.16029382, -0.16242737, -0.16463081, -0.16664346, -0.16862368, -0.17075581, -0.17293614, -0.17507013, -0.17695866, -0.17881450, -0.18083938, -0.18292461, -0.18493781, -0.18683792, -0.18876148, -0.19069928, -0.19264883, -0.19441601
  0.14952306,  0.16389489,  0.18059422,  0.19717015,  0.21224386,  0.22476695,  0.23464922,  0.23984445,  0.23959623,  0.23581967,  0.22930698,  0.22048249,  0.20956933,  0.19664329,  0.18187253,  0.16576351,  0.14904203,  0.13128948,  0.11429615,  0.09773626,  0.08172007,  0.06637078,  0.05163649,  0.03719575,  0.02349046,  0.01083398, -0.00076059, -0.01143362, -0.02149117, -0.03116365, -0.04044017, -0.04945180, -0.05729105, -0.06476961, -0.07168826, -0.07852123, -0.08537443, -0.09126533, -0.09661537, -0.10211932, -0.10797535, -0.11369089, -0.11909574, -0.12404818, -0.12913208, -0.13459190, -0.14003964, -0.14516065, -0.14990975, -0.15493311
  0.36080876,  0.37801325,  0.36052837,  0.31807039,  0.25991942,  0.19120629,  0.11663442,  0.05345760,  0.00634708, -0.03409693, -0.07232274, -0.10703234, -0.13580367, -0.15735004, -0.17154879, -0.17781032, -0.17943308, -0.17579442, -0.17232808, -0.16658594, -0.15510950, -0.14036678, -0.12434150, -0.10814517, -0.09163583, -0.07448245, -0.05957732, -0.04574905, -0.03308836, -0.01928797, -0.00662947,  0.00343257,  0.01194014,  0.01875049,  0.02552689,  0.03022429,  0.03568712,  0.03966595,  0.04221457,  0.04496163,  0.04573972,  0.04570425,  0.04730761,  0.04841494,  0.05026208,  0.05374107,  0.05894579,  0.06394034,  0.06854064,  0.07303540
 -0.61954080, -0.31604550, -0.06824177,  0.11591949,  0.23321712,  0.26882985,  0.20008408,  0.12985832,  0.12313129,  0.13594275,  0.13417352,  0.10961571,  0.06621190,  0.01767700, -0.02477870, -0.04827303, -0.06704232, -0.06218238, -0.07950962, -0.10995611, -0.12901532, -0.14023596, -0.14615774, -0.14395239, -0.13508860, -0.11676436, -0.10673385, -0.10134463, -0.10097955, -0.08503254, -0.06040573, -0.03712430, -0.01963862, -0.00591495,  0.01067558,  0.02040799,  0.04154000,  0.05388432,  0.05940790,  0.07381258,  0.08294311,  0.08316831,  0.08662599,  0.07682042,  0.06184632,  0.05201726,  0.05390392,  0.05812688,  0.06005632,  0.06310524
 -0.16576203, -0.14935034,  0.02613320,  0.23325324,  0.31232718,  0.19610142, -0.02285439, -0.16154525, -0.16826466, -0.10856374, -0.04880607, -0.02625522, -0.05624182, -0.11154770, -0.14236933, -0.11720918, -0.05608786,  0.01013892,  0.04636628,  0.06163277,  0.07325325,  0.07925546,  0.09311653,  0.13158991,  0.18937138,  0.23881857,  0.24449089,  0.21201820,  0.15746670,  0.11000315,  0.06672856,  0.01510332, -0.03703263, -0.09485549, -0.14960152, -0.20573070, -0.24630403, -0.26623130, -0.24933213, -0.18802677, -0.11335361, -0.04243938,  0.01381297,  0.03704531,  0.03839820,  0.03456223,  0.04741704,  0.07761461,  0.10760011,  0.10400200
 -0.24184078,  0.11197673,  0.38604012,  0.31635346, -0.05832763, -0.37744967, -0.32762022, -0.09481889,  0.05966370,  0.11074737,  0.08475562,  0.00598284, -0.07919466, -0.08311934,  0.01090635,  0.10721311,  0.15166796,  0.09817454,  0.06283751,  0.04826940,  0.01790487,  0.01010651,  0.04906977,  0.10719330,  0.11065876,  0.03047251, -0.05983416, -0.12220025, -0.13673235, -0.14600687, -0.14810564, -0.15379800, -0.16040681, -0.15904252, -0.15320511, -0.11426751, -0.08426258, -0.02457434,  0.07296525,  0.14998104,  0.18342249,  0.15761875,  0.08285241,  0.03773903,  0.02634679,  0.03027852,  0.04152549,  0.05677215,  0.03747784, -0.03856867
  0.18654650,  0.03562085, -0.18896940, -0.21816112,  0.01843800,  0.24131171,  0.19237528,  0.02710281, -0.07346900, -0.10298973, -0.09378810, -0.04197596,  0.04040327,  0.08032608,  0.03232907, -0.03284582, -0.06562043, -0.03836921, -0.01427414,  0.01071327,  0.08895089,  0.15777736,  0.16035658,  0.08624344,  0.01919290,  0.01763602,  0.01757097, -0.00471545, -0.07440226, -0.14501158, -0.22360739, -0.29789630, -0.30373973, -0.27720969, -0.20145994, -0.14043026, -0.04990080,  0.04638309,  0.10896939,  0.14386369,  0.14270773,  0.16017946,  0.21656901,  0.23824637,  0.20714484,  0.13740035,  0.04837492, -0.05473670, -0.11475557, -0.11211046
  0.10718189, -0.17116942, -0.10349777,  0.21270019,  0.34202649,  0.10636328, -0.14386090, -0.22297694, -0.20565238, -0.14358894, -0.05779242,  0.01500699,  0.02636824, -0.04970817, -0.11385197, -0.08161907,  0.04146865,  0.11519160,  0.17407713,  0.23559305,  0.23076172,  0.14189228,  0.02558891, -0.03961264, -0.02320252, -0.01465212, -0.05231809, -0.12513538, -0.16917252, -0.19062998, -0.17328175, -0.08620177,  0.02581775,  0.12505317,  0.18084775,  0.21818335,  0.20003560,  0.15056155,  0.09172878,  0.04121586,  0.04584138,  0.06945907,  0.02102263, -0.06709016, -0.14592576, -0.19621560, -0.21239078, -0.15244904, -0.02521715,  0.08516671
 -0.06569031, -0.07832519, -0.00421626,  0.03707535, -0.00787334, -0.06146779, -0.02319562,  0.05507577,  0.09790908,  0.11645906,  0.10793584,  0.06746026, -0.00064378, -0.07082727, -0.12150661, -0.15461512, -0.18680744, -0.23507771, -0.23017037, -0.18177851, -0.09994528,  0.00262709,  0.11099372,  0.19274635,  0.23646414,  0.24664891,  0.23240584,  0.20408362,  0.15365516,  0.08647160,  0.02676302, -0.02142485, -0.02590500, -0.01388514,  0.02734025,  0.06654353,  0.09508512,  0.13732393,  0.18570655,  0.20989855,  0.17460674,  0.08334753, -0.02161333, -0.09360330, -0.14890912, -0.21117485, -0.25914758, -0.25738086, -0.19857664, -0.13651592
  0.23432778, -0.10880043, -0.16131309,  0.11613672,  0.18119708, -0.12015516, -0.25495099, -0.16525268, -0.07971813, -0.02559776,  0.05509554,  0.15379087,  0.22122246,  0.17487460,  0.10172619,  0.09363119,  0.14000426,  0.04782746, -0.05315368, -0.08825028, -0.16170969, -0.26119649, -0.30629895, -0.24310033, -0.09106133,  0.00993712,  0.06494013,  0.09401249,  0.15235551,  0.12620542,  0.05289893,  0.04892481,  0.03367120, -0.00260482, -0.06985400, -0.06269673, -0.06596679, -0.07648379, -0.07815906, -0.04398945,  0.12744933,  0.28196327,  0.23006554,  0.12232644,  0.08001175,  0.06759636, -0.03504215, -0.15470406, -0.18184833, -0.12338260
 -0.21930215,  0.20843638,  0.31457322, -0.12055214, -0.26484643,  0.09656373,  0.18475938, -0.07109258, -0.23004982, -0.15857314, -0.00777162,  0.06219897,  0.04038730,  0.08573848,  0.11842954, -0.00911217, -0.14865009,  0.00133626,  0.16521019,  0.13772214,  0.01048905, -0.11238691, -0.16309092, -0.11903935, -0.03329162,  0.07685115,  0.13194900,  0.10307673,  0.00830270,  0.00133590,  0.02104448, -0.04221955, -0.05609294,  0.03254507,  0.11621589,  0.06089202,  0.00450772, -0.05291031, -0.05988095, -0.03406572, -0.03135970,  0.10139195,  0.31669684,  0.22945224, -0.14975601, -0.37272415, -0.18857850,  0.07576283,  0.06968428, -0.10633175
  0.04943209,  0.13375133, -0.14033317, -0.21867713,  0.04833763,  0.16341994,  0.00945139, -0.10914259, -0.04702074,  0.08019235,  0.13071920,  0.08141353,  0.00527631, -0.05440789, -0.12301924, -0.13747855,  0.01674712,  0.15789229,  0.10837259, -0.03924347, -0.15528040, -0.14630365, -0.01439919,  0.15327293,  0.21192889,  0.09221198, -0.08055914, -0.16461646, -0.08499202,  0.00263545, -0.01503843, -0.02680005,  0.02186890,  0.07400274,  0.01854827, -0.02577265, -0.03067049, -0.04791409, -0.05669316, -0.02581477,  0.13980334,  0.28013249,  0.07950449, -0.31350893, -0.39737484, -0.01830765,  0.34428836,  0.27765757, -0.04536084, -0.16187244
 -0.19999986, -0.00956328,  0.17218804,  0.09952287,  0.01381585,  0.11809356,  0.11854388, -0.04145112, -0.14421510, -0.13912372, -0.10828303, -0.13572289, -0.20088277, -0.13624765,  0.04196825,  0.12940347,  0.07504186,  0.07892707,  0.07385242,  0.03889401,  0.02453543,  0.07206086,  0.12785436,  0.09818036, -0.08183205, -0.25594349, -0.20165052,  0.05205650,  0.24988558,  0.25295681,  0.13075447,  0.01444167, -0.03603525,  0.02885030,  0.10615022,  0.13107247,  0.10420985, -0.02656315, -0.08926931,  0.00666980,  0.12263682,  0.09355256, -0.02390811, -0.07311350,  0.03211591,  0.16978842,  0.10554488, -0.17008798, -0.40445142, -0.34558234
  0.04162673, -0.12984619, -0.04571852,  0.13415179,  0.06023838, -0.09095134,  0.00755662,  0.13313533,  0.05406518, -0.08660967, -0.12486750, -0.04519028,  0.04166123,  0.02129688, -0.01895724,  0.02320557,  0.02979374, -0.05168036, -0.03964692,  0.00447275, -0.00044981, -0.03967799,  0.00439019,  0.11954505,  0.19169920,  0.06088186, -0.19729521, -0.26453681, -0.04505891,  0.21948869,  0.27558349,  0.10841407, -0.12692054, -0.30143577, -0.20922736,  0.03927678,  0.28114014,  0.30579184,  0.02204370, -0.28158792, -0.25476339,  0.03216696,  0.21329289,  0.12876111, -0.08552364, -0.15074156, -0.01493528,  0.11017595,  0.06147292, -0.11568624
 -0.08672866,  0.08847770, -0.02158460, -0.07995795,  0.12006515,  0.15172072, -0.01476833, -0.07264172, -0.01377652,  0.02554118, -0.05546226, -0.17811027, -0.19806483, -0.06483473,  0.03321784,  0.03316738,  0.10489905,  0.12875385,  0.08783975,  0.03896226,  0.00842449, -0.04795041, -0.10182064, -0.07054429,  0.05732675,  0.16050439,  0.09048643, -0.11633208, -0.20205409, -0.05629680,  0.16268146,  0.26987640,  0.29296967,  0.12650429, -0.15853883, -0.31597980, -0.18299143,  0.14423484,  0.36661192,  0.19871372, -0.11951562, -0.14780247,  0.03560790,  0.12904894,  0.05017604, -0.03009489, -0.04108646, -0.08554446, -0.17132715, -0.23273145
  0.18003880, -0.31462874,  0.08038984,  0.17414106, -0.27710564, -0.00513813,  0.32817876,  0.12534506, -0.13853842, -0.21686968, -0.06047961,  0.12417957,  0.10019749, -0.15682668, -0.09781245,  0.16246067, -0.03228265,  0.02124245,  0.12897881,  0.06143528, -0.08556066, -0.16849245, -0.07509294,  0.05790016,  0.15772013,  0.10222102, -0.03609830, -0.03145033, -0.14326064, -0.20699961, -0.02208524,  0.28348175,  0.13743479, -0.09859287, -0.08818153, -0.09973515,  0.03965273, -0.01477732, -0.15829346,  0.09892665,  0.30838522,  0.03722812, -0.16637156, -0.06696809,  0.07960402,  0.05427772, -0.06046257, -0.03936450,  0.03205389, -0.01023376
 -0.15705830,  0.23029476,  0.07964751, -0.16227256,  0.03907207,  0.15232508, -0.07740245, -0.16800962,  0.00274280,  0.01143330, -0.10133960, -0.09856251, -0.00760137,  0.17663495,  0.20271299, -0.04944534, -0.09114082,  0.14124064,  0.11136235, -0.02884701, -0.17933937, -0.12275817,  0.00159337,  0.15584447,  0.07394759, -0.09852229,  0.00295120,  0.05617165, -0.00396508, -0.06821668,  0.00960937,  0.16404615,  0.01911744, -0.10262739, -0.32192181, -0.01161025,  0.25002309,  0.11188066, -0.08530196, -0.08878720,  0.07039702,  0.10281612, -0.05822360, -0.16673994,  0.01156637,  0.09949268, -0.15125780, -0.27868289, -0.05125192,  0.45602200
  0.00375107, -0.10713907,  0.05398727,  0.12428290, -0.14473489, -0.06546256,  0.06774401,  0.06598506,  0.14267333,  0.15255436, -0.11678787, -0.20704900,  0.00740669,  0.03867122, -0.01749403,  0.05252822, -0.16584677, -0.19932623,  0.09553902,  0.17214773,  0.10887001, -0.02874322, -0.09370245, -0.04044866,  0.07875798,  0.09015291, -0.04178112,  0.12503039,  0.12024445, -0.10674039, -0.29113759, -0.16437652,  0.22580604,  0.20386968,  0.05805076, -0.25419465, -0.03111028,  0.29834027, -0.04885755, -0.29733481, -0.13582988,  0.15290546,  0.18308441, -0.06757102, -0.08721966,  0.11978024,  0.19127428, -0.10752056, -0.18877245,  0.07631382
 -0.12684526,  0.17257764, -0.11649664, -0.03705502,  0.08001546, -0.13383571, -0.05501117,  0.37439599,  0.33379442, -0.12511707, -0.30677338, -0.09484045,  0.02103432,  0.02903388, -0.23304976, -0.24029455,  0.07662370,  0.16876899,  0.08581704,  0.00271008,  0.06687641,  0.09046537,  0.04673020, -0.01304912, -0.16823859, -0.01560985,  0.14516658,  0.06426386, -0.07669667, -0.08216920,  0.00946551,  0.05318644,  0.23030691,  0.00731841, -0.06472871,  0.03542468,  0.05094025, -0.14103681, -0.19651757, -0.08473979,  0.15002577,  0.25739714,  0.05879556,  0.00333636,  0.04665232, -0.04983332, -0.12127859, -0.05373933,  0.10911255, -0.22112482
  0.09599168, -0.25798133,  0.35978451, -0.28864395,  0.03656425,  0.15572774, -0.18208796, -0.10986471,  0.25265589,  0.00010103, -0.15252775,  0.15034573,  0.18826611, -0.29037148,  0.14085090, -0.10371211,  0.00932818, -0.01042258, -0.02736120, -0.09922618,  0.13312047, -0.00333750,  0.02129165, -0.08026338,  0.18363955, -0.16097097,  0.01942438,  0.05229594, -0.11421795, -0.03015124,  0.11376847, -0.03347003, -0.12063803,  0.17892330,  0.09931222, -0.25741657,  0.23298152, -0.08312031, -0.04106688,  0.00227355, -0.08549185,  0.05020567,  0.02162662,  0.02322332,  0.00178175,  0.11666097, -0.02252496, -0.08567389,  0.13503348, -0.13531250
  0.05416782, -0.11682935,  0.02115408,  0.15066350, -0.18111293,  0.09368934,  0.09004737, -0.19960337,  0.07433064,  0.25376083, -0.23834841, -0.29623586,  0.23768900,  0.11411026, -0.16841993, -0.04751163,  0.07935619,  0.20999383,  0.07662216, -0.17912800, -0.06817865,  0.17120132,  0.09103285, -0.15719723, -0.13972315, -0.05496293, -0.09790180,  0.13040088,  0.10977442, -0.02925464,  0.15806897,  0.17320302, -0.20065035, -0.19401490,  0.16797312, -0.13106072, -0.18799688,  0.08209358,  0.08490748,  0.12798159,  0.05840804,  0.04399781,  0.04519396, -0.05338369, -0.21427776, -0.12654302,  0.03304481, -0.04516967,  0.11499797,  0.07932730
 -0.11091477,  0.09742469,  0.02024102, -0.00531429,  0.03848504,  0.06432311,  0.00786767,  0.12182900, -0.01247497, -0.32835559, -0.25765224,  0.10676357,  0.06757703, -0.05346682, -0.01529575,  0.23990005,  0.24239766,  0.02158523, -0.12325905,  0.00456698,  0.09220703, -0.00365344, -0.25229804, -0.16745097, -0.08103912,  0.10224540,  0.18437072,  0.16440428,  0.08736158,  0.11936385,  0.02240117, -0.27240710, -0.12321235, -0.02860355, -0.14474686, -0.09942216,  0.05235253,  0.25952017,  0.15501750,  0.11249083,  0.03995038, -0.03077941, -0.18857516, -0.32762247, -0.15065333, -0.01313866,  0.10139055,  0.11688388,  0.06698116,  0.08156253
 -0.02367857,  0.09507281, -0.09516804,  0.03256342,  0.04322955, -0.01624489,  0.00761695, -0.04900438, -0.12858882,  0.02855061,  0.09658000, -0.00151902, -0.00454282, -0.03799188,  0.15999571, -0.06141111,  0.02875048, -0.14503198,  0.17148660, -0.05646886,  0.01738708, -0.06110393, -0.03959766,  0.08322047, -0.06720168,  0.01107930, -0.05371836,  0.01273092,  0.07368342,  0.01383713,  0.03846723, -0.18026667,  0.30491401, -0.36669564,  0.21253491, -0.20648816,  0.17421529,  0.01122269, -0.06911383,  0.20443935, -0.18506082,  0.16330726, -0.21516795, -0.00234792,  0.09954886, -0.17962645,  0.25471966, -0.29030841,  0.31477068, -0.11821282
 -0.00427325,  0.03325791, -0.05153221,  0.06181689, -0.09705748,  0.13829579, -0.14220865,  0.06749031, -0.07438815,  0.12994251, -0.14476000,  0.17245081, -0.11693343,  0.07279782, -0.06811663,  0.08178546, -0.05984736,  0.02149231, -0.06665249,  0.05572127, -0.05298329,  0.08491074, -0.14398481,  0.19852207, -0.15824160,  0.18911958, -0.23040338,  0.21146369, -0.23432502,  0.18499254, -0.12718929,  0.09989062, -0.10601221,  0.08649263,  0.03128987, -0.04823857,  0.02886551,  0.00339836, -0.07170523,  0.12010705, -0.22271640,  0.27135598, -0.29206534,  0.30490387, -0.23996052,  0.22845544, -0.15395032,  0.03248154,  0.02592386, -0.02950002
 -0.01182494,  0.04943635,  0.00359162, -0.01584926, -0.10579699,  0.13515864, -0.10662914, -0.03008838,  0.04324081,  0.00080674, -0.00401051,  0.12140910,  0.10057680, -0.11570652, -0.06437652,  0.07712763, -0.06440450,  0.03795626, -0.23995380,  0.13306670, -0.09406705,  0.24484499, -0.14550549,  0.16855657, -0.00281786, -0.00459436, -0.08705460, -0.11075977, -0.06755373, -0.09999809,  0.27692204, -0.08604925,  0.03660444,  0.13527284, -0.04412527,  0.14335295, -0.32766324,  0.25434227, -0.37359142,  0.19910132, -0.13115249,  0.08431982,  0.17172700, -0.13646813,  0.25243067, -0.14654503,  0.06758214, -0.17139181, -0.00016507,  0.04945239
 -0.04755535, -0.00977527,  0.09623008, -0.02327809, -0.00230156, -0.05707623,  0.09974754,  0.02253600, -0.07519915,  0.05255087, -0.06863796, -0.08971275,  0.01931130, -0.03115678, -0.02535396, -0.08010245,  0.26634211,  0.25447872, -0.07931456, -0.18890730, -0.17600493, -0.00409048, -0.14896408, -0.03933804,  0.16323632,  0.26430418,  0.22899178,  0.07356738, -0.08556049, -0.27697763, -0.15556904,  0.02530794, -0.12245744, -0.09964630,  0.19621736,  0.32544659,  0.17235797,  0.01042193, -0.09225168, -0.04104459, -0.33090266, -0.07450840, -0.01786091,  0.07177389,  0.11108273,  0.12233707,  0.21255869, -0.09828224, -0.18380767, -0.05567995
 -0.12254335,  0.26401182, -0.16734687,  0.08588141, -0.13233557,  0.07329522,  0.13016173, -0.20848611,  0.06442035, -0.02003686, -0.09036365,  0.15425010, -0.04431833,  0.06379109, -0.20951052,  0.21654889,  0.20778183, -0.21447285, -0.11721854, -0.15440861,  0.21771980, -0.05014267, -0.05478391,  0.10495456,  0.13130510,  0.06301023, -0.03407699, -0.13094657, -0.13465269, -0.10557240,  0.21150172, -0.02823735, -0.05652713,  0.05751882,  0.24314326, -0.04449944, -0.01231301, -0.20300188,  0.15426713, -0.31940157,  0.11319197,  0.04869426,  0.06477446,  0.01747819,  0.02473292,  0.11944600, -0.04474936, -0.27634013,  0.07081497,  0.07440969
  0.06464793, -0.02418735, -0.19633063,  0.20330576, -0.10003352,  0.17192518, -0.13602571, -0.14247630,  0.28460076, -0.01726970, -0.07226341,  0.01724442, -0.19443424,  0.04198928, -0.00172348,  0.13323848, -0.18037408,  0.15480383,  0.22780469,  0.08955245, -0.25988182, -0.28753738,  0.00020936,  0.16420030, -0.01715888, -0.03598802,  0.07943588,  0.16355840,  0.11356342, -0.18298236,  0.06643750, -0.20350954, -0.16963027,  0.11539331,  0.00194130,  0.10207775,  0.06360382,  0.09844106,  0.05405285, -0.05255087,  0.01251225, -0.22884452, -0.02326418,  0.02817348,  0.10011960,  0.00644066, -0.00833632,  0.02350106,  0.23761577, -0.28187924
  0.00288975,  0.02367230, -0.02453531, -0.13996234,  0.11837902,  0.05837341, -0.12490536,  0.21133358, -0.12286662,  0.16880602, -0.01092011, -0.24627323,  0.13288887, -0.23144076, -0.01707691,  0.17878753,  0.05552419, -0.01734458, -0.06686042,  0.20703966,  0.06916069, -0.38497625, -0.01499624,  0.24440982, -0.01771938, -0.21075713,  0.19819691,  0.09375792, -0.16121499,  0.09435396, -0.07270737,  0.10152598, -0.10184210, -0.22917158,  0.31923887,  0.02519968, -0.21521831,  0.10717859,  0.03271952, -0.08261606,  0.00823819,  0.05750929,  0.04954916, -0.10052384,  0.07765552,  0.02843038, -0.17073415,  0.04924184,  0.02738592,  0.02258052
  0.00783046, -0.01254375,  0.04756581,  0.04438531, -0.22832995,  0.26365723, -0.24922011,  0.06828046,  0.05854769, -0.18497542,  0.36452182, -0.16780720,  0.11921500,  0.03424799, -0.19030130, -0.04200025, -0.05049984,  0.09667321,  0.04345006, -0.15228673,  0.25362818,  0.01598557, -0.17246440, -0.07247306,  0.17252453, -0.07928111, -0.17527643,  0.26695326, -0.11083121,  0.04019879,  0.03286093, -0.12244006,  0.25964106, -0.23674212, -0.11472569,  0.21455713, -0.03335685, -0.04235252,  0.08739340, -0.00258646, -0.02841055, -0.10809159,  0.07592299,  0.00256325, -0.07598012,  0.17549805, -0.03692459, -0.01511323, -0.01467975, -0.02593530
  0.01920521,  0.02669962, -0.00298984, -0.14200907,  0.05058697, -0.11886057,  0.14696464, -0.09936896,  0.09356276,  0.22718931, -0.03854864,  0.17748729, -0.12834309, -0.04939920, -0.23275852, -0.19064455,  0.03418710, -0.03755249, -0.01641502,  0.38831844,  0.26298823, -0.06957251, -0.38237315,  0.00808732,  0.08837636, -0.16273759, -0.10557131,  0.11192004,  0.31422130, -0.12745925, -0.00740807,  0.20431632, -0.13492623, -0.14953570, -0.18571908,  0.11473919,  0.02136542, -0.08198834,  0.10347365,  0.13031174, -0.05904608, -0.01472837, -0.01230794, -0.00289462, -0.00050707,  0.01270652,  0.07346437, -0.06123728,  0.03921073, -0.03646996
  0.00018256, -0.01825363,  0.02699343, -0.06679419,  0.15360544, -0.20778791,  0.27465868, -0.30482161,  0.35367492, -0.36384064,  0.24391653, -0.22217276,  0.15291814, -0.07766618,  0.07412300, -0.03407083,  0.12085235, -0.17165564,  0.06952188,  0.04256163, -0.03930313, -0.06646998, -0.00414531,  0.19118656, -0.16358176,  0.03093757, -0.01110487,  0.08610944, -0.04082240, -0.12384497,  0.12791968, -0.01570919, -0.03560823,  0.02087721, -0.00594480,  0.08686819, -0.16094658,  0.08799791, -0.02404327,  0.05880690, -0.13013098,  0.17766522, -0.14310972,  0.12951983, -0.16271111,  0.11879974, -0.09286672,  0.08826452, -0.06357895,  0.03276683
  0.01604231, -0.06856196, -0.04255083,  0.00278734,  0.11302545,  0.08270516,  0.02337887, -0.00554104,  0.09315283, -0.05869136, -0.22056533, -0.28929394, -0.09241512,  0.13568525,  0.30091657,  0.19977770,  0.12079703,  0.00698866, -0.31473144, -0.14013895,  0.08107325, -0.03028551, -0.13951642,  0.16538749,  0.30873407, -0.02822349, -0.22542162, -0.02427936,  0.19517593, -0.09445321, -0.24894881,  0.01719583,  0.14910753,  0.08475988,  0.01751962,  0.08080564, -0.05576235, -0.20276279, -0.09897616,  0.17507590,  0.05954529, -0.00293089,  0.04990548,  0.05282495, -0.09665838, -0.19470605, -0.09940722,  0.11191433,  0.16202834, -0.03219687
  0.03689520,  0.04166136, -0.08678819, -0.13271124, -0.01853449,  0.02971210,  0.12566410, -0.04895082,  0.12763559,  0.21286099,  0.17361427, -0.22322061, -0.15591210, -0.35941025, -0.03992201,  0.07659708,  0.06672785,  0.17271690,  0.14175530, -0.02679292,  0.03605579,  0.02679562, -0.17207033, -0.25099220,  0.05615745,  0.29478959, -0.05579669, -0.20755855,  0.12326159,  0.27654466, -0.04355238, -0.19487076, -0.08975432,  0.01163086, -0.01249572,  0.01453453,  0.05215753,  0.08675485, -0.22867268, -0.04129254,  0.18902002,  0.02646986, -0.07506552,  0.10456522,  0.06994194,  0.04154747, -0.27042175, -0.08165609,  0.11695858,  0.08017010
 -0.00847537,  0.06207553, -0.12798352,  0.18044790, -0.21488701,  0.12346525, -0.00745302, -0.09461492,  0.14211460, -0.04935183, -0.00863302,  0.12805234, -0.10840572, -0.05753035,  0.16252276, -0.32291280,  0.22162327,  0.01847674, -0.11980782,  0.07532821,  0.14689590, -0.23811937,  0.15838654, -0.03018232, -0.14114969,  0.21080266, -0.17524693,  0.06339709,  0.02306032,  0.00966985, -0.04147948,  0.04902907,  0.00454441, -0.10723648,  0.14549749, -0.16239595,  0.11974365, -0.00728238, -0.11074185,  0.15995846, -0.11699218, -0.04414494,  0.21498519, -0.25111702,  0.17970379,  0.03267688, -0.21145053,  0.23681545, -0.19316555,  0.08101794
 -0.04971564,  0.09343745, -0.04918883,  0.06221785,  0.08652812, -0.20927063,  0.14800165, -0.14666159, -0.08627735,  0.09902209, -0.19176587,  0.20864232,  0.17673960, -0.11522672,  0.17797347, -0.10223196, -0.24129895,  0.18009311,  0.02518814, -0.27222356,  0.21004929,  0.04153619, -0.17224570,  0.25315350, -0.12547968, -0.02490520,  0.06151405, -0.06773741, -0.00286162,  0.04873019, -0.05308838, -0.05263388,  0.17248462, -0.09474808,  0.03271233,  0.01759454, -0.07593621,  0.18070127, -0.09214852,  0.02169928,  0.10104784, -0.32117412,  0.15891974,  0.01645185, -0.17538019,  0.29150821, -0.09143543,  0.03195216,  0.03410155, -0.11510460
 -0.00129937,  0.07383310, -0.09434404, -0.08162582,  0.15711046, -0.06853876, -0.01324229,  0.01172338,  0.01712034,  0.13133237, -0.17280771,  0.12624261, -0.03133558, -0.16064344, -0.02115841,  0.08268472,  0.19154972, -0.30585841,  0.38876989, -0.12606700, -0.23764288,  0.18582384, -0.10234122, -0.01068180,  0.17146962, -0.09478808, -0.21975586,  0.36335803, -0.15837852, -0.03354344,  0.05708557, -0.07747342,  0.07316276, -0.07348706,  0.04172032,  0.01729029,  0.00191459,  0.00595873, -0.07088113,  0.01334397,  0.08848420, -0.15868256,  0.10190144,  0.04632216,  0.08278698, -0.15879795, -0.07621183,  0.21095612, -0.20264213,  0.10867934
 -0.08023307,  0.12820005, -0.01969186,  0.01104450, -0.04548770,  0.11721137, -0.14993302,  0.08077598, -0.17786978,  0.07208522, -0.02320746, -0.11003229,  0.39519472, -0.20018763,  0.10960218, -0.14514064,  0.11828339, -0.08743535, -0.17338453,  0.30619450, -0.24466154,  0.10839810, -0.00608222,  0.04375314, -0.07506881,  0.17766280, -0.17011126, -0.05237733,  0.25164931, -0.27043773,  0.13745916, -0.09276910,  0.11068958, -0.00184339, -0.02239989, -0.03051444,  0.10569456, -0.07250305,  0.13024640, -0.17939919,  0.17140391, -0.13265912, -0.10944941,  0.14636104, -0.08807432,  0.13223940, -0.07078689,  0.05920474,  0.00910911, -0.08744856
 -0.08269722,  0.06820996,  0.16598465, -0.12011223,  0.04670571, -0.02727616,  0.02677903, -0.14385008, -0.06253510, -0.06360514, -0.04473195,  0.03520266,  0.29074199,  0.32007324, -0.38983801, -0.13790078,  0.09017229,  0.07240827,  0.04098797, -0.05716493, -0.03430418, -0.14796004,  0.02241432,  0.11751320,  0.16805893, -0.02899223, -0.17631808, -0.09470538,  0.12388048,  0.18216251, -0.19385116, -0.09692098,  0.05217042,  0.13710850,  0.08486880, -0.12757260, -0.04440196,  0.20448920, -0.01559597, -0.00898643, -0.01451765, -0.08855011, -0.24713790,  0.05783392,  0.35049612, -0.05838212, -0.13719188,  0.11767626, -0.01640200, -0.10912283
  0.02161209, -0.12525015,  0.13045812, -0.05153048,  0.09336141, -0.06787673,  0.03849562, -0.02289832,  0.02353523, -0.00421929, -0.08333104, -0.04919552, -0.19508404,  0.35878930,  0.15866867, -0.11782518, -0.17488615, -0.04211426, -0.01128232,  0.21361286, -0.15434839,  0.20883420, -0.19609285, -0.14239601,  0.17954917,  0.10114688,  0.01041397, -0.06991020, -0.12684514,  0.01539753,  0.21586770, -0.12812774,  0.03216431, -0.22703607,  0.27482305,  0.02653635, -0.11042162, -0.03546776,  0.07762575, -0.04505802,  0.07411035,  0.08783572, -0.07347084, -0.28053522,  0.08619534,  0.27709261, -0.20733251,  0.10524404,  0.04980036, -0.11659316
  0.01529986, -0.03639368,  0.13632800, -0.20157982,  0.10467405, -0.01581406,  0.08485273, -0.13844015, -0.05540067,  0.07608260, -0.02591056,  0.21920828, -0.16607664, -0.02231540, -0.20553957,  0.26079588,  0.12233407,  0.04375621, -0.19210683,  0.04200908, -0.14820499, -0.09212811,  0.42571319, -0.21258090, -0.04639527,  0.00631195, -0.07351243,  0.11122215,  0.09661534, -0.13072074, -0.05642026, -0.07144914,  0.32074136, -0.18152279, -0.08073732,  0.09791144, -0.05923547,  0.14133903, -0.04972190, -0.03142456, -0.11514073,  0.03250009,  0.15384169,  0.00069442, -0.16073583,  0.15704485, -0.17110482, -0.02673495,  0.18988964, -0.07224282
  0.08146656, -0.08858303, -0.01249089,  0.02278649, -0.07984707, -0.01402683,  0.08656349,  0.00369056,  0.06903169, -0.08254209,  0.16152810,  0.06034004, -0.15714736, -0.05564006, -0.18228702,  0.04705124,  0.07110475,  0.30786236, -0.16207808,  0.04733156, -0.24146088,  0.22149010, -0.20209940,  0.25126640, -0.04180153, -0.30781900,  0.18675399, -0.05782906,  0.10653638,  0.00791692, -0.00816210, -0.15745964,  0.15893762, -0.08899599,  0.15532064, -0.34080335,  0.19730740, -0.09385605,  0.09278099, -0.04455360, -0.06447826,  0.01346459,  0.10766576,  0.12026046, -0.06252659, -0.07708927, -0.12754131,  0.10171353, -0.13278782,  0.19814811
  0.09002605, -0.21611953,  0.20841737, -0.10525440, -0.05388628,  0.10598009, -0.01041267,  0.03095254, -0.05630903, -0.01455590,  0.07844247, -0.00252689, -0.11847397,  0.03084731,  0.01346372, -0.13202877,  0.33074268, -0.17007815,  0.14262717, -0.11395507, -0.13601413,  0.14272373, -0.15831281,  0.31413767, -0.32482292,  0.13953210, -0.03449017, -0.01929995,  0.03307030,  0.12251491, -0.22132328,  0.08899364, -0.01368662,  0.07187810, -0.11464429,  0.07777555, -0.08254863, -0.00475062,  0.17071537, -0.16107983,  0.03599882, -0.04962505,  0.23216020, -0.22135522,  0.06552784,  0.01411101, -0.04051882, -0.15120753,  0.26598520, -0.08149890
  0.02683698, -0.04257864, -0.04706846,  0.12753393, -0.10366235, -0.06111407,  0.20445173, -0.08049566, -0.01267583,  0.05619150, -0.06115803, -0.01225582, -0.03893840,  0.01685798,  0.14419759, -0.33937111,  0.25963457,  0.08063512, -0.21447860,  0.24897193, -0.11836485, -0.10622293,  0.06954932, -0.04136027,  0.16586723, -0.18607377,  0.02279262,  0.18639291, -0.35140382,  0.30977623, -0.00889979, -0.20053879,  0.07536197,  0.09482217, -0.10356154,  0.06250182, -0.09861012,  0.05960916, -0.01228285, -0.06033504,  0.16982328, -0.11873883, -0.03181064,  0.14895980, -0.09924169, -0.05388133,  0.14571616, -0.20473401,  0.10652867,  0.02472074
  0.05632299, -0.09712843,  0.06503913, -0.10596982,  0.14768625, -0.18934677,  0.11676330,  0.14042768, -0.17179220,  0.04477901,  0.08429607,  0.00350540, -0.12534009, -0.03862118,  0.07591531, -0.04162828, -0.11552149,  0.35381087, -0.11896047, -0.15537559,  0.16547100, -0.12191423, -0.00154151,  0.10468349, -0.11758451,  0.15645617, -0.34305032,  0.32458514, -0.03666322, -0.18880542,  0.25443920, -0.15453451, -0.05627804,  0.12109929, -0.01332086, -0.07715591, -0.05022398,  0.01570144,  0.17292748, -0.23052881,  0.06433915,  0.12116470, -0.05530373, -0.04296931,  0.16222297, -0.18990751,  0.01492813, -0.00066143,  0.00327132,  0.06695545
 -0.01090861,  0.05478233, -0.08607307,  0.08738314, -0.09984646,  0.08913077, -0.07004777,  0.12243272, -0.13397450, -0.06524668,  0.13188017,  0.15062803, -0.21326639, -0.04021589,  0.18816301, -0.23852475,  0.20164471, -0.02904540,  0.05313400, -0.21305480,  0.06650474,  0.10073670,  0.00173458, -0.09526990,  0.19223923, -0.27564096,  0.10042438, -0.01269358,  0.21289889, -0.23339526, -0.01138968,  0.13909113, -0.08871875,  0.02929550,  0.04525756, -0.04418520, -0.24101181,  0.38497272, -0.05961995, -0.18995096,  0.02121175,  0.19028277, -0.18513664,  0.11356287, -0.04765896,  0.04779738, -0.14423459,  0.08129345,  0.08810211, -0.06555331
 -0.05701760,  0.11901666, -0.08948603,  0.04131722, -0.01278212, -0.03888222,  0.03053902, -0.00141188,  0.18424088, -0.24600335, -0.08885925,  0.21164324,  0.13828856, -0.30332828,  0.13379132, -0.00142504, -0.20048399,  0.19855244,  0.04418533,  0.04187187, -0.21210198,  0.10006548,  0.04764597, -0.10606851,  0.15738048,  0.02394301, -0.19691747, -0.00391786,  0.08226500,  0.18470110, -0.29718837,  0.14462567,  0.00858235, -0.09040492,  0.10672692,  0.08821589, -0.24493278, -0.09805142,  0.36321563, -0.12686724, -0.15632432,  0.12188369,  0.00916365, -0.06265341,  0.11148676, -0.04867755,  0.01674602, -0.13599134,  0.04543397,  0.06317888
 -0.05730807,  0.12356104, -0.02824540, -0.04853817,  0.08066011,  0.01686168, -0.04106719, -0.25581615,  0.10762895, -0.06144635,  0.21974428, -0.03501196, -0.02599042,  0.01582350,  0.01918772,  0.12553273, -0.09742721, -0.00552091, -0.28020950,  0.07907553,  0.02593646,  0.25219098, -0.05770294, -0.07556523, -0.09120592,  0.04902782, -0.01191015,  0.23160109, -0.16956371, -0.00558526, -0.21268639,  0.34940179, -0.05349705, -0.12351324,  0.08071648, -0.14056295,  0.19176891,  0.19801497, -0.15377540, -0.22754577,  0.25594186, -0.11270676, -0.03557916, -0.03112026,  0.10603191, -0.14473152,  0.15168997,  0.07711117,  0.06325635, -0.22989346
 -0.03375795,  0.05378943,  0.00083118, -0.11391988,  0.16640188, -0.10863507, -0.10598713,  0.29931076,  0.02017277, -0.29467249,  0.12164067,  0.02509601, -0.09614085,  0.12724426, -0.08385534, -0.05933218,  0.02233092,  0.04054812,  0.06087537,  0.08538140, -0.09773225, -0.08012144,  0.02471814, -0.01411099,  0.08713713,  0.10113582, -0.21911903,  0.01094230,  0.08653800, -0.02761689,  0.01680418,  0.09538855, -0.21666777,  0.02662282,  0.27528092, -0.21650343, -0.06030375,  0.08258349, -0.16085223,  0.17111633,  0.09812524, -0.30994265,  0.21145438,  0.10229839, -0.23920602,  0.13381671,  0.09403250, -0.29940934,  0.06986727,  0.12342809
  0.06053032, -0.15857070,  0.19349815, -0.14197569, -0.02072042,  0.18079071, -0.19648315, -0.03971112,  0.25311359, -0.02970947, -0.18364668,  0.18262048, -0.15125354,  0.04221705,  0.04129924, -0.04950448,  0.00554809,  0.00374994,  0.00627936,  0.00944954,  0.09670980, -0.12083753, -0.00471734,  0.06965275, -0.16160209,  0.16567720,  0.03402004, -0.16527184,  0.06504521,  0.00991715,  0.01237148, -0.03591601,  0.14967957, -0.28122495,  0.12950593,  0.14353773, -0.18907683,  0.06729600, -0.00748315, -0.14438125,  0.24833185, -0.06481686, -0.19622786,  0.27359858, -0.06124020, -0.19645640,  0.21561428,  0.01637046, -0.25235643,  0.17486615
