  0.03654501,  0.10820545, -0.36262136, -0.62283805, -0.15397196,  0.24819524, -0.21557579,  0.07556593,  0.06914350,  0.22561110, -0.19454477, -0.03830624, -0.06894989,  0.08840478, -0.03682081, -0.25200960, -0.05784479, -0.09575179,  0.01897333,  0.10490946, -0.11056269, -0.06561147, -0.02411792, -0.00419231,  0.01175995,  0.10174780, -0.05282298, -0.04089670, -0.03145510, -0.00050581,  0.06619951, -0.01001224, -0.01678609, -0.01402352,  0.00241444, -0.01672322, -0.00664393,  0.03986511, -0.12521685, -0.00018415, -0.05531684, -0.11170104, -0.07066068, -0.01549563, -0.05960875, -0.01427877, -0.02141322,  0.01523319,  0.06204218, -0.01845183,  0.02735530, -0.04923084,  0.05615203, -0.10315065,  0.12956520, -0.07245282, -0.08828530,  0.00927835,  0.04256884
  0.03950402,  0.12448481, -0.38777027, -0.32724810, -0.15244263, -0.08646558,  0.00057623, -0.18859689,  0.02952063, -0.14590677,  0.18785791, -0.11844216,  0.08300240, -0.02050342, -0.13205193,  0.33830497, -0.13750178,  0.25675025, -0.00860526, -0.22646869,  0.06983803, -0.02088440,  0.02450844,  0.02500823,  0.01173917, -0.10287042,  0.18023702,  0.10100360,  0.04204803,  0.04930893, -0.02377627,  0.01880898, -0.04253410, -0.00319965, -0.01779462,  0.06240227,  0.00726406, -0.09411875,  0.17482321,  0.17105337,  0.01724710,  0.12824724,  0.11206983,  0.03166469,  0.10021487, -0.02336975,  0.02796255, -0.07957444, -0.11211661, -0.03366354,  0.07063752,  0.09930811, -0.00659337,  0.13665977, -0.17756503,  0.13736878,  0.03942343, -0.14530446, -0.06445304
  0.04199969,  0.14482659, -0.37791150, -0.08285081,  0.00458500, -0.38017124,  0.20119545, -0.08778194, -0.03298932, -0.17167802,  0.26692431,  0.12338906,  0.04489935, -0.18967859,  0.10143788,  0.05287887,  0.19409166, -0.05928007, -0.04584247,  0.31898636, -0.02349930, -0.06947354, -0.04033690, -0.01583371,  0.02847700, -0.00001592, -0.21400774, -0.05364427,  0.03351886, -0.06422530, -0.05141136, -0.01416604,  0.00287888,  0.05458746,  0.04925190, -0.04853633, -0.05545753,  0.08920284,  0.07983287, -0.26514624, -0.04534548, -0.02777314, -0.07054279, -0.01744665, -0.05763142,  0.09222054,  0.01885100,  0.09934005, -0.02353923,  0.08714023, -0.02899177, -0.16216287, -0.03597070,  0.07625246,  0.14041680, -0.07686523,  0.02489297,  0.24135574,  0.06576981
  0.04425282,  0.16643683, -0.34243728,  0.10133404,  0.21695681, -0.34911400,  0.15603985,  0.21404312, -0.01126278,  0.12031996, -0.14066628,  0.18249860, -0.10462889, -0.02859992,  0.18249597, -0.19674118,  0.04805612, -0.20159449,  0.17638734, -0.22632188, -0.06637034, -0.00978639,  0.07509221,  0.01432441, -0.00881588, -0.00300735,  0.13343508,  0.06619832, -0.16931732,  0.01372241,  0.07983765, -0.03354675, -0.00049701, -0.08604226, -0.05642298,  0.04509194,  0.15206648,  0.02614493, -0.09844140,  0.07241292,  0.19607841,  0.06827585,  0.07734092,  0.02481227,  0.06383831, -0.07982032, -0.11466249, -0.03991452,  0.10463094,  0.00505314, -0.04650151,  0.11173752, -0.14925764, -0.12335999, -0.19223614,  0.13456498, -0.04916384, -0.10418214, -0.01604849
  0.04633981,  0.18680987, -0.28966536,  0.22322169,  0.32796066,  0.00488847, -0.10132236,  0.29109731,  0.05104663,  0.18130575, -0.25422265, -0.06482683, -0.03616244,  0.15447806, -0.01024044,  0.22239585, -0.15888190,  0.05399766, -0.15130556, -0.03026863,  0.23610280, -0.01600126, -0.07552619, -0.03267174, -0.01206876, -0.01695523, -0.04987887, -0.14835578,  0.21220158,  0.12825583, -0.14886775,  0.09866858,  0.00546770,  0.07435702,  0.06058815, -0.05511306, -0.06938561, -0.18587890, -0.05101307, -0.06638769, -0.09307258,  0.03601524, -0.04309535, -0.04018434, -0.07007767,  0.01640820,  0.14747638, -0.01400219, -0.11306847, -0.05828902, -0.08727259, -0.09112723,  0.08711428,  0.12283838, -0.00288528, -0.14144410,  0.14215307,  0.00189911,  0.14260413
  0.04864235,  0.20595869, -0.22563113,  0.26295468,  0.23461130,  0.35298919, -0.25825752,  0.01326517,  0.06145418, -0.08990786,  0.12488249, -0.11317100,  0.18487656,  0.06777068, -0.00005065,  0.08328458,  0.02432886, -0.04662949, -0.10227249,  0.24906234, -0.06943535,  0.10775132,  0.06525722,  0.04491553,  0.10615165, -0.06566355,  0.07597682,  0.10237759, -0.12191548, -0.26793470,  0.12868120, -0.16551007,  0.02138332, -0.04046080, -0.08415860,  0.03615327, -0.05950230,  0.18648896, -0.00093145,  0.11568669,  0.02192258, -0.01239391,  0.13977727,  0.01375661,  0.16245308,  0.10637946, -0.14239744,  0.00201218, -0.03796269,  0.09688078,  0.06839659, -0.13464491, -0.05051363, -0.17944317, -0.07196658,  0.02688412,  0.07374333,  0.07748643, -0.12649553
  0.05105856,  0.22299232, -0.15424788,  0.19799175,  0.01075573,  0.34146001, -0.13584036, -0.21601243, -0.00482515, -0.18031404,  0.17606019,  0.04897845,  0.13168668, -0.05909309,  0.05368199, -0.27594250,  0.15368199, -0.07829081,  0.02935344, -0.22555960, -0.13025474,  0.01760975,  0.00948938, -0.00757128, -0.13545301, -0.12311242, -0.07578949,  0.01924693, -0.01227360,  0.27097374, -0.15448279,  0.23585293,  0.04008085,  0.04115155,  0.10485173, -0.01944537,  0.11617732, -0.12577405,  0.14549021, -0.02871751,  0.05389457, -0.11236629, -0.14053324,  0.07372286, -0.13926901, -0.13472543, -0.08111138,  0.09337936,  0.05577621, -0.04977015, -0.08203181,  0.07893845, -0.10061814,  0.07996578,  0.08833375, -0.10358301,  0.08921135, -0.14225561,  0.06421849
  0.05389799,  0.23461230, -0.09276104,  0.13077783, -0.15171928,  0.12983151,  0.06720506, -0.23328748, -0.05296051, -0.06138516, -0.09621554,  0.07641343, -0.03759723, -0.04545102, -0.00291420, -0.20632913,  0.05089881,  0.11142456,  0.09671719, -0.13431266,  0.36440908,  0.01418341,  0.07008345, -0.08900414, -0.06641560,  0.14401465, -0.13905497, -0.08436667,  0.16066442, -0.18876674,  0.02133382, -0.27846850,  0.07256533, -0.04443159, -0.14074741, -0.02621442, -0.13613929,  0.11132499, -0.06605822, -0.05694219, -0.05328987,  0.06762733,  0.00331741, -0.12454035, -0.13529692, -0.05777828,  0.22893058, -0.02969294,  0.04641295, -0.02856990, -0.06242096,  0.25557475,  0.12263200, -0.04685870, -0.20319225, -0.10000549, -0.05993955,  0.11729894, -0.21982385
  0.05713073,  0.23967021, -0.04622449,  0.12705013, -0.17597284, -0.02410728,  0.16138482, -0.14844208, -0.05670074, -0.00282090, -0.19902622, -0.07708845, -0.11554915,  0.00539548, -0.08962298,  0.03405232,  0.02310456,  0.12971430,  0.14409631,  0.17360275,  0.13293680,  0.34012412, -0.19588005,  0.08835923, -0.03063787,  0.03873227,  0.17592092, -0.01236428, -0.21438936, -0.03763357,  0.06710091,  0.30889697,  0.00054424,  0.02215543,  0.14291866,  0.05481660,  0.11220509, -0.03763378, -0.10842043,  0.01261720,  0.01706290, -0.08448779, -0.02475884, -0.00999793,  0.19851892,  0.14819086,  0.05687797, -0.09161660,  0.15718128,  0.08954318,  0.02537385,  0.16535908,  0.14284933, -0.06651233,  0.30410486,  0.07001918,  0.15864527,  0.04200007,  0.02378990
  0.06064610,  0.24099070, -0.00573387,  0.14234523, -0.13016357, -0.07951861,  0.16369098, -0.04030979, -0.04034027,  0.00049817, -0.04413190, -0.15999213, -0.11121033,  0.06180950, -0.09846278,  0.14773254, -0.08021933, -0.04116604,  0.02347929,  0.01546002, -0.40320555,  0.26216943,  0.07559394, -0.09177782,  0.07673953, -0.01154332, -0.05428108, -0.03557714,  0.15215771,  0.19327586, -0.04786817, -0.28029518, -0.01642679, -0.01425714, -0.08516232, -0.15605480, -0.13216539, -0.06526205, -0.07007317,  0.05534208, -0.07802081,  0.07310214, -0.06501543,  0.12224075, -0.08882651, -0.00264705, -0.08578528,  0.14272028,  0.00492641, -0.29488444, -0.09193072, -0.07922782,  0.06707252, -0.13938676,  0.20349995,  0.13715927, -0.19079434, -0.10493722, -0.14879388
  0.06418817,  0.23942623,  0.03327658,  0.14308107, -0.07439423, -0.06437358,  0.10522367,  0.06252976, -0.03109885,  0.01297207,  0.10682481, -0.05894890, -0.09923671,  0.06264402, -0.08237055,  0.03379540, -0.04620004, -0.01953170, -0.28215705, -0.19162909, -0.19352901, -0.21458431,  0.05949969,  0.07713859, -0.17879661,  0.16898591, -0.07527770, -0.09537034, -0.01345618, -0.25020009,  0.23555586,  0.22308366,  0.00140081,  0.10905405, -0.00853827,  0.14185091,  0.00699057,  0.11366619, -0.06391472,  0.01914977, -0.09648325, -0.14475510,  0.04564351, -0.11943454, -0.06111627, -0.09734512, -0.07955852, -0.14534011, -0.17373252,  0.20092529,  0.06129150, -0.03133788,  0.12216289,  0.13571569,  0.12647463, -0.07855183, -0.27938428, -0.22175162, -0.06794122
  0.06785469,  0.23555699,  0.06932066,  0.12006487, -0.05228231,  0.00406872,  0.01606397,  0.11373599, -0.01353243,  0.05492119,  0.08129771,  0.09905136, -0.07417096,  0.02899692, -0.07994225, -0.12064156,  0.01439144,  0.11381641, -0.12809155,  0.10963327,  0.15576543, -0.29495869, -0.02299158, -0.06712746,  0.11383839,  0.07628514,  0.14047595,  0.41983424, -0.06305936,  0.23837900, -0.04040961, -0.17066407, -0.04745931, -0.09604367,  0.09766460, -0.09245783,  0.02595569, -0.04271028,  0.03233304,  0.16873620,  0.01800193, -0.16428931, -0.11562429,  0.07356745,  0.02652669, -0.04927863,  0.13360022,  0.03643437,  0.21942122,  0.04916298,  0.24102941, -0.16825646,  0.13418806,  0.21685915,  0.01143953,  0.13943188, -0.16936450,  0.11559438, -0.00355467
  0.07157400,  0.22908197,  0.10023742,  0.07795668, -0.07726548,  0.08092610, -0.07781228,  0.09058370,  0.00735449,  0.07658136, -0.06843704,  0.11764139, -0.05248688, -0.03217721, -0.11684097, -0.10798350,  0.01004650,  0.05564056,  0.23693347,  0.21700719, -0.11325970, -0.11507907, -0.08120093,  0.13868234,  0.08217452,  0.07282995, -0.12552655, -0.15035535,  0.16263526, -0.06772244, -0.14223986,  0.15429365, -0.06319493, -0.02453225, -0.14713000,  0.09318348,  0.07446939, -0.03553075,  0.29276454,  0.02247247, -0.15211408,  0.31707832,  0.11749667,  0.02414441,  0.04216101,  0.09445463, -0.01993076, -0.22206442, -0.01425734, -0.11149724,  0.16621301,  0.04678220, -0.32939087,  0.11803956, -0.03859040,  0.15404102, -0.16430813,  0.07266274,  0.11545156
  0.07546091,  0.22047268,  0.12417790,  0.02948430, -0.12808379,  0.08435270, -0.10101303, -0.01368591,  0.01482889, -0.00349179, -0.06501133,  0.02273053,  0.01328390, -0.09938245, -0.06568910,  0.17712612, -0.16131029, -0.00914033,  0.22731227, -0.18777731, -0.08218408, -0.09970053,  0.00847040, -0.13127028, -0.00754122, -0.07499541,  0.23156610, -0.01127440, -0.18589284, -0.12322056, -0.06489042, -0.15636525, -0.02383729,  0.02301886,  0.13771800,  0.06463608, -0.11101319,  0.04912566,  0.02555270, -0.43719917,  0.19635006, -0.02579129,  0.02569969,  0.01040102,  0.08420958, -0.03595367,  0.03091083,  0.10067393, -0.09641346,  0.04029914, -0.08622077, -0.07952899,  0.01814809, -0.05994963, -0.05909289, -0.06281186, -0.19675528,  0.12314599,  0.42398078
  0.07940080,  0.20967899,  0.14104599, -0.01369696, -0.15352560, -0.01354290, -0.04735715, -0.08532460, -0.00443782, -0.07989761,  0.01886441, -0.01307683,  0.03978786, -0.12415469,  0.12030590,  0.15797690, -0.10520304, -0.06232342, -0.12486338,  0.13026664,  0.04200394, -0.16121375, -0.08347472,  0.11067954,  0.15458067, -0.00310031, -0.14903915, -0.27215042, -0.05168013,  0.18014668,  0.07647797,  0.11490084,  0.09095515,  0.06418815, -0.01634677, -0.20179236,  0.12426285,  0.04024299, -0.32362196,  0.10497978,  0.24094017,  0.07934584, -0.04266034, -0.02915431, -0.14362036,  0.09528224,  0.01572794,  0.13287068,  0.04379885,  0.01388218,  0.26532376,  0.00517208, -0.01556909, -0.19914614, -0.32628879,  0.01138654,  0.07154910, -0.15827860,  0.11896245
  0.08345892,  0.19714788,  0.15016111, -0.03845689, -0.12533364, -0.11850013,  0.00739900, -0.06322214, -0.01112745, -0.02789289, -0.01517568,  0.02404621,  0.02781500,  0.00977136,  0.25893672, -0.16600962,  0.01749807, -0.03378422,  0.02286876,  0.00657981, -0.02651372, -0.06123865,  0.07763018, -0.08420405, -0.01850862, -0.19930230,  0.26526215,  0.00036887,  0.16255088, -0.06060064,  0.18340820, -0.12525706, -0.01418130, -0.03952235, -0.09685080,  0.09935184,  0.02341981, -0.18863162, -0.19475171,  0.15030191, -0.33077764, -0.09499214,  0.08582469, -0.15689593,  0.11419908,  0.03246423, -0.13113756,  0.10360437, -0.19201945, -0.18509472,  0.10997928, -0.03339147, -0.07507572,  0.15433050,  0.04041454, -0.18518008,  0.30580633,  0.07338004,  0.17602006
  0.08759365,  0.18397551,  0.15455010, -0.05970675, -0.06280957, -0.16966202,  0.01518317,  0.02860973,  0.02769853,  0.11987284, -0.09953428, -0.02082964,  0.09066600,  0.20989107,  0.12830989,  0.00248960, -0.09719034,  0.11877757,  0.11605781, -0.02620477,  0.04673808, -0.04079555, -0.03483275,  0.11636063,  0.01601864, -0.22159960, -0.26812889,  0.22129312,  0.02666031, -0.04896676, -0.00447330,  0.18840172, -0.04084340,  0.09824442,  0.09887202,  0.00836104, -0.33534883,  0.08747047,  0.16082142,  0.16434509, -0.01396344, -0.21582612, -0.18780293,  0.19940295, -0.02541701, -0.08801341, -0.13903274,  0.07045885, -0.16995158,  0.11159762, -0.08911955,  0.11615358, -0.10686597, -0.24047691, -0.12776248,  0.00730278,  0.04422002,  0.17763018, -0.08554436
  0.09167226,  0.16952386,  0.15354387, -0.05808878,  0.01424114, -0.11768193, -0.03713499,  0.04986888,  0.08754940,  0.11266526,  0.04290866, -0.07724029,  0.25844730,  0.15235691, -0.01683423,  0.11440648, -0.01529501,  0.05721254,  0.13359650,  0.07687442, -0.00172081,  0.01511028,  0.00090208, -0.14253198, -0.15365358,  0.08376102, -0.19509731, -0.02115072, -0.21491949,  0.03313266,  0.11900017, -0.24402237, -0.15915389, -0.13205140,  0.02199522, -0.04258584,  0.33737054,  0.16787277,  0.20523623,  0.04104569, -0.16140587,  0.04406239,  0.05323085, -0.08223594, -0.24490625, -0.12097011,  0.07271231, -0.05853253,  0.11806349,  0.11155176, -0.19156956,  0.00002787,  0.05083910,  0.01244791,  0.04595919,  0.04532945,  0.27598967, -0.18319032,  0.13036861
  0.09557882,  0.15542700,  0.15313779, -0.07793703,  0.05747892, -0.07947992, -0.05710926,  0.05506517,  0.13128917,  0.08655370,  0.17362586, -0.06139200,  0.27605113, -0.05313162, -0.01958552,  0.02133899,  0.03592224, -0.14161495,  0.06483196, -0.06455907, -0.01864277,  0.02511820, -0.00833288,  0.09029681,  0.09306226,  0.28013175,  0.05489858,  0.04560294, -0.01369047,  0.22641859,  0.19622017,  0.17712494, -0.16791403, -0.03344734, -0.16153301,  0.21656101, -0.14967895, -0.19468524,  0.00808210, -0.24790211,  0.04785770, -0.01122232, -0.08887451, -0.11735141,  0.17897190,  0.06093343,  0.21472434, -0.05860919,  0.09574467, -0.16516748, -0.07906144, -0.11142457,  0.00088392, -0.10052281, -0.08564841, -0.15305319,  0.03831107,  0.02777711, -0.31394337
  0.09927767,  0.14105365,  0.15097572, -0.11006859,  0.08068241, -0.06244296, -0.06602343,  0.08512160,  0.15823712,  0.09883316,  0.13993663, -0.02796617,  0.10609844, -0.16444716,  0.06228496, -0.09560575,  0.00129262, -0.08168984, -0.07060260,  0.00243023,  0.02550417, -0.01338173, -0.01168942, -0.07046870, -0.04530426,  0.11421230,  0.19752215, -0.02369252,  0.33785940, -0.05602158, -0.14890504, -0.10207391, -0.16354978,  0.19406295,  0.31264862, -0.14354204, -0.00986717,  0.16295729, -0.05706377,  0.07430927,  0.17533733,  0.21426645,  0.11613122,  0.25745338,  0.09029025,  0.11562970, -0.10196950, -0.05967481,  0.03699301,  0.11517896, -0.03267075,  0.27453431,  0.06032959,  0.02349894,  0.19113447, -0.16285577,  0.03978696, -0.06095877, -0.10474606
  0.10290698,  0.12612385,  0.14369865, -0.12947936,  0.09351752, -0.02197948, -0.09560016,  0.07936965,  0.17226076,  0.06954552,  0.06758659, -0.00071455, -0.05205647, -0.10902322,  0.12606094, -0.06074788,  0.03314058,  0.10183083, -0.02199097, -0.04602016,  0.05244957,  0.05314779, -0.01586569,  0.08353394,  0.10242809, -0.05159800,  0.03269561,  0.09138497, -0.12119153, -0.26702805, -0.13101040,  0.07187009,  0.22409881,  0.35189044, -0.25026760, -0.24529819,  0.17951262, -0.22708699,  0.10359649, -0.12301715,  0.07878296, -0.02657479,  0.12051560, -0.14216028, -0.13902810, -0.08570001, -0.09442611,  0.08261062, -0.03658074, -0.13511705, -0.08834849, -0.03557465,  0.24222987,  0.03681469,  0.07439496,  0.26396071,  0.02259778,  0.07625758, -0.13997128
  0.10646481,  0.11134250,  0.13326394, -0.14086354,  0.09105316,  0.00616232, -0.10439190,  0.02516967,  0.16305976, -0.02286710,  0.03793235,  0.03832768, -0.08955313,  0.01786621,  0.11449299,  0.09045308,  0.09049294,  0.10175520,  0.09450496,  0.03419861,  0.02516640,  0.07693422,  0.04725899, -0.06234861, -0.16230819, -0.10818219, -0.06054839,  0.04678975, -0.01498209,  0.18499930, -0.16648884, -0.09166280,  0.49489537, -0.03133102,  0.03782735,  0.21359551,  0.01431258,  0.15898886, -0.29066919, -0.05678410, -0.05462498,  0.10601072, -0.17518509, -0.06973283,  0.15231352, -0.00524293,  0.13423348, -0.10114983, -0.12970148,  0.18784324, -0.03660530, -0.08644706, -0.22607641,  0.09741847,  0.10814010,  0.12119545, -0.06742579, -0.12286285, -0.16857950
  0.10987987,  0.09695303,  0.12141731, -0.14692762,  0.09063998, -0.01491006, -0.06480507, -0.02588863,  0.12188496, -0.13488433,  0.01823737,  0.08365402, -0.04409956,  0.08138793,  0.04612636,  0.14094098,  0.15614226, -0.06416430,  0.03890235, -0.12748198,  0.06330813,  0.13536039, -0.07695524,  0.01054982,  0.02993856,  0.04872333, -0.11028746, -0.16229245,  0.07733481, -0.18729653,  0.09468868,  0.09692104,  0.16690677, -0.46635430,  0.08252690, -0.10455196, -0.08504393, -0.22851395, -0.01129397,  0.17024588,  0.04434472, -0.12738107,  0.20736475,  0.23498780, -0.00991035,  0.09112450, -0.07834096,  0.04418964,  0.24363468,  0.04675352, -0.18129072, -0.13429955,  0.04413967,  0.19057765, -0.05909768, -0.06104805, -0.17956448,  0.05740625,  0.06406081
  0.11309087,  0.08290019,  0.10898894, -0.14583157,  0.11660357, -0.06823611, -0.00132748, -0.01634708,  0.05422746, -0.20266471, -0.04215891,  0.07905727, -0.01487166,  0.06317678, -0.03926799,  0.07506718,  0.14379853, -0.14048052, -0.13395867, -0.06889046,  0.18862408,  0.19945423,  0.10820410, -0.05683349, -0.05259387, -0.11943767,  0.24784563, -0.10070880, -0.00743262,  0.01154832, -0.30431571,  0.14443130, -0.25190339, -0.09744220, -0.14405529, -0.10104656, -0.04835090,  0.24162129,  0.04886931,  0.04595605, -0.11827042, -0.01191986, -0.19094761, -0.19500025, -0.10764548, -0.16147038, -0.13288920, -0.24576866,  0.08113782, -0.05356321,  0.19307398, -0.13829970,  0.03520950, -0.21094876,  0.00592034, -0.04309226, -0.13004752,  0.04712842,  0.05906445
  0.11619970,  0.06956356,  0.09591663, -0.13859845,  0.16162924, -0.08239470,  0.02724092,  0.04717821, -0.01495257, -0.18151512, -0.11895322,  0.01092877, -0.02627856,  0.04038320, -0.10059294, -0.07933036,  0.04838323, -0.17430335, -0.24815747,  0.09785688, -0.00847281,  0.19232591, -0.02311157,  0.07521133,  0.09769418, -0.14763292, -0.12778663, -0.05742034, -0.13343763, -0.06340070, -0.06092510, -0.23095103,  0.00160566,  0.17775015, -0.03247673,  0.29832023, -0.00488982, -0.08143043,  0.17125817,  0.02399852,  0.08276312, -0.20832513,  0.11642776,  0.17157061,  0.05345573, -0.07314192,  0.37386268,  0.08303839, -0.01784607, -0.10403280,  0.18951552,  0.24788848, -0.03934089,  0.04614997,  0.00607405, -0.09492807, -0.05638798, -0.18219147,  0.10144007
  0.11920368,  0.05683987,  0.08222208, -0.12153176,  0.20071567, -0.02301444,  0.00489618,  0.07917418, -0.08010947, -0.15784983, -0.10144812, -0.06704182, -0.03960576,  0.02316598, -0.12916577, -0.18173793, -0.06395172,  0.00877196, -0.16050314, -0.07143106, -0.10225716,  0.06625039,  0.17788216, -0.06622455, -0.13702521, -0.05671697, -0.03534459,  0.06187383, -0.15091231,  0.15201572,  0.24554705,  0.09171121,  0.14261335, -0.10491177,  0.18786344, -0.05392531, -0.08682267,  0.06984059,  0.20606655, -0.03609407,  0.00740357,  0.32489392, -0.07224700, -0.20233984, -0.08410612,  0.39227991, -0.06730060,  0.12891283, -0.08283694, -0.05406317,  0.07208731,  0.15914969,  0.16182819,  0.08446362, -0.07922944,  0.04725488,  0.00068143,  0.21555593,  0.01441694
  0.12190028,  0.04473738,  0.07094348, -0.11129118,  0.21330474,  0.03886349, -0.01806435,  0.06649631, -0.16700842, -0.16281968, -0.01895833, -0.10092697, -0.10590623, -0.03680752, -0.17364345, -0.06941085,  0.04284032,  0.25322065, -0.13556010, -0.07464278,  0.06525276, -0.01191079, -0.14802038,  0.06034649, -0.05057979,  0.06028009, -0.12809426,  0.01038368,  0.23091218,  0.07830191,  0.13728740, -0.03068723, -0.21666663, -0.18451357, -0.13969114, -0.09555314,  0.13993572,  0.04659479, -0.15568270, -0.33090969,  0.01636892, -0.09140278,  0.04642454,  0.05593480,  0.23772009, -0.23335758, -0.17935976,  0.20244722, -0.05544881,  0.07422527,  0.02254754,  0.10982741, -0.15707743, -0.06741924,  0.05094272,  0.22712450,  0.09939793,  0.03949668,  0.02286810
  0.12457413,  0.03384930,  0.06028004, -0.10571713,  0.19582771,  0.08234836, -0.00074139,  0.00931931, -0.24858397, -0.15963753,  0.06731196, -0.00895835, -0.15930497, -0.06902106, -0.11342078, -0.01923091,  0.08406359,  0.11789165,  0.17067111,  0.16629827, -0.02277255,  0.02282492,  0.12652656, -0.08711916,  0.02196478,  0.13819390,  0.04680505,  0.13862180, -0.04719445, -0.15716860, -0.02083015,  0.08098900, -0.29179994,  0.15075976,  0.01623644,  0.17243752, -0.08107991, -0.10911535, -0.31076893,  0.19223568,  0.15023044,  0.03295764, -0.13369343,  0.05480943, -0.33229798,  0.07765200,  0.06345502, -0.05401891, -0.12589350, -0.04201959, -0.27465754, -0.10203043, -0.08049881,  0.11565348, -0.11085296,  0.06626389,  0.05997774, -0.06188243,  0.07421266
  0.12719114,  0.02398194,  0.05025587, -0.10548742,  0.16317381,  0.08659037,  0.05594584, -0.02927927, -0.30504414, -0.08668084,  0.01437027,  0.11037723, -0.16654598, -0.04089860, -0.04502882,  0.07122928, -0.03152930, -0.06822815,  0.16769954, -0.09820047, -0.14424519, -0.00928877, -0.17208857,  0.12249103, -0.05768619,  0.12832462, -0.01605331, -0.03330802, -0.08275484,  0.14469853, -0.09165310, -0.12621002,  0.03506247,  0.30835512,  0.16426057, -0.22071729, -0.06535979, -0.06560947,  0.08545540,  0.16823673, -0.28164486, -0.03307428,  0.22168033, -0.21904699,  0.21284910, -0.06400197,  0.03270733,  0.01512211,  0.11001388,  0.21010671, -0.05038477, -0.13304788, -0.02793033, -0.10698266, -0.15033681, -0.17967950,  0.03575606,  0.04645127, -0.09133937
  0.12997773,  0.01514270,  0.03824984, -0.09155535,  0.12850667,  0.10103810,  0.12551056, -0.07312625, -0.30284583, -0.00784137, -0.05001359,  0.16690567, -0.01317163,  0.00509917,  0.06118879,  0.14573573, -0.20444374, -0.04307387, -0.00036172, -0.00708784,  0.02592139, -0.09656827,  0.11906843, -0.17157966,  0.05341488,  0.17068753,  0.06558671, -0.00364083,  0.13531192, -0.04184867,  0.16484194,  0.00332373,  0.32837230,  0.10080167, -0.23204660,  0.00664457,  0.07918051,  0.11091223,  0.22880316, -0.05917826,  0.07221920, -0.10280295, -0.26648979,  0.30511210,  0.07962213,  0.05438004, -0.12856477, -0.23113147,  0.14217031, -0.10951370,  0.01939544, -0.03815932,  0.02847002, -0.01336818,  0.06884165, -0.06611572,  0.20304739, -0.05427101,  0.05717908
  0.13278674,  0.00728036,  0.02665669, -0.07066475,  0.08974254,  0.11548563,  0.19630983, -0.09473631, -0.25684323,  0.06905626, -0.09425107,  0.10628313,  0.18097259, -0.00400123,  0.15096818,  0.10440449, -0.09974400,  0.00360581, -0.09800454,  0.10144194, -0.03968709, -0.08334468, -0.10061165,  0.24497259,  0.01706382, -0.05834124,  0.11496170,  0.27783324,  0.08653804, -0.05197575, -0.09435189,  0.09272576,  0.11633638, -0.28534471,  0.17138538,  0.14669032,  0.16014712,  0.00630480, -0.04742570, -0.08428085,  0.00592006,  0.19571040,  0.24036436, -0.02631431, -0.26951855, -0.18629766,  0.09531630,  0.04736309, -0.08787511, -0.13362577, -0.00596519, -0.01710889,  0.03726321, -0.19030385,  0.13610371, -0.14164212, -0.09240153,  0.02940577, -0.11027118
  0.13547179,  0.00015865,  0.01709996, -0.05192438,  0.04605499,  0.12796495,  0.24479841, -0.05955536, -0.18040094,  0.16028925, -0.10925600, -0.07541041,  0.22184169, -0.00234357,  0.15983766, -0.03738635,  0.06065119, -0.02024884, -0.00756030,  0.04125297, -0.14488524, -0.12431724,  0.04320880, -0.22154158,  0.06883794, -0.03748483, -0.13925755, -0.04436520, -0.05727160, -0.05990182, -0.36302486,  0.02318352, -0.11924636, -0.23948006, -0.11664651, -0.13632235, -0.14217909, -0.09399872,  0.01147848, -0.00255783,  0.17868167, -0.15504320,  0.02882677, -0.23078303,  0.24014001,  0.20366605,  0.01996742, -0.08095173, -0.14277964,  0.13884936,  0.02343622,  0.09485375,  0.11975618,  0.12865958, -0.00140814,  0.12199087,  0.04054579, -0.19385779, -0.03746651
  0.13788615, -0.00683290,  0.01001195, -0.03573567,  0.00516165,  0.13210361,  0.24950565,  0.01402083, -0.10891661,  0.20503543, -0.00120429, -0.26125065,  0.08652486,  0.02105534,  0.03670117, -0.00570865,  0.16171129, -0.01703628, -0.01457280, -0.19251258,  0.16687586, -0.11465694,  0.01496153,  0.18866782,  0.00006392, -0.00376242,  0.11721498, -0.36482328, -0.22427633, -0.02745999, -0.11377047, -0.05997406, -0.04947640,  0.07417330, -0.02151534,  0.18853853,  0.05062281,  0.15281650,  0.02417006,  0.09398288, -0.08081503,  0.13495936, -0.13166965,  0.23451435,  0.01428797,  0.02014185, -0.05421689,  0.34408851,  0.04515569, -0.03361646,  0.00090781, -0.18116691, -0.04773587,  0.16941058,  0.02299895,  0.07476051,  0.01327540,  0.16494534, -0.12004527
  0.14020280, -0.01331510,  0.00444130, -0.02321302, -0.03820755,  0.13435640,  0.21990121,  0.08295012, -0.04935778,  0.20061178,  0.20752260, -0.22904763, -0.08517895,  0.05002067, -0.07902486,  0.01768718,  0.10470625, -0.10883945, -0.07001694,  0.20538031,  0.16159456,  0.02284700, -0.05859202, -0.17696126,  0.15363968, -0.21717791,  0.18465701, -0.10957381, -0.01876790,  0.15117918,  0.21025196, -0.04518059,  0.12883966,  0.04071835,  0.10314180, -0.04250750, -0.11299236, -0.16374462,  0.05744128, -0.16755042, -0.00664697, -0.09164064,  0.09830046, -0.10078634, -0.22060906, -0.11941206, -0.17805230, -0.22849768,  0.05365894,  0.09907289, -0.09568289,  0.21374811, -0.25153092,  0.02075522, -0.11245224,  0.01309828, -0.10146957,  0.01110695, -0.03865632
  0.14259494, -0.01913406, -0.00122545, -0.00779506, -0.09052706,  0.14515042,  0.16959557,  0.10935585,  0.00584681,  0.17660688,  0.30271550,  0.05630634, -0.13781084,  0.02714035, -0.09877008, -0.08519600, -0.02358416, -0.12814689,  0.01289566, -0.05345412, -0.08391568,  0.13915443,  0.12085968,  0.21068641,  0.03964756, -0.34364408, -0.09166647,  0.02480928,  0.23621376, -0.03884706,  0.12488208,  0.08641857, -0.02789412, -0.03896068, -0.05594286, -0.10475295,  0.06907607,  0.19612408, -0.03607334,  0.09307327,  0.12828607,  0.10026621, -0.05409667, -0.05889906,  0.20292199, -0.10692992,  0.34321688, -0.08100029,  0.02063965,  0.00181614, -0.17340754, -0.10811381,  0.19097198,  0.03249447, -0.06079884,  0.04464836,  0.11428593,  0.08921387,  0.21476831
  0.14490559, -0.02443905, -0.00517106,  0.00003979, -0.14777068,  0.12608419,  0.11769976,  0.12397909,  0.04985704,  0.15800601,  0.12374710,  0.27193522, -0.11003986, -0.08585537, -0.11695161,  0.06715062, -0.03470222,  0.03545103, -0.14757481, -0.15728457,  0.13570897,  0.04764859,  0.01809906, -0.22254843, -0.24081850, -0.20394669, -0.20214570,  0.12312784, -0.08142095, -0.12674792, -0.04782955, -0.01438523, -0.16226684,  0.03212552,  0.01039958,  0.06036129,  0.14330151, -0.21780209, -0.05707066, -0.10673026, -0.12141139,  0.02606769,  0.06456719,  0.13786934, -0.01511963,  0.36806977, -0.03670640,  0.03740456,  0.07231412, -0.01280834,  0.12421416, -0.14442055, -0.14281355, -0.27497190, -0.00697857, -0.05972905,  0.04083480, -0.08188053, -0.12752747
  0.14722520, -0.02974774, -0.00998750,  0.01938279, -0.19453280,  0.11533735,  0.05305475,  0.08924385,  0.08386313,  0.06019995, -0.09266015,  0.23723807, -0.05532245, -0.20532072, -0.01709549,  0.11142495,  0.07528245, -0.04051464, -0.08641611,  0.08002273,  0.23108465,  0.16113812,  0.10221477,  0.13749001,  0.05897199,  0.17838052, -0.21932605,  0.14004887, -0.20223167,  0.17353210,  0.03806567, -0.06678356, -0.02705715, -0.00271837, -0.03203418,  0.05747413, -0.22903928,  0.06619633,  0.03299421,  0.06504522,  0.11496471,  0.16151420,  0.10563968, -0.07244292,  0.12561163, -0.20901311, -0.37431214,  0.02787963, -0.15186289, -0.11635984, -0.07345043, -0.01606746,  0.06019351,  0.19004951,  0.07682917, -0.14554257,  0.08207045, -0.14275693,  0.11075787
  0.14939606, -0.03480166, -0.01256970,  0.03136931, -0.23295393,  0.06880520, -0.00213787,  0.05756821,  0.08029959, -0.03487778, -0.22693514,  0.01336370, -0.09796230, -0.14112310,  0.09387253,  0.03642608,  0.05111029, -0.21786756, -0.06542373,  0.06489496, -0.08782826,  0.20740060, -0.04857240, -0.10485599, -0.17456079,  0.19772085,  0.15069695, -0.02506249,  0.17361704,  0.09216523,  0.02328086,  0.02797815, -0.03484445, -0.04282616,  0.08773983,  0.00410203,  0.18912436,  0.04802499,  0.21438177, -0.00534755,  0.09964699, -0.20416419,  0.05854503,  0.10398624, -0.10801182, -0.03546689,  0.11341502,  0.01084923, -0.37175027,  0.13860990,  0.02625011, -0.18298918, -0.01182425,  0.06480700, -0.25507352,  0.18012274,  0.12374628,  0.16360337, -0.19078951
  0.15149996, -0.03950015, -0.01346735,  0.03698528, -0.24407132, -0.02459764, -0.03640083,  0.04070420,  0.03918312, -0.10065224, -0.13797718, -0.16087188, -0.11357393,  0.08450673,  0.10285190,  0.06416041, -0.10563857, -0.08457849, -0.26346796, -0.13194506, -0.10578193,  0.04994183,  0.09484500,  0.08867913,  0.19652990,  0.13526228,  0.05094582,  0.23997413,  0.07112068, -0.15656670, -0.14682471,  0.01081165,  0.00072619, -0.00482433, -0.13306477, -0.00797659, -0.01765557, -0.01573794,  0.04730622, -0.04701770,  0.01920515,  0.12826775, -0.10282249, -0.18552709, -0.08192671,  0.06692235,  0.06347658,  0.15154928,  0.33448759,  0.27675615, -0.13901631,  0.06146209, -0.36998242,  0.08848118,  0.05155278, -0.08311194,  0.15424905,  0.01754585,  0.05164842
  0.15350207, -0.04461638, -0.01440435,  0.05184042, -0.20713625, -0.11283968, -0.07885680,  0.03871095, -0.02533156, -0.12094063,  0.03414467, -0.11112189, -0.05936665,  0.21222098, -0.00193192, -0.11304728,  0.05021583,  0.09639354, -0.29031398,  0.16514968, -0.10876716, -0.18037351, -0.01742674, -0.01114862, -0.18034361,  0.06261972, -0.00067450, -0.03856297, -0.13628535,  0.00057086, -0.26717887,  0.01361511,  0.08951929, -0.00134393,  0.10258165,  0.07140253,  0.08097021,  0.03486811, -0.09266313, -0.07188693, -0.02997106, -0.00437875,  0.08186787,  0.10663968,  0.22649388, -0.02981553, -0.09614558, -0.21442078,  0.10716826, -0.33580645, -0.32758650,  0.03404329,  0.10434322, -0.07875154, -0.29251002, -0.02855037,  0.06702586,  0.09758996,  0.00775043
  0.15526505, -0.05008945, -0.01335716,  0.06214590, -0.13312331, -0.17326235, -0.13973472,  0.06969583, -0.09228159, -0.05474498,  0.03041736, -0.00518448, -0.07267893,  0.13772971, -0.24199445, -0.20891197,  0.25764016,  0.11965716,  0.02307452, -0.13670595,  0.00205431, -0.13332032, -0.04925844, -0.00482941,  0.24636252,  0.01598802,  0.09259020, -0.12084642, -0.06494067,  0.02933953, -0.02626567, -0.08015622,  0.15644143, -0.13282929, -0.07468048, -0.04130962, -0.08160623, -0.14358577,  0.10197599,  0.04510109,  0.15466345,  0.16950874,  0.03590225,  0.10598397, -0.08145439, -0.01003665,  0.06308544, -0.10398299, -0.27813929,  0.21207252,  0.04773203, -0.17417425,  0.07481807, -0.28663325,  0.20767661, -0.15312342,  0.22623851, -0.07255709, -0.01685657
  0.15718068, -0.05471516, -0.01204260,  0.06184956, -0.05979204, -0.16750712, -0.20355691,  0.06004000, -0.11084671,  0.04013760, -0.00556136,  0.03704238, -0.05482454, -0.02158960, -0.34275633,  0.01959437, -0.08526119, -0.10779963,  0.24076089,  0.16606557,  0.11759814, -0.14084111,  0.16644205,  0.03769026, -0.08651928, -0.15411371,  0.11328514, -0.04506089,  0.14922182, -0.00372536, -0.10816317,  0.14283824,  0.09854818, -0.06027821, -0.02106464,  0.05201540, -0.05291726,  0.24207121,  0.06538102, -0.03488358,  0.06264934, -0.25916738,  0.18413425, -0.15444322, -0.06441580,  0.09828401, -0.06558454,  0.33254815,  0.14657492, -0.10306114, -0.03498023, -0.00550520,  0.01134851,  0.07849086,  0.01608562, -0.02273929,  0.07816461, -0.23785722, -0.20800381
  0.15903899, -0.05978955, -0.01173415,  0.06577804,  0.00010132, -0.10976748, -0.26130411, -0.03819799, -0.11132358,  0.04370258,  0.02031621,  0.05495203, -0.01764359, -0.23659438, -0.16003520,  0.05288398, -0.25176829, -0.20009116, -0.00673987, -0.03726720, -0.04727489,  0.00540009, -0.27669319, -0.01064196,  0.16655516, -0.18224443, -0.09002095, -0.06433219, -0.14359711, -0.15221625, -0.02508806, -0.12045435, -0.07218840, -0.17493204,  0.06477373,  0.00043100,  0.20856138, -0.09005017, -0.06880398,  0.07938704, -0.04488859,  0.02731673, -0.39347056, -0.05188576,  0.04598248, -0.09791254, -0.10663203, -0.10688994, -0.09760654, -0.01135375, -0.05723338,  0.14810448,  0.04014827,  0.18859602,  0.00859948, -0.11183762, -0.03549769,  0.14591791, -0.24885223
  0.16096217, -0.06424616, -0.01103167,  0.05578944,  0.02207228, -0.07197416, -0.25008568, -0.16851105, -0.09263530,  0.06983837, -0.01860804,  0.07368532, -0.02048970, -0.25345827,  0.16622592, -0.05188017, -0.24777227,  0.00794623, -0.14374316,  0.02961582, -0.00474495, -0.04006169,  0.32435790, -0.03805529,  0.00565106, -0.09328080,  0.00498859, -0.16497091, -0.15673776,  0.19871501,  0.02973937,  0.11203430, -0.11175422, -0.03279348, -0.11774281,  0.03795719, -0.20092107, -0.04548523, -0.06696697, -0.00888852, -0.20680533,  0.02590479,  0.26137532,  0.22614713, -0.05213812, -0.10101290,  0.15008689, -0.10439571,  0.09507478,  0.20735852, -0.08993807,  0.04119967,  0.06089589, -0.03470324,  0.15454565,  0.23805538,  0.00499769,  0.13677388, -0.00506185
  0.16272873, -0.06922458, -0.01082534,  0.04180085,  0.03520699, -0.07115276, -0.20052825, -0.25675399, -0.06580115,  0.12163140, -0.14673829, -0.00836467, -0.09154029, -0.08043631,  0.25334633, -0.04479315,  0.12550442,  0.17502655, -0.14784117, -0.05457326,  0.05211242, -0.03984030, -0.26445541,  0.09281254, -0.07796010, -0.15859360,  0.00257239, -0.06137023,  0.14177157,  0.01180807,  0.22718640, -0.17180453, -0.13745343,  0.09209814,  0.12215880,  0.10163398, -0.09094479,  0.07104492,  0.20704650,  0.04626322,  0.22001176, -0.01755819, -0.05638841, -0.22054791,  0.00673181,  0.15675573, -0.00123776, -0.11544987,  0.13036276, -0.14451333, -0.12032246, -0.24798688, -0.06742503, -0.04329662,  0.09362915,  0.13640184, -0.11379484, -0.17736488,  0.02688437
  0.16448672, -0.07446047, -0.01253194,  0.03304796,  0.05558858, -0.07884863, -0.12743902, -0.30523614, -0.01557881,  0.13575831, -0.14741716, -0.14632393, -0.13893957,  0.17216524,  0.08176121,  0.05925365,  0.23032744,  0.00244010,  0.09298173,  0.09790965,  0.05242460,  0.02068377,  0.27185777, -0.15476674,  0.17399618, -0.04988314, -0.07374488,  0.16158071, -0.03214685, -0.02356998,  0.12141827,  0.16861916, -0.11312389,  0.10028737,  0.05153406, -0.21227448,  0.26317582,  0.01186998,  0.01975877, -0.14903773, -0.09554612,  0.15651069, -0.00233216,  0.14361475,  0.18541122, -0.06579509,  0.06136234,  0.09334866, -0.09654747,  0.00625297,  0.06713836, -0.04714717,  0.00793639,  0.09011221, -0.12264010, -0.25764146, -0.22549028, -0.12693999, -0.06640234
  0.16646107, -0.07916215, -0.01658168,  0.03425004,  0.07890057, -0.07920110, -0.02956129, -0.33243447,  0.05730298,  0.10915696,  0.03794494, -0.11651657, -0.03202270,  0.28442133, -0.11038096,  0.02480119, -0.03184991, -0.29266085,  0.12525592, -0.02757749, -0.00341168, -0.00863687, -0.09495781,  0.21853972, -0.28281453,  0.02059121, -0.10390020,  0.16566303,  0.07354031,  0.09897754, -0.08882519, -0.16073096, -0.01990335,  0.08704091, -0.19620550,  0.10768720, -0.03753766, -0.12163342, -0.15744865, -0.10525715,  0.15031239,  0.04366677,  0.09529197,  0.05980150, -0.13712808,  0.09176463, -0.19007788, -0.14874658,  0.03250642,  0.13556278,  0.23135084, -0.00003997,  0.14177789,  0.12567880, -0.01704101,  0.03979588,  0.07311962,  0.17018854,  0.10192680
  0.16849755, -0.08332153, -0.02067940,  0.03650288,  0.10329732, -0.08320853,  0.07772764, -0.28906952,  0.14049845,  0.11616337,  0.12646241,  0.05099335,  0.11635882,  0.13627156, -0.19457709, -0.16635234, -0.23979714, -0.10348635, -0.08446912, -0.08468634,  0.10246921,  0.07095033, -0.03512454, -0.31044396,  0.13271610,  0.27359804, -0.08289663, -0.04065049,  0.00088647, -0.12035471, -0.02965827,  0.11970058,  0.11743115,  0.05408980,  0.23648666,  0.00891882, -0.02694661,  0.03124516, -0.05705049,  0.15503263,  0.04277354,  0.00121833,  0.08042967, -0.15180700,  0.08772011, -0.15638643,  0.04894384,  0.11170636, -0.08124841, -0.18098030,  0.05891733, -0.12935628, -0.24075867, -0.08204067,  0.08762378,  0.21211218,  0.02521931,  0.08678315,  0.12130213
  0.17046616, -0.08732566, -0.02428077,  0.03692571,  0.12646756, -0.06130276,  0.13938887, -0.16871249,  0.22699427,  0.15620857,  0.00454145,  0.09391254,  0.13449122, -0.13841907, -0.17444996, -0.18340768, -0.14027255,  0.24323427, -0.09357407,  0.11909166, -0.03519271,  0.11279788,  0.03316789,  0.33616116, -0.08512523,  0.10747856,  0.23335480, -0.01083431, -0.05093388,  0.03780399, -0.03503805, -0.09473644,  0.07538693, -0.08180522, -0.14436963, -0.21722848,  0.03698712, -0.02008181,  0.01166612,  0.00631540, -0.14213699, -0.17308063, -0.15761963,  0.07900423, -0.04088239,  0.19035549,  0.00442067,  0.02818763, -0.15355951,  0.08992545, -0.15916124,  0.02128919, -0.11703249, -0.02997536, -0.14549816, -0.15155416, -0.15842787, -0.14720651,  0.15784622
  0.17220230, -0.09193907, -0.02767913,  0.03987608,  0.13944332,  0.01078602,  0.12058744, -0.04262256,  0.28334205,  0.10469005, -0.10780743, -0.08369959, -0.06630957, -0.29372536, -0.09086625,  0.00714692,  0.10932133,  0.26378051,  0.03195411,  0.02715487, -0.31544187, -0.02067676, -0.16542656, -0.27470422,  0.06403444, -0.06358815, -0.02171077,  0.02503433,  0.10241368, -0.01098652, -0.02569602,  0.10667791,  0.07256100,  0.00338573, -0.08595945,  0.29785169, -0.07326419,  0.06511031,  0.00560903,  0.07484563, -0.04913638,  0.05456417,  0.00221466, -0.00960034, -0.06742084, -0.18727893, -0.07880142,  0.08916224,  0.24511645,  0.09832685,  0.14554490,  0.00053880,  0.23055006, -0.04657970, -0.19027005, -0.15349432,  0.10268387,  0.04480504,  0.04865470
  0.17391129, -0.09633147, -0.03113045,  0.04056223,  0.11528135,  0.09602289,  0.07812679,  0.00509516,  0.28346088, -0.06659864,  0.00713295, -0.17530168, -0.27989926, -0.14635192,  0.07429844,  0.16626681,  0.05603752,  0.02690725,  0.16635849, -0.09665864, -0.06868836, -0.25284796,  0.25220776,  0.22996707,  0.02008514,  0.08966793, -0.08655481, -0.01997852, -0.09075509, -0.07995944,  0.00605621, -0.09100329, -0.04131450, -0.14369239,  0.25993395, -0.13374101, -0.03655044, -0.00107642,  0.01595731, -0.03209005, -0.02161432, -0.20618609, -0.04043330, -0.03299118, -0.05676560,  0.00941141,  0.10118729, -0.18919950, -0.01893131, -0.26056386,  0.19797510,  0.12265963, -0.10615449, -0.08152396,  0.14517819,  0.00784419,  0.20744666,  0.05644987, -0.04663187
  0.17575871, -0.09971826, -0.03449538,  0.03034272,  0.04900337,  0.12460244,  0.07394699,  0.00436950,  0.23153623, -0.20280066,  0.13325154,  0.04905593, -0.24872231,  0.16388162,  0.19172853,  0.08686162, -0.11793989, -0.11825606,  0.08626764,  0.11041758,  0.08699193, -0.25216878, -0.30014230, -0.17073930, -0.08973132,  0.02537090,  0.09890352, -0.00102728, -0.09075000,  0.12254372,  0.06102573,  0.08001029, -0.10954946, -0.03355531, -0.31285365,  0.00004639,  0.00971713,  0.07098740,  0.09864221,  0.15734934,  0.01659720,  0.07802013,  0.01188943, -0.00530451,  0.04644796,  0.07446554,  0.09956865,  0.21333481, -0.15350426, -0.01443978, -0.19243670,  0.20609158,  0.04217802, -0.10996342,  0.17950872, -0.06042040, -0.14979316,  0.01017185,  0.00922795
  0.17769572, -0.10272226, -0.03911450,  0.02076277, -0.02295095,  0.09524284,  0.09573628,  0.02017217,  0.16640454, -0.22402018,  0.00512269,  0.31887222,  0.03783985,  0.31031312,  0.11269182, -0.07774428, -0.12831420,  0.05108479,  0.09814401,  0.01562074, -0.01585080,  0.00881860,  0.07666572,  0.12189986,  0.36039024, -0.01141529,  0.03356290, -0.15359761,  0.12135617,  0.02436440,  0.01026187, -0.07930042, -0.12832635,  0.07372392,  0.24877795,  0.20654050,  0.05664891, -0.05324847, -0.02261057, -0.21497023, -0.15817990,  0.00140592, -0.09220475, -0.03302708, -0.02404210,  0.06374691, -0.15924669,  0.02429639,  0.03773727,  0.14910866, -0.00771538, -0.00192269,  0.24978859,  0.02641975, -0.08667372,  0.20461856,  0.00871145, -0.15969912, -0.08959636
  0.17956601, -0.10584889, -0.04443834,  0.01626078, -0.06819880,  0.03683219,  0.10079522,  0.08534011,  0.10656384, -0.18060101, -0.25239737,  0.21647881,  0.31138524,  0.14324926, -0.10949953,  0.01913122,  0.01383272,  0.08762796,  0.03171569,  0.08369750, -0.15054824, -0.10035790, -0.04945823, -0.03567163, -0.24928444, -0.17691070,  0.09217563, -0.08381247, -0.09393181, -0.10676214,  0.20276533,  0.02469871, -0.04555605,  0.14424036, -0.02792200, -0.30174831, -0.17878558, -0.06175604, -0.13120287, -0.03465759,  0.15080898,  0.13305588, -0.02412439,  0.06201916,  0.00295259, -0.21242902,  0.13058591, -0.04728729,  0.12095148, -0.04743764,  0.09041846, -0.06374581, -0.16325073,  0.21424372,  0.07768294, -0.01464288,  0.04436494,  0.03213240, -0.18471161
  0.18134306, -0.10956523, -0.05117114,  0.03402164, -0.07104566,  0.00324945,  0.06591224,  0.13101431,  0.03559252, -0.22728112, -0.21899337, -0.15697293,  0.34007962, -0.15324750, -0.12282922,  0.01398883,  0.08211782, -0.03431125,  0.09206326, -0.19594918,  0.09791418, -0.07847915,  0.02077986, -0.03082518,  0.21272505, -0.08259304, -0.15612674,  0.12108218,  0.10527287,  0.17661432,  0.05172634, -0.00160939,  0.05303186,  0.18897025, -0.07681634,  0.03733960,  0.23853363,  0.13166592, -0.15117206,  0.13032010, -0.05576635, -0.17105123,  0.17276497, -0.02434065, -0.01347217,  0.21374057, -0.03708152, -0.18626973, -0.02803617, -0.02297003, -0.15222855, -0.02367864, -0.00879145, -0.03519075,  0.12677221, -0.01532908, -0.21586237,  0.18335125,  0.09654691
  0.18307365, -0.11245670, -0.05531129,  0.04161586, -0.06564948, -0.03279389,  0.01756472,  0.18238492, -0.05606115, -0.19310090,  0.02135096, -0.34415550,  0.13209365, -0.18530347,  0.10080639, -0.13077444, -0.12720234, -0.13225707,  0.15460800,  0.16874294,  0.20626081, -0.00095916,  0.09459996,  0.03057111, -0.26542236,  0.04519165, -0.04957073,  0.04411978,  0.11790350, -0.15429587,  0.02599245, -0.01956163,  0.09046275, -0.02442829,  0.08427404,  0.02843869, -0.03742203, -0.31604936,  0.09905891,  0.06081571, -0.07264109,  0.14485823, -0.19718386, -0.00170119,  0.13140780, -0.16457484, -0.02381679,  0.05786515,  0.06685323,  0.09273310,  0.08484012, -0.10743224,  0.12106608, -0.19193038, -0.00847338,  0.09061043, -0.15428016, -0.19837403,  0.13388668
  0.18481400, -0.11490420, -0.05871619,  0.04539711, -0.05916270, -0.04049966, -0.06117599,  0.20714152, -0.13317124, -0.05015148,  0.20962709, -0.16923408, -0.01091570,  0.02739585,  0.26009306, -0.19062305, -0.19818531,  0.13434899,  0.14333080, -0.13548774,  0.00319955,  0.28179647, -0.28920560, -0.04395596,  0.07805455,  0.05305878, -0.02859839,  0.08721828, -0.12486970, -0.01433848, -0.03112094,  0.06849900,  0.00087529, -0.04343255, -0.03726567, -0.12121737, -0.15589262,  0.28290115, -0.07036459, -0.15907832, -0.10248956, -0.04018790,  0.12710249,  0.13764295, -0.13725394,  0.07582419,  0.05996973, -0.09233365, -0.01437273, -0.14220690,  0.24318495, -0.08838431, -0.01016313,  0.20039032, -0.06051352, -0.09781767, -0.00111084, -0.14206651,  0.00983851
  0.18656858, -0.11695656, -0.06160275,  0.04405535, -0.06089219, -0.02827391, -0.13958036,  0.17132870, -0.15733427,  0.11275132,  0.20382824,  0.10849921,  0.06821662,  0.16224594,  0.16292913,  0.12523637,  0.00074714,  0.33855128,  0.06145520,  0.03404180, -0.08986404,  0.20490064,  0.23280530, -0.01567007, -0.10955261,  0.13052274, -0.01590186, -0.18955567,  0.05093002,  0.07844155, -0.02706754, -0.06061145, -0.01620154,  0.03158330, -0.02235242,  0.09594410,  0.17402036, -0.11852797,  0.02084992,  0.14525822,  0.26672958, -0.13422435, -0.03252455, -0.17518414,  0.00113809, -0.05057634, -0.03220470,  0.09036424,  0.03313248,  0.01535949,  0.16520233,  0.17072921, -0.03198217, -0.04253100,  0.08162755, -0.17344518, -0.18857128,  0.28781167,  0.02758688
  0.18816028, -0.11965848, -0.06485504,  0.04965981, -0.06346333,  0.00068981, -0.20651110,  0.06938616, -0.13991061,  0.16607902,  0.06336895,  0.17942377,  0.15982196, -0.00132681, -0.02455197,  0.23943696,  0.43327899, -0.13958064, -0.04736866, -0.09209357, -0.07947153, -0.01056411, -0.13027432,  0.01533351, -0.02051297,  0.14775828,  0.09993018,  0.11152886,  0.04175008, -0.08461573,  0.05808922,  0.03697721,  0.09488058,  0.03770867,  0.02628356, -0.06016831, -0.15108773,  0.03258284, -0.08726396, -0.00371268, -0.29577143,  0.00641985, -0.14136449,  0.02942824, -0.03381857,  0.04984169,  0.10660515,  0.10985716, -0.02164251, -0.07934801,  0.04505973,  0.31339256,  0.07799302, -0.07335589, -0.03998176,  0.28348595, -0.00388676, -0.06712001,  0.19681102
