  0.20135019,  0.21429886,  0.22587021,  0.23572258,  0.24380715,  0.24964823,  0.25283341,  0.25344653,  0.25181653,  0.24792050,  0.24191056,  0.23412744,  0.22477190,  0.21395875,  0.20205530,  0.18945689,  0.17620650,  0.16236648,  0.14805889,  0.13325571,  0.11801409,  0.10256343,  0.08722259,  0.07235318,  0.05830125,  0.04581817,  0.03502500,  0.02569852,  0.01782749,  0.01140751,  0.00578870,  0.00025392, -0.00457536, -0.00822647, -0.01117893, -0.01358128, -0.01542496, -0.01680965, -0.01775192, -0.01818006, -0.01824090, -0.01801833, -0.01715499, -0.01551770, -0.01422096, -0.01328969, -0.01212876, -0.01079040, -0.00930233, -0.00774473
 -0.35750410, -0.32415502, -0.28548347, -0.24280361, -0.19642478, -0.14882253, -0.10297110, -0.05967834, -0.01824748,  0.02045821,  0.05551927,  0.08710548,  0.11520521,  0.13933879,  0.16025658,  0.17905113,  0.19498830,  0.20737800,  0.21582212,  0.21925155,  0.21689653,  0.20883636,  0.19576821,  0.17882212,  0.15934289,  0.14076877,  0.12403675,  0.10910841,  0.09681352,  0.08785152,  0.07920261,  0.06767844,  0.05599718,  0.04661087,  0.03780641,  0.02894376,  0.02024075,  0.01198700,  0.00404473, -0.00306795, -0.00960694, -0.01564061, -0.01922742, -0.01933857, -0.02073706, -0.02368123, -0.02549574, -0.02622806, -0.02588223, -0.02459339
 -0.40099209, -0.28789667, -0.18328142, -0.08968288, -0.01525496,  0.04495516,  0.09788788,  0.14240641,  0.17268122,  0.19163944,  0.19909487,  0.19257970,  0.17379301,  0.14751011,  0.11293272,  0.06586497,  0.00886113, -0.05417564, -0.11888947, -0.17600655, -0.21791284, -0.24084722, -0.24297925, -0.22526338, -0.19136222, -0.15888415, -0.13255862, -0.10904832, -0.09318161, -0.09245373, -0.09702433, -0.08759602, -0.07643131, -0.07683418, -0.08009257, -0.08385859, -0.08785947, -0.08870506, -0.08644104, -0.08253649, -0.07363817, -0.05789485, -0.04606109, -0.04760518, -0.03811620, -0.01409601,  0.01102694,  0.03658327,  0.05983418,  0.07924604
 -0.13600332, -0.14836016, -0.11977144, -0.05386034,  0.04015951,  0.14003943,  0.22578076,  0.27867602,  0.28018032,  0.21795740,  0.11042014, -0.01751068, -0.14630164, -0.25288141, -0.31463449, -0.32164670, -0.27547902, -0.18799589, -0.07706785,  0.03425141,  0.12440194,  0.17895486,  0.19438891,  0.17629805,  0.13469758,  0.09083687,  0.06179208,  0.04602833,  0.03921838,  0.03732876,  0.04040427,  0.03632180,  0.03140114,  0.02987343,  0.02282933,  0.01023587, -0.00629996, -0.03399998, -0.05879629, -0.07034949, -0.06849989, -0.05288188, -0.01905503,  0.02896446,  0.06922853,  0.09636230,  0.11594020,  0.12696045,  0.12724309,  0.11189412
 -0.27894737, -0.13590516,  0.02054687,  0.15644175,  0.23460091,  0.24610695,  0.19737382,  0.09675741, -0.03936408, -0.17194572, -0.26637335, -0.30348131, -0.27352616, -0.17747267, -0.03945909,  0.10024769,  0.20990487,  0.26695112,  0.26115725,  0.20224388,  0.11026210,  0.00938101, -0.07487849, -0.12390833, -0.13097660, -0.11728226, -0.09201381, -0.05807196, -0.03091246, -0.02679757, -0.03352730, -0.02722509, -0.02615665, -0.04758877, -0.07544617, -0.10081142, -0.11713592, -0.11472208, -0.09062534, -0.05117035,  0.00071511,  0.05869971,  0.09804899,  0.09730137,  0.08865595,  0.08057814,  0.06009524,  0.03260836,  0.00115067, -0.02848454
  0.16861394,  0.02491680, -0.09770055, -0.16508298, -0.17518791, -0.12879474, -0.02871804,  0.08921180,  0.16554400,  0.17122445,  0.11725300,  0.03121769, -0.04852803, -0.08517720, -0.07203350, -0.02386633,  0.04986044,  0.12776761,  0.17917449,  0.18465317,  0.13940652,  0.05092350, -0.06029377, -0.16098697, -0.21672727, -0.23328731, -0.22046572, -0.19148233, -0.16612558, -0.16051650, -0.13673975, -0.04899829,  0.07098585,  0.16486805,  0.22016905,  0.24178977,  0.23670418,  0.21028291,  0.18089840,  0.15660203,  0.14464710,  0.14377409,  0.12929956,  0.08932293,  0.07363437,  0.08767195,  0.09352860,  0.07890139,  0.04805688,  0.01492621
 -0.07593948,  0.03503843,  0.08361178,  0.06714152,  0.00496268, -0.07025318, -0.13262079, -0.15636033, -0.12452162, -0.04530169,  0.04188775,  0.10139343,  0.11557647,  0.08533373,  0.03308284, -0.01398671, -0.04553996, -0.05329646, -0.02750639,  0.03122526,  0.10330685,  0.16186428,  0.18652130,  0.16633689,  0.10584482,  0.02758038, -0.05218072, -0.11734640, -0.16314148, -0.19665923, -0.24631627, -0.29983750, -0.32015713, -0.28969055, -0.22196545, -0.14306141, -0.07348551, -0.01124118,  0.03631892,  0.07368729,  0.10356426,  0.12871220,  0.15251119,  0.16676741,  0.16100067,  0.15362670,  0.16432748,  0.18728361,  0.19988391,  0.18530859
 -0.21037064, -0.09505556,  0.03442020,  0.12447677,  0.16092227,  0.13718893,  0.07600603,  0.01204196, -0.03397148, -0.06990921, -0.05989773,  0.00310368,  0.07406045,  0.11822841,  0.12908314,  0.09773480,  0.02131833, -0.08216730, -0.16679144, -0.19604000, -0.16392863, -0.09156076, -0.00903909,  0.04713360,  0.04232193,  0.01774734,  0.03436057,  0.08554111,  0.14511898,  0.19702218,  0.23221485,  0.19312619,  0.12189510,  0.08871767,  0.09494322,  0.13310116,  0.18382236,  0.19644219,  0.20030481,  0.21990415,  0.23461129,  0.22685038,  0.22206198,  0.23685614,  0.20968816,  0.14279138,  0.09952903,  0.10450079,  0.13952083,  0.15642627
 -0.07178605,  0.01053111,  0.10562499,  0.11329997,  0.01322319, -0.10235781, -0.13735824, -0.06184213,  0.07052185,  0.15573122,  0.09538790, -0.07236143, -0.19560505, -0.15950046,  0.01106446,  0.17021639,  0.17452125,  0.02236326, -0.14466192, -0.17235404, -0.03755286,  0.14021733,  0.20672846,  0.10179784, -0.09000826, -0.22419485, -0.18674482,  0.01695141,  0.21891876,  0.23372179,  0.04050985, -0.16782731, -0.22172833, -0.08636686,  0.13117534,  0.23965490,  0.14804632, -0.05030433, -0.20878346, -0.20740705, -0.05068609,  0.12097358,  0.14258018, -0.01661880, -0.19739192, -0.24356013, -0.13047496,  0.04289417,  0.12963722,  0.07287444
 -0.04149693,  0.06214104,  0.05783781, -0.02801296, -0.08497536, -0.05303546,  0.04348122,  0.12114581,  0.09806894, -0.04253837, -0.17865002, -0.17178788, -0.01232231,  0.17791590,  0.24208863,  0.10975067, -0.11755884, -0.24730624, -0.17213650,  0.03229809,  0.18929218,  0.17464122,  0.01288868, -0.15296755, -0.18850220, -0.05191614,  0.16484862,  0.27003036,  0.15846095, -0.07562515, -0.20906421, -0.15433762,  0.03145870,  0.19486906,  0.18308954,  0.00569740, -0.17354767, -0.21946075, -0.08445924,  0.12276144,  0.22194157,  0.12636694, -0.06725921, -0.17508034, -0.12121816,  0.03674415,  0.17062726,  0.16996735,  0.04831055, -0.07974336
 -0.23055722, -0.02895310,  0.17836983,  0.25788413,  0.16552724, -0.00562026, -0.16086540, -0.24483944, -0.20668831, -0.02182997,  0.19097487,  0.27442141,  0.18216080, -0.00581362, -0.17360581, -0.24931581, -0.20546752, -0.05710576,  0.12744821,  0.25140820,  0.23504544,  0.08272957, -0.10941656, -0.22994271, -0.22500424, -0.15087773, -0.04167671,  0.09486602,  0.19118068,  0.18043601,  0.09846590,  0.05159919,  0.03364819,  0.01526889,  0.01661986,  0.01507442,  0.00883800,  0.02821496,  0.03844674,  0.00275823, -0.03944779, -0.03971499, -0.03256773, -0.07431572, -0.07652301, -0.01087552,  0.06117295,  0.08529272,  0.02537991, -0.07003259
 -0.08204819,  0.13590479,  0.16945910,  0.01692165, -0.15530847, -0.21434533, -0.16334984, -0.03035005,  0.15542579,  0.27575819,  0.20829839,  0.00562613, -0.16904902, -0.20762968, -0.11006782,  0.03595035,  0.13029497,  0.15292789,  0.11226865,  0.00446763, -0.13860359, -0.23763360, -0.22562479, -0.10312126,  0.05910438,  0.20791981,  0.28872809,  0.26575403,  0.15944434,  0.06476596,  0.00037892, -0.07830088, -0.12407658, -0.07233556, -0.00910381, -0.03569568, -0.10503015, -0.10201707, -0.03165277,  0.04983582,  0.08671591,  0.06713733,  0.05714164,  0.11852604,  0.18170397,  0.19360552,  0.14981168,  0.03582633, -0.08907131, -0.11971417
 -0.13298121, -0.00439274,  0.21040379,  0.16685005, -0.12432543, -0.24590634, -0.01693602,  0.23121853,  0.16151380, -0.10060464, -0.19217228, -0.04777262,  0.06548675,  0.01679082, -0.03724437, -0.00871824,  0.00264199, -0.02557603,  0.02465703,  0.12000810,  0.06250145, -0.12529906, -0.15320568,  0.05926269,  0.18977717,  0.01413804, -0.15880184, -0.00870187,  0.21757235,  0.10410530, -0.19218113, -0.22448568,  0.00974161,  0.15906223,  0.06315076, -0.09639641, -0.06232452,  0.13310344,  0.24480120,  0.11670385, -0.14086896, -0.25147477, -0.09336848,  0.11780121,  0.09312504, -0.15795887, -0.27716299, -0.05986692,  0.20346030,  0.18670721
  0.06500156, -0.16917225, -0.10987847,  0.20174700,  0.25423727, -0.07127580, -0.26784127, -0.04938609,  0.19821668,  0.10554338, -0.11694738, -0.12141899,  0.02790647,  0.05449659, -0.03973910, -0.03495312,  0.05519063,  0.02856238, -0.06937426, -0.02278588,  0.12001112,  0.10590556, -0.08080385, -0.16040164,  0.01285959,  0.17990708,  0.05412234, -0.17870674, -0.14576727,  0.07651292,  0.12383282, -0.02902764, -0.14694468, -0.10101504,  0.07338906,  0.19842151,  0.08266853, -0.13608918, -0.10183665,  0.16983651,  0.23432504, -0.07207307, -0.33751646, -0.18477399,  0.14817138,  0.16501608, -0.12553687, -0.22106743,  0.02946829,  0.20825897
  0.01365464, -0.03666935, -0.01774885,  0.01089982, -0.00775479,  0.00300698,  0.02312438, -0.02864842, -0.05819999,  0.06654011,  0.10867568, -0.03872734, -0.08398956,  0.05724929,  0.10725368,  0.00384038, -0.06305564, -0.05164959, -0.06431388, -0.05754565,  0.03815910,  0.10452961,  0.02383976, -0.05402327,  0.05607535,  0.11791360, -0.13533725, -0.35337545, -0.11552114,  0.29235702,  0.21698472, -0.14968239, -0.18253962,  0.15728568,  0.30698628, -0.04490807, -0.40246984, -0.15933831,  0.23257456,  0.12912277, -0.16567906, -0.07351309,  0.18729280,  0.13305899, -0.02372514,  0.03610443,  0.12210534, -0.02143091, -0.22875803, -0.16576355
 -0.02345502, -0.01825740,  0.09541340,  0.06454465, -0.08194060, -0.10333357,  0.06337163,  0.11433335, -0.08144711, -0.18530953,  0.03768557,  0.17505788, -0.03126763, -0.15119885,  0.04851422,  0.15193230, -0.00988186, -0.08962769,  0.03285193,  0.07027039, -0.04122342, -0.06754835,  0.03604415,  0.07079718, -0.01303466, -0.04582163,  0.03434609, -0.00733337, -0.18309465, -0.17297498,  0.14640928,  0.23267443, -0.05980291, -0.17113824,  0.13578007,  0.31442775,  0.00137079, -0.33162228, -0.09005596,  0.23308475,  0.02082719, -0.31373906, -0.13663533,  0.19983060,  0.09123221, -0.17714325, -0.03117068,  0.27811326,  0.17161387, -0.17969595
  0.10538198,  0.00659593,  0.01150108,  0.05020396, -0.03473090, -0.13780636, -0.09415733,  0.00666983, -0.01681334, -0.10636982, -0.07288710,  0.11628675,  0.20152329,  0.03808745, -0.07323592,  0.06874284,  0.13723300, -0.04412062, -0.16283040, -0.03318228,  0.10427863,  0.05048278, -0.06039168, -0.03053846,  0.06705170,  0.01281313, -0.14856096, -0.11764476,  0.04720110,  0.04081951, -0.06880849,  0.04582543,  0.25213095,  0.23355316,  0.08203371,  0.02996145, -0.00335077, -0.16081828, -0.38690886, -0.40155441, -0.16652343,  0.01316102,  0.04961769,  0.18415984,  0.35894241,  0.29101652,  0.08290712,  0.02478428,  0.04647062, -0.08241054
  0.06715821, -0.11141575, -0.07209109,  0.01738879, -0.04302974, -0.06369755,  0.08497257,  0.15512958,  0.00788995, -0.07436734,  0.07113784,  0.20924338,  0.06614095, -0.19810739, -0.18266077,  0.06269057,  0.08079046, -0.14164486, -0.17496840,  0.05826217,  0.19094849,  0.05115945, -0.11984859, -0.06763928,  0.09925448,  0.07126668, -0.10152857, -0.08617524,  0.05852983,  0.04985232, -0.02339150,  0.05790407,  0.08089344, -0.08990956, -0.19641362, -0.14244451, -0.11838542, -0.13176704, -0.05628192,  0.15926406,  0.36503752,  0.35926986,  0.19016656,  0.05933468, -0.04493049, -0.22420403, -0.29616823, -0.16768033, -0.09997192, -0.17437761
  0.05271379,  0.03179123, -0.05157728, -0.00777058,  0.01555064, -0.10081462, -0.09977547,  0.10236290,  0.15805552, -0.06421567, -0.17779009,  0.02684659,  0.24304866,  0.12629624, -0.20885187, -0.28672014,  0.06625416,  0.32924787,  0.08073684, -0.27348075, -0.15387164,  0.22030603,  0.20751664, -0.17029275, -0.28388600,  0.00782422,  0.22739664,  0.10006479, -0.05847588, -0.03367741,  0.05849370,  0.05000079,  0.01122872,  0.03013098,  0.02724622, -0.07907754, -0.16977579, -0.12443025,  0.03475676,  0.04895039, -0.05855329,  0.01077422,  0.20932128,  0.19659889, -0.00958147, -0.16940609, -0.14114087,  0.02983692,  0.13080954,  0.02175716
  0.02455095, -0.03212169, -0.01612472,  0.02510999,  0.00333412, -0.00792730,  0.07543596,  0.09172125, -0.06019186, -0.16412135, -0.01618566,  0.14201111,  0.01587024, -0.22241319, -0.17037468,  0.17791421,  0.35383788,  0.07200771, -0.27967067, -0.19734586,  0.15331178,  0.19486088, -0.11292352, -0.23047447,  0.01786473,  0.22413346,  0.13215660, -0.03897289, -0.04599202,  0.00933792,  0.00397963, -0.06262798, -0.05807583, -0.01021940, -0.04049460, -0.04885167,  0.10636666,  0.26450334,  0.21309335, -0.02039600, -0.14935236, -0.11047080, -0.11068782, -0.18015771, -0.16464133,  0.01316128,  0.22571803,  0.25763794,  0.09417318, -0.06355477
  0.08073150, -0.03297958, -0.09367011, -0.05562657,  0.01537982,  0.08244963,  0.09612549,  0.01208898, -0.10332694, -0.11827284, -0.01140843,  0.14742228,  0.16052374, -0.06634879, -0.23606067, -0.08902807,  0.14603282,  0.20934289,  0.09349703, -0.12189296, -0.25298495, -0.10617655,  0.17059662,  0.24129667,  0.04935964, -0.18178080, -0.22981018,  0.00198315,  0.23883705,  0.15583121, -0.12128379, -0.18233959, -0.02750110,  0.08412875,  0.08807260,  0.01259819, -0.12212147, -0.13305561,  0.01480055,  0.20115557,  0.23671886, -0.00042706, -0.28666360, -0.24261549,  0.03208131,  0.16951109,  0.13355632,  0.07136354, -0.01844484, -0.12516483
 -0.03045677, -0.10428096, -0.03363367,  0.09289015,  0.12342394,  0.06741479, -0.04184855, -0.14057980, -0.09224477,  0.11568817,  0.20532902,  0.04534132, -0.16044660, -0.16804226,  0.01959596,  0.16796134,  0.09555139, -0.08595704, -0.18116182, -0.14041483,  0.00750455,  0.19721121,  0.23093551,  0.00754471, -0.21235711, -0.16765590,  0.05383539,  0.18348688,  0.04875267, -0.19319842, -0.24910666, -0.00924682,  0.16964954,  0.09115205, -0.02815051, -0.07381565, -0.07877511,  0.04047984,  0.18408691,  0.15359580, -0.07485134, -0.23422217, -0.10402439,  0.16545075,  0.26461707,  0.08050151, -0.17192754, -0.25694091, -0.18778052, -0.02834348
  0.03099681, -0.03025828, -0.00167748, -0.00060367, -0.05714586,  0.06386455,  0.04751469, -0.13906673,  0.04213293,  0.20699513, -0.13882571, -0.16755212,  0.17978884,  0.00186320, -0.14926940,  0.19692941,  0.04891758, -0.28206285,  0.10262707,  0.22162152, -0.22914275, -0.05676236,  0.25193473, -0.13979013, -0.18487436,  0.23911301,  0.02793672, -0.20515582,  0.12352965,  0.11605399, -0.15262025,  0.06943853,  0.11360113, -0.21480012, -0.05657723,  0.14925185, -0.11048128,  0.01264182,  0.22239418, -0.10101607, -0.12448331,  0.14342723, -0.05485440, -0.11087339,  0.14923757, -0.02211114, -0.13483199,  0.17268350,  0.09761895, -0.15557500
 -0.00751750, -0.04323278,  0.00227755, -0.01895661,  0.05164042,  0.08392466, -0.09431762, -0.02085940,  0.15989894, -0.07327974, -0.15511064,  0.16744015,  0.04657691, -0.18909159,  0.13443159,  0.12340249, -0.28604579,  0.00001251,  0.26704199, -0.18390972, -0.15781902,  0.27084737, -0.02718897, -0.23226488,  0.19687304,  0.12080300, -0.23290258,  0.06620784,  0.17417574, -0.15727809, -0.07537484,  0.10210696, -0.15502883, -0.08497389,  0.19347827, -0.02287659, -0.07038615,  0.21650154, -0.03415755, -0.18007035,  0.13828586,  0.03413480, -0.15080095,  0.13102033,  0.08399089, -0.14548421,  0.06432827,  0.05620166, -0.22451294, -0.02436140
 -0.17458162,  0.08074134,  0.29584428, -0.09463742, -0.16458298,  0.17447664, -0.02722869, -0.26614498,  0.10122385,  0.20658050, -0.16072308, -0.05704318,  0.21802772, -0.07878752, -0.26213846,  0.09530461,  0.21188856, -0.05392495, -0.13389498,  0.03671188,  0.09892290, -0.03044419, -0.03129672,  0.14255126,  0.06467074, -0.15703921, -0.06848410,  0.05877190, -0.21872333, -0.20782133,  0.19195317,  0.21146057, -0.04237449,  0.09747241,  0.21990319, -0.11876312, -0.25829738,  0.04501751,  0.02357309, -0.05230307,  0.11668529,  0.04440744, -0.09911835, -0.02407686, -0.06722667, -0.06354388,  0.02787955, -0.04578729, -0.01494060,  0.17819947
  0.08261768, -0.23796587,  0.07983263,  0.19114966, -0.17136975, -0.05513186,  0.24194305, -0.06930977, -0.19308290,  0.19120981,  0.10517839, -0.28632587, -0.01282748,  0.31161880, -0.05643934, -0.26259319,  0.08623041,  0.18778354, -0.10967290, -0.15904147,  0.11163338,  0.10671705, -0.16029347, -0.05284998,  0.20219844,  0.03182008, -0.17695216,  0.08459911,  0.16737921, -0.19195858, -0.14324089,  0.17096007,  0.01971407, -0.20844796,  0.02566205,  0.20662932, -0.02211734, -0.06101500,  0.08322954, -0.01533218, -0.03360766,  0.03740919, -0.04204323,  0.03785561,  0.03161369, -0.08731443,  0.03602604,  0.08046547, -0.09366022, -0.06921344
 -0.09801206, -0.08268171, -0.04368741,  0.00968905,  0.13669043,  0.12155947,  0.01176964,  0.04989734,  0.10178756, -0.09614379, -0.21328666,  0.04490602,  0.25214420,  0.04425791, -0.17054551, -0.06463364,  0.03502220, -0.11279027, -0.11118458,  0.10095636,  0.04739542, -0.15163951, -0.03157869,  0.12952543,  0.02984358, -0.02482373,  0.15797212,  0.15073072, -0.02727379, -0.13281769, -0.12205779, -0.22814455, -0.28601091, -0.08874265,  0.19658375,  0.28727932,  0.22033205,  0.05537240,  0.03241188, -0.02536716, -0.13984599, -0.00817090,  0.20679190,  0.07869953, -0.03419817,  0.03735299, -0.00615944, -0.18669900, -0.31771099, -0.30722177
 -0.13353445, -0.17865854,  0.20602222,  0.33503274, -0.10224029, -0.20322023,  0.18443026,  0.10516551, -0.18992611, -0.14329523,  0.14776936,  0.11115521, -0.06617838, -0.06382569, -0.01677644, -0.02601498, -0.04115901, -0.00154246,  0.12877374, -0.00948286, -0.21192411, -0.02270849,  0.16311869,  0.03075509, -0.04062184,  0.17559345,  0.19189707, -0.10284205, -0.20360214, -0.21035530, -0.03740346, -0.06561723,  0.00048429,  0.24119334,  0.22290996,  0.04750625,  0.02280030, -0.00131920,  0.01431746, -0.17602831,  0.01504963,  0.31185643, -0.04792840, -0.20873236, -0.02259538,  0.00853920, -0.05865692, -0.13895559, -0.06966892,  0.15004965
 -0.37514053,  0.19014634,  0.29707725, -0.15270223, -0.05671451,  0.20340289,  0.02768690, -0.11794988, -0.02734103,  0.09977016,  0.01967891, -0.06586081, -0.00942974,  0.03800398,  0.00700676, -0.11045884, -0.06477960,  0.11532780, -0.01055612, -0.17683103, -0.02436668,  0.12392871,  0.04677220, -0.07274293,  0.08941782,  0.22211987, -0.00476729, -0.24420825, -0.11794199,  0.02900351, -0.14488983, -0.16097520,  0.16327935,  0.16265842, -0.05746220,  0.04003070,  0.25986376,  0.02222696, -0.18959868,  0.12240137,  0.17694142, -0.13190683, -0.01724383,  0.01118150, -0.00792727, -0.04162535, -0.17077335,  0.00404702,  0.05660879, -0.33439239
  0.24620474, -0.37184740,  0.12964832,  0.08704259, -0.27628743,  0.06001662,  0.14126883,  0.01233830, -0.05442544,  0.03280990, -0.00095523, -0.08528907,  0.06070915,  0.05936370, -0.03613724,  0.06852385, -0.05301370, -0.07128247,  0.06997445,  0.01578544, -0.00931004, -0.00444642,  0.05745150, -0.03165471, -0.15952752, -0.07734822,  0.13696853,  0.02677349, -0.06193431,  0.19684353,  0.12182742, -0.16240743, -0.10494794, -0.03883205, -0.04693336, -0.10664563, -0.00530067,  0.27030800, -0.13193492, -0.17430684,  0.31632913, -0.23270459, -0.09173880,  0.27829099, -0.07769053,  0.04889702,  0.10020701, -0.18131552,  0.17523861, -0.17575130
  0.04061067, -0.04394617,  0.19906523, -0.09333256, -0.31587358,  0.18637915,  0.13643875, -0.11165465,  0.07587260, -0.13254996, -0.08741939,  0.17297935,  0.01986537, -0.08311574, -0.01596040,  0.05229373,  0.00618856, -0.03960107,  0.09363831, -0.03361586, -0.04036186,  0.13563168, -0.03861116, -0.12317504, -0.03037616,  0.05044656,  0.03944058, -0.10299676,  0.17555171,  0.11016997, -0.16272648,  0.07980967,  0.06375019, -0.14990034, -0.04243860,  0.15776402,  0.10012883, -0.26398592, -0.03903728,  0.19323740, -0.14871786, -0.09201468,  0.16693833,  0.01353693, -0.18176265,  0.16415493,  0.17703355, -0.32520779, -0.04928572,  0.37645795
 -0.01490696,  0.06279603, -0.07709588,  0.01331673, -0.06521035,  0.17373772, -0.06065857, -0.09965691,  0.11634346, -0.08710500,  0.04335113,  0.02214841, -0.04129592,  0.02128609,  0.00545151, -0.03047624,  0.03431990, -0.04951606,  0.07563255, -0.09248708,  0.08845480, -0.01183005, -0.06459133,  0.00774210,  0.05361901, -0.07373212,  0.08914477, -0.04794152,  0.04359758, -0.07237616,  0.15913186, -0.25211284,  0.10995385,  0.07536174, -0.12923581,  0.05951400,  0.16318249, -0.36823019,  0.41889158, -0.30500423,  0.09297751,  0.10036065, -0.17827086,  0.08845859,  0.17690486, -0.33624527,  0.24592202, -0.15744518,  0.10820368, -0.04460483
 -0.00058107, -0.03113826,  0.14688285, -0.22790465,  0.09213079,  0.12602934, -0.21474274,  0.18727326, -0.04115259, -0.16717957,  0.21483362, -0.06820424, -0.04604635,  0.03695791, -0.02486948,  0.06015308, -0.07570866,  0.04264885,  0.03775431, -0.12298311,  0.12675140, -0.05536704, -0.03167174,  0.05540948, -0.05630964,  0.08875804, -0.04945964, -0.06891072,  0.23019604, -0.24848874,  0.03339262,  0.16039237, -0.10757401, -0.10390464,  0.15628769,  0.03927007, -0.14228665, -0.01516239,  0.19367421, -0.16563354,  0.03911160, -0.00711986,  0.10632885, -0.12156893, -0.09315470,  0.29882764, -0.15551957, -0.23224760,  0.39424726, -0.17806397
 -0.09095402, -0.00605477, -0.00086286,  0.13640395,  0.18352399, -0.08817590, -0.24962764,  0.06271987,  0.11074415, -0.03349795,  0.01786319, -0.00521866, -0.03126168, -0.01093708, -0.00890217, -0.02074607,  0.01709865,  0.06081841, -0.05603745,  0.01057268, -0.02460196, -0.12285354,  0.04621888,  0.15554777,  0.02159402,  0.07660666,  0.01841055, -0.11511088, -0.09551188,  0.02804942, -0.25040088,  0.02356184,  0.42258286, -0.11219770, -0.04960805,  0.26244446, -0.27819407,  0.09298083,  0.05467174, -0.13270174,  0.20286790, -0.09698808, -0.00973441,  0.20396325, -0.41403135, -0.02669701,  0.24846587, -0.00246265, -0.10495485,  0.03728994
  0.05656115, -0.12190424,  0.09546033, -0.07943195,  0.01976030,  0.09935835, -0.07735094, -0.03598943,  0.07614602, -0.06007901,  0.04362183, -0.00067825, -0.05498188,  0.09903313, -0.11997589,  0.13201930, -0.12026980,  0.05489838,  0.01698419, -0.03885150,  0.01448690,  0.05497545, -0.14691958,  0.14785372, -0.09721127,  0.03069003,  0.03375952, -0.01913533, -0.00520739,  0.03734319, -0.06100732,  0.07591041, -0.21684106,  0.32624495, -0.30563523,  0.19014082, -0.06698176,  0.01213642, -0.03380861,  0.13706340, -0.26918127,  0.36180763, -0.37622737,  0.32080502, -0.16968605,  0.06314607, -0.08330067,  0.08607273, -0.00418149, -0.04118547
 -0.01459961, -0.01084999, -0.08364430,  0.15410224, -0.02164510,  0.08990413, -0.16818843, -0.03017958,  0.14614620, -0.09298833,  0.08075776,  0.03646924, -0.22254540,  0.24739359, -0.13760723, -0.02664461,  0.15976788, -0.19671355,  0.13978049, -0.04504402, -0.07915660,  0.09992637, -0.15325599,  0.17344458,  0.03911336, -0.13062445,  0.19943569, -0.19174861, -0.01988908,  0.12542752, -0.31734945,  0.29392269, -0.07173562, -0.03851686,  0.22781461, -0.25696916,  0.06007946,  0.09828009, -0.12166294,  0.11889337, -0.05699068,  0.03879914,  0.02087897, -0.08573649,  0.10101389, -0.21233637,  0.17875973, -0.05954730,  0.11870744, -0.15740720
 -0.02199166,  0.07080365,  0.01932593, -0.13611826, -0.04243950,  0.08479412,  0.13843272, -0.12642828,  0.09158136, -0.13701450, -0.04846063,  0.27688333, -0.26242837,  0.06917114,  0.16913440, -0.26162097,  0.13884049,  0.03336375, -0.15908829,  0.18451855, -0.13381699,  0.13487219, -0.05251904, -0.15137998,  0.17784342, -0.17390518,  0.09104251,  0.13735367, -0.17191954,  0.15927259, -0.01565581, -0.10966754,  0.06181077, -0.19016379,  0.09178821,  0.21889481, -0.26570514,  0.15624639,  0.03874691, -0.10958062, -0.03639834,  0.15907995, -0.13976847,  0.01301447,  0.08147598,  0.11886946, -0.21084782, -0.06554817,  0.17917895, -0.06354309
 -0.00710616, -0.03133742,  0.02776898,  0.03961145, -0.02748015,  0.02242967, -0.07990364,  0.08923910, -0.10488827,  0.20468543, -0.24951976,  0.20811472, -0.10952426, -0.03004257,  0.10355446, -0.04584392, -0.08186038,  0.18037577, -0.18385080,  0.05798355,  0.09686712, -0.24445300,  0.27426029, -0.13333828,  0.00286215,  0.11385315, -0.14927208,  0.07354893, -0.04807195,  0.03539498, -0.12760466,  0.21746636, -0.18862419,  0.17378483, -0.16013331,  0.11028459, -0.08903029,  0.06551898, -0.03252016,  0.06458998, -0.06545561,  0.03374869,  0.04192449, -0.12180542,  0.14311994, -0.21691771,  0.31220865, -0.29269313,  0.20445938, -0.12228552
  0.02975507, -0.08665691,  0.10376473, -0.02613195, -0.06822880,  0.00735039,  0.04890105,  0.00258581, -0.02586730,  0.08261991, -0.13927579,  0.05360126,  0.11408220, -0.20994429,  0.15039589,  0.08304220, -0.28039989,  0.21551755,  0.05185252, -0.30608019,  0.30838238, -0.04816408, -0.20721830,  0.29596376, -0.15927263, -0.14008036,  0.23452213, -0.09260148, -0.11374618,  0.22956734, -0.12473060, -0.00486060,  0.10930312, -0.18747965,  0.03957927,  0.09026060, -0.11529482,  0.06164434,  0.05527833, -0.05231284, -0.05318936,  0.08458419,  0.02848542, -0.21168964,  0.24815199, -0.04867446, -0.08428877,  0.08690533, -0.05930127, -0.00809498
  0.03324245, -0.13924067,  0.05726370,  0.08283382,  0.07268200, -0.06568262, -0.12423029,  0.07415688, -0.05090862,  0.15329165, -0.07405483, -0.04434921,  0.04102688,  0.01546060, -0.14459775,  0.21314089, -0.07250128, -0.14957107,  0.25538546, -0.12298929, -0.17531386,  0.22998440, -0.11577230, -0.07157625,  0.36140239, -0.24398748, -0.03805051,  0.20834211, -0.25130432,  0.00078305,  0.06430808, -0.08572806,  0.13691675,  0.12144434, -0.23634517,  0.16086069, -0.07876931, -0.04530372,  0.05616660,  0.08505757, -0.09320932, -0.03743573,  0.24332215, -0.23693897, -0.05023532,  0.08633311,  0.03744688, -0.05545357,  0.14764190, -0.14733195
 -0.02825083,  0.05949422, -0.03865697,  0.05359372, -0.13247431,  0.13258825, -0.10113376,  0.12925933, -0.08017840, -0.00889267,  0.01720588, -0.01960955,  0.05178167, -0.08804041,  0.14598819, -0.20076421,  0.20803178, -0.18609793,  0.13858012, -0.08505778,  0.03033485,  0.03839531, -0.05857141,  0.06598800, -0.11935934,  0.14902878, -0.20165223,  0.27243559, -0.29260513,  0.29559537, -0.25393912,  0.23085174, -0.21971192,  0.12799657, -0.07291378,  0.02826284,  0.08512416, -0.15883617,  0.21169024, -0.22198309,  0.16340343, -0.09091643,  0.02629708,  0.00749729, -0.04198486,  0.12908604, -0.15683321,  0.09466034, -0.07865726,  0.04614558
 -0.04960668,  0.15631802, -0.04037231, -0.14542261,  0.05240692, -0.03129125,  0.12259489,  0.04428224, -0.13378018, -0.02680927,  0.01811311,  0.07876013, -0.12614348,  0.20104721, -0.18752790,  0.02875744,  0.11090045, -0.17536649,  0.19112906, -0.17288866,  0.20182965, -0.12939334,  0.09702894, -0.16835093,  0.08826768, -0.13809530,  0.23821009, -0.18170848,  0.16287718, -0.01084384, -0.02251122,  0.04148835, -0.20357450,  0.17618125, -0.17599663,  0.29652752, -0.21207922,  0.13679595, -0.06728527, -0.12122546,  0.19771097, -0.18165143,  0.07919992, -0.02983743,  0.12701936, -0.06229573, -0.09069399,  0.08509895, -0.16757983,  0.21170098
 -0.12522450,  0.27918212, -0.17146145,  0.04701659, -0.09344303,  0.00384217,  0.04272611,  0.17898927, -0.23743811,  0.11019415, -0.08290546,  0.07726845, -0.09286934,  0.20705831, -0.29986659,  0.30428129, -0.28310507,  0.24002789, -0.22863517,  0.21159478, -0.19930152,  0.26259544, -0.19140696,  0.08828161, -0.09503636,  0.00459985,  0.01730000,  0.00443915, -0.02163090,  0.09015683, -0.04180786,  0.05066735, -0.08051155, -0.05727840,  0.04474692,  0.02336109,  0.04927508, -0.06837765,  0.11069858, -0.16469844,  0.14861844, -0.09166337, -0.01692668,  0.03270973,  0.02746236,  0.02979645, -0.02126852, -0.08658248, -0.03158910,  0.07321841
 -0.13326000,  0.23719915, -0.08160248, -0.02228442,  0.00471675, -0.10371775,  0.04823014,  0.18800499, -0.16717226, -0.00090663,  0.12958464, -0.24598094,  0.25548267, -0.12686742, -0.00107795,  0.06187234, -0.06203831, -0.00301795,  0.03898439, -0.09958266,  0.12050286, -0.08824690,  0.21460305, -0.28613614,  0.26215555, -0.27828063,  0.13291851, -0.02175985, -0.10637622,  0.19491213, -0.12683631,  0.12047377, -0.03177086, -0.16240252,  0.12542020, -0.08139664,  0.09009752, -0.03199919,  0.02151922,  0.03069117, -0.10844647,  0.18532783, -0.26402648,  0.20005758, -0.09578958,  0.07701512,  0.05586885, -0.18459827,  0.03966275, -0.01338098
 -0.03745707,  0.06566008,  0.01731811, -0.02245227, -0.12637076,  0.12177025, -0.03316724,  0.01759646,  0.16306627, -0.37742292,  0.34227969, -0.18765334,  0.01083069,  0.16897412, -0.22754823,  0.17065562, -0.10503662,  0.04350226, -0.00432098, -0.04171614,  0.09933519, -0.08915559,  0.10703899, -0.07359269, -0.09748533,  0.17655766, -0.24662662,  0.29163230, -0.22087406,  0.13769503,  0.03713423, -0.12118061,  0.08793737, -0.11634332,  0.00827746,  0.11575187, -0.10602728,  0.13576848, -0.13185993,  0.08350639, -0.06184621,  0.01972314,  0.02767103, -0.12861710,  0.23030485, -0.15926987,  0.07224284, -0.04593338, -0.07965880,  0.09048961
 -0.00221507, -0.06153700,  0.15940541, -0.18204453,  0.21603544, -0.26693747,  0.16677778, -0.05926829,  0.01612144,  0.11175396, -0.22040905,  0.25962367, -0.29187103,  0.28318861, -0.20775139,  0.11717303, -0.01110765, -0.09943071,  0.16319493, -0.20777316,  0.18962606, -0.13819104,  0.11431734, -0.00710038, -0.07533885,  0.09797470, -0.17743034,  0.14775535, -0.13334669,  0.08841476,  0.00445547, -0.02649885,  0.11394117, -0.17722579,  0.13486013, -0.18598566,  0.17083209, -0.12107078,  0.09884541, -0.03146341, -0.02013096,  0.06087514, -0.10113727,  0.09303640, -0.09595355,  0.09227804, -0.00878261, -0.00503234, -0.03007421, -0.03169447
  0.05760785, -0.07784163,  0.12778021, -0.20895953,  0.01193870,  0.25966564, -0.31525636,  0.41248439, -0.43959948,  0.19100675, -0.05400091,  0.04778810, -0.02058083,  0.02842127, -0.00562062, -0.10761632,  0.17627797, -0.14265451,  0.07795739,  0.03309646, -0.04044719,  0.04955031, -0.08803521,  0.00357714, -0.06369573,  0.08864868,  0.02073983,  0.03615819,  0.02396590, -0.01626645,  0.07565124, -0.22608848,  0.15189808, -0.12558816,  0.14079824,  0.01598943, -0.02548122,  0.04499656, -0.13448708,  0.09330865, -0.09987094,  0.11126464, -0.11047526,  0.08658564,  0.08953368, -0.17172139,  0.04572451,  0.01449603, -0.06594070,  0.17138173
 -0.09656626,  0.14586241, -0.19676166,  0.42932408, -0.44510806,  0.21538384, -0.20324360,  0.12150699,  0.07867969,  0.04415939, -0.16970922,  0.15218623, -0.15457461,  0.10334546, -0.00628498,  0.00510818, -0.02183413, -0.02407474,  0.05679326, -0.16241710,  0.15823861, -0.11490975,  0.16707306, -0.02226642,  0.00182749, -0.07291445, -0.05765323, -0.05373539,  0.05890971, -0.13313693,  0.21211445, -0.05012805,  0.09168487, -0.10916597, -0.06146507, -0.03279276, -0.00347293,  0.07201480, -0.00684355,  0.06769245, -0.07973102,  0.06378021, -0.05147484, -0.01464185, -0.10140217,  0.25176593, -0.14164180,  0.09207996, -0.09987369, -0.11408852
  0.07106167,  0.12766906, -0.42156210,  0.13951257,  0.05759278,  0.15830411,  0.17665270, -0.28696778, -0.18518825,  0.13383495,  0.01201233,  0.05040710,  0.04733631, -0.10579672, -0.04630394,  0.07781592, -0.01976160, -0.02970824,  0.17530661, -0.11487845,  0.11447426, -0.12350581, -0.17651798,  0.01649997,  0.02337476,  0.25789040,  0.00853564,  0.14657030, -0.01726638, -0.06180866, -0.12931545, -0.16778630,  0.03886503,  0.10861292,  0.24820456,  0.08330839, -0.12048810,  0.00732117, -0.14251803,  0.06519162, -0.03472113,  0.01004163,  0.05871774,  0.14006128, -0.13985017, -0.07367238, -0.09030928, -0.06404989,  0.36111646,  0.08610566
  0.20310797, -0.29480982,  0.05506704, -0.01711316,  0.00429942,  0.30711852, -0.21271901, -0.08400518, -0.00439971, -0.01465555,  0.05946818,  0.05799088, -0.08888896,  0.04689184, -0.09082086,  0.12561396, -0.15378448,  0.22075289, -0.14563261,  0.11918320,  0.02156121, -0.23935146,  0.14198924, -0.22884979,  0.28228878, -0.07498253,  0.16015220,  0.02719497, -0.05778771,  0.06157037, -0.20126910, -0.01282066,  0.02107935,  0.11276655,  0.16282027, -0.12816231,  0.10838242, -0.18712438,  0.06695132, -0.06945103,  0.05166977, -0.04133388,  0.11393814,  0.00090858, -0.05991545, -0.02954782, -0.19126689,  0.30732028, -0.02949863,  0.13088220
