 -0.14036584, -0.14037327, -0.14038382, -0.14039871, -0.14041771, -0.14044313, -0.14048017, -0.14052804, -0.14058017, -0.14063297, -0.14069089, -0.14075461, -0.14082157, -0.14089168, -0.14096302, -0.14103189, -0.14109992, -0.14116836, -0.14123749, -0.14130812, -0.14138058, -0.14145389, -0.14152670, -0.14159742, -0.14166399, -0.14172290, -0.14177636, -0.14182273, -0.14185854, -0.14188216, -0.14190392, -0.14192773, -0.14194911, -0.14196488, -0.14197776, -0.14199023, -0.14200216, -0.14200831, -0.14201254, -0.14201532, -0.14201649, -0.14201633, -0.14201262, -0.14200442, -0.14199892, -0.14199610, -0.14199227, -0.14198849, -0.14198529, -0.14198175
  0.06790252,  0.10031814,  0.12965562,  0.15538184,  0.17724072,  0.19472363,  0.20808676,  0.21742071,  0.22216815,  0.22169338,  0.21722627,  0.20964142,  0.19895077,  0.18548906,  0.16969188,  0.15165679,  0.13185845,  0.11076138,  0.08877007,  0.06613827,  0.04322450,  0.02047368, -0.00160580, -0.02250573, -0.04188939, -0.05906329, -0.07345532, -0.08585933, -0.09704536, -0.10746800, -0.11642283, -0.12443049, -0.13117873, -0.13646257, -0.14069148, -0.14368254, -0.14544661, -0.14716722, -0.14817142, -0.14826591, -0.14776755, -0.14677976, -0.14512826, -0.14287152, -0.14070128, -0.13860463, -0.13619798, -0.13341411, -0.13023402, -0.12700264
 -0.37527794, -0.34464938, -0.30772245, -0.26593890, -0.21963819, -0.17160228, -0.12553567, -0.08229332, -0.04050597, -0.00068004,  0.03552307,  0.06799975,  0.09693681,  0.12176202,  0.14332871,  0.16305865,  0.17991485,  0.19296140,  0.20166485,  0.20478650,  0.20144941,  0.19177899,  0.17657517,  0.15710788,  0.13494497,  0.11386432,  0.09454465,  0.07728113,  0.06341051,  0.05388182,  0.04447157,  0.03162638,  0.01853360,  0.00799601, -0.00192614, -0.01215322, -0.02242641, -0.03171918, -0.04064790, -0.04875306, -0.05619824, -0.06302862, -0.06705333, -0.06713610, -0.06874278, -0.07212339, -0.07422856, -0.07521580, -0.07513843, -0.07398317
 -0.31230067, -0.25904859, -0.19797119, -0.13051007, -0.06488925,  0.00295643,  0.07178044,  0.13479650,  0.18593062,  0.22676142,  0.24529540,  0.23423513,  0.19832346,  0.14518227,  0.08020858,  0.00816951, -0.06598980, -0.13705033, -0.19866088, -0.24058808, -0.25801310, -0.25163326, -0.22345365, -0.17771883, -0.12034419, -0.07006241, -0.03342498, -0.00091122,  0.02759492,  0.04599550,  0.05334901,  0.06915165,  0.08286872,  0.08198890,  0.07464485,  0.06019510,  0.03888739,  0.02263210,  0.00755240, -0.00601127, -0.01159212, -0.00608442,  0.00140544,  0.00228622,  0.01872401,  0.05320216,  0.09204451,  0.13246983,  0.16810836,  0.19546958
 -0.11712632, -0.13441127, -0.10808128, -0.04282690,  0.05020722,  0.14688634,  0.22538129,  0.26736636,  0.25716518,  0.18592272,  0.07220643, -0.05846007, -0.18471163, -0.28308593, -0.33198695, -0.32309436, -0.26075514, -0.15939791, -0.03938732,  0.07472924,  0.16184397,  0.20935633,  0.21563527,  0.18812379,  0.13872447,  0.08850480,  0.05278362,  0.03077648,  0.01935089,  0.01460255,  0.01434402,  0.00688481, -0.00149404, -0.00696103, -0.01807488, -0.03495175, -0.05544310, -0.08421571, -0.10861552, -0.11944154, -0.11614478, -0.09816054, -0.06205950, -0.01331724,  0.02617327,  0.05152062,  0.06808745,  0.07467861,  0.06996710,  0.05095264
 -0.35842177, -0.20049862, -0.02388767,  0.13321046,  0.22787754,  0.25286990,  0.21464138,  0.12070318, -0.01093445, -0.13583883, -0.22258458, -0.25493886, -0.22240484, -0.12620089,  0.00721995,  0.13544860,  0.22533559,  0.25496599,  0.21780767,  0.13082619,  0.01946540, -0.08927432, -0.16831532, -0.19989353, -0.18049078, -0.14093194, -0.09488712, -0.04187647,  0.00216397,  0.01833720,  0.01754575,  0.03159484,  0.03715052,  0.01214029, -0.02257366, -0.05762083, -0.08564924, -0.09048904, -0.07160438, -0.03605180,  0.01505969,  0.07536627,  0.11532714,  0.11027117,  0.10276916,  0.10266784,  0.09174126,  0.07512269,  0.05375283,  0.03260564
  0.23611008,  0.03823683, -0.12423744, -0.20634569, -0.20931967, -0.14107765, -0.01643745,  0.11680815,  0.19415373,  0.19178567,  0.11782967,  0.00388446, -0.09706856, -0.13956755, -0.11881299, -0.05244319,  0.04699926,  0.15146580,  0.21817281,  0.22054727,  0.15730758,  0.04584866, -0.08431765, -0.19157057, -0.23504396, -0.23360032, -0.21327010, -0.18596401, -0.16491930, -0.16249778, -0.13818095, -0.03640242,  0.09646745,  0.18559233,  0.22199463,  0.21582945,  0.18099222,  0.13563926,  0.09204563,  0.05249947,  0.02986913,  0.02669702,  0.01100135, -0.03314993, -0.04141668, -0.01131364,  0.00298798, -0.01503228, -0.05354896, -0.08531009
  0.09047561,  0.00884428, -0.03504846, -0.02670103,  0.03563845,  0.10209912,  0.14369559,  0.14437220,  0.09069653, -0.02090092, -0.11196685, -0.13084423, -0.09427388, -0.03803544,  0.00402599,  0.01039241, -0.00228608, -0.01695048, -0.03622298, -0.07362396, -0.11663956, -0.13767403, -0.11952355, -0.06352718,  0.00315276,  0.07223067,  0.14313938,  0.17950958,  0.18322458,  0.19186417,  0.25782186,  0.30350290,  0.29012039,  0.23111505,  0.14173880,  0.07149727,  0.05105120,  0.03085809,  0.01949340,  0.00376672, -0.03836272, -0.10501228, -0.15465052, -0.14767057, -0.13291341, -0.15646908, -0.21245279, -0.27452670, -0.29565804, -0.26075187
 -0.07025717, -0.00783301,  0.09119388,  0.12119446,  0.04393374, -0.06802021, -0.11707974, -0.05845281,  0.06610345,  0.15225076,  0.10080795, -0.06194007, -0.19543348, -0.17683560, -0.01190800,  0.16167638,  0.18932423,  0.04579575, -0.13979677, -0.20178423, -0.08907933,  0.09844076,  0.20112377,  0.13205298, -0.05264356, -0.20936277, -0.20074178, -0.00833010,  0.21416442,  0.27106080,  0.11405883, -0.09818535, -0.18842655, -0.08768758,  0.12278568,  0.25791924,  0.20358475,  0.01589363, -0.16130731, -0.19051950, -0.05477111,  0.11846534,  0.16135221,  0.02270018, -0.16784943, -0.25251939, -0.17675540, -0.01400828,  0.09249035,  0.06340206
 -0.04001259,  0.07134051,  0.07506342, -0.01524687, -0.09241222, -0.08008057,  0.01225247,  0.10490858,  0.10780288, -0.01150202, -0.15421474, -0.17980777, -0.04940659,  0.13974485,  0.23015231,  0.12944813, -0.08658047, -0.23127957, -0.17982636,  0.01646251,  0.18820810,  0.19638917,  0.04275174, -0.13926485, -0.20150787, -0.08391979,  0.13554877,  0.26839988,  0.18645375, -0.04632556, -0.21380484, -0.19267388, -0.01452241,  0.16977824,  0.19261240,  0.03217872, -0.16404316, -0.24260626, -0.13597339,  0.06652445,  0.18939882,  0.12577497, -0.05954785, -0.19250341, -0.16618514, -0.01160541,  0.14331559,  0.17124138,  0.06285981, -0.07376494
 -0.22227263, -0.00991049,  0.19346867,  0.25801350,  0.15302152, -0.02222462, -0.17144912, -0.23978331, -0.18297820,  0.00691489,  0.20426453,  0.26146140,  0.14946381, -0.03974391, -0.19252808, -0.25035117, -0.19484189, -0.04236887,  0.13828824,  0.25035589,  0.22105357,  0.06331236, -0.12440859, -0.23356205, -0.21617017, -0.13074011, -0.01062851,  0.13076524,  0.22086144,  0.19597462,  0.10377710,  0.04812405,  0.02375672,  0.00579060,  0.00965003,  0.00834458,  0.00285316,  0.02169004,  0.03192327, -0.00254177, -0.04293393, -0.04478036, -0.04316621, -0.08871481, -0.09345141, -0.03262769,  0.03066071,  0.04184318, -0.02649371, -0.11667203
 -0.00154629,  0.16445109,  0.14435154, -0.02774768, -0.19216911, -0.23221437, -0.16183637, -0.02070868,  0.15538831,  0.26331376,  0.18744290, -0.02020190, -0.19313484, -0.22506818, -0.11988251,  0.04354127,  0.16356327,  0.19683735,  0.13902803,  0.00445780, -0.15034044, -0.24012927, -0.21338879, -0.08523046,  0.07836588,  0.22323715,  0.28876453,  0.24843410,  0.13234924,  0.03086016, -0.03979884, -0.10242863, -0.12987800, -0.08633691, -0.03866898, -0.06453637, -0.13087597, -0.14159619, -0.10682748, -0.05580460, -0.01376117, -0.00064274,  0.00722319,  0.05805381,  0.11875721,  0.14758886,  0.12505897,  0.03423905, -0.06969104, -0.09076597
 -0.12651801,  0.00408115,  0.21014720,  0.15647924, -0.13207950, -0.24219674, -0.00836328,  0.23235131,  0.15204925, -0.11337492, -0.19779348, -0.04425028,  0.07072744,  0.01829030, -0.03802696, -0.00901544,  0.00452723, -0.02064437,  0.03064924,  0.12160099,  0.05826658, -0.12782954, -0.14757021,  0.06622626,  0.18601602,  0.00348447, -0.15929787,  0.00200441,  0.22055061,  0.09044935, -0.20394528, -0.21829833,  0.02363583,  0.16072818,  0.05195601, -0.10125916, -0.05177560,  0.14073512,  0.23226904,  0.09146615, -0.15935787, -0.25655815, -0.09422678,  0.11176299,  0.08207907, -0.16558043, -0.27294904, -0.04489426,  0.21910285,  0.19417331
  0.04471570, -0.17350770, -0.09117803,  0.21278621,  0.23819788, -0.08815637, -0.26332963, -0.03980055,  0.19947274,  0.11675770, -0.09711051, -0.11844976,  0.01506967,  0.05219879, -0.02556166, -0.02442675,  0.04822295,  0.01371228, -0.07857850, -0.02411736,  0.12028908,  0.10079559, -0.09042042, -0.16092500,  0.03145864,  0.19544902,  0.03479675, -0.21468384, -0.14839773,  0.11574108,  0.14767688, -0.05178457, -0.17272170, -0.07757053,  0.12151814,  0.19556496,  0.02416282, -0.15866225, -0.05455914,  0.21458500,  0.22790769, -0.08255557, -0.30335666, -0.13481557,  0.17283648,  0.17296549, -0.11226053, -0.21542972,  0.00662231,  0.17879323
 -0.02624922, -0.01529082,  0.02339391, -0.00383289, -0.05904885, -0.00686274,  0.06175013, -0.00567078, -0.07389937,  0.05587844,  0.13614683, -0.00540820, -0.09106902,  0.02958352,  0.11064246,  0.02555120, -0.06870232, -0.06978003, -0.05616992, -0.04465330,  0.01386233,  0.06288234,  0.01973898, -0.02169983,  0.06444807,  0.08907069, -0.13725687, -0.30414737, -0.08231329,  0.27000447,  0.19512503, -0.13632029, -0.16278001,  0.16090425,  0.29857950, -0.05821113, -0.40831672, -0.14767071,  0.25840029,  0.15066993, -0.15763988, -0.05714916,  0.24131652,  0.20123497, -0.00308421,  0.01659659,  0.13204017,  0.01992639, -0.22366820, -0.21093860
 -0.04594216, -0.02328696,  0.10060647,  0.06356949, -0.08240544, -0.09243230,  0.07907989,  0.12536708, -0.07240253, -0.17560841,  0.05107711,  0.18562022, -0.04165551, -0.17734374,  0.03535589,  0.15083592, -0.02244608, -0.10692366,  0.03541681,  0.08485344, -0.04157836, -0.08157599,  0.03367620,  0.08251992, -0.01520925, -0.06283247,  0.04599259,  0.04016659, -0.15577050, -0.19540779,  0.12545798,  0.24319440, -0.05590603, -0.20516604,  0.08952942,  0.30050362,  0.02623547, -0.30530560, -0.06940609,  0.27805423,  0.08763532, -0.26739881, -0.12432109,  0.19826119,  0.07494688, -0.21817594, -0.08027785,  0.24081271,  0.14413509, -0.20408070
 -0.09631832,  0.07156759,  0.02787811, -0.04978506,  0.05589581,  0.13537610,  0.00993720, -0.09966401,  0.00233681,  0.10348940, -0.01081846, -0.22052989, -0.17847933,  0.10824738,  0.16383785, -0.09899915, -0.13518229,  0.14988730,  0.23017652, -0.03346496, -0.19669767, -0.04433575,  0.12749939,  0.04230236, -0.12367697, -0.03480372,  0.18571892,  0.11694556, -0.09541356, -0.05148542,  0.08513866, -0.07281674, -0.24594717, -0.10537412,  0.08412622,  0.07444493,  0.06716719,  0.19284630,  0.31675358,  0.16630610, -0.16365552, -0.27640822, -0.16869102, -0.18963982, -0.25962713, -0.07583648,  0.15045444,  0.12149135,  0.05451240,  0.18336369
  0.07548352,  0.00622623, -0.07408147, -0.00931531,  0.00691634, -0.10098492, -0.05540148,  0.14651542,  0.13756797, -0.10648599, -0.15986974,  0.07793505,  0.23200389,  0.04537681, -0.25769822, -0.23852957,  0.13470273,  0.31245249,  0.01133528, -0.27965507, -0.08581231,  0.25231705,  0.15120300, -0.22308410, -0.24766617,  0.07563592,  0.23153872,  0.05903385, -0.06881228, -0.01018558,  0.07287327,  0.04141090, -0.01274789, -0.00971182, -0.02187212, -0.11460883, -0.17238281, -0.09005991,  0.08651065,  0.09198855, -0.01713192,  0.05172130,  0.20775984,  0.13011121, -0.10300214, -0.23304095, -0.14419931,  0.06084459,  0.13755182, -0.00066507
  0.00037035, -0.07629970, -0.04431979, -0.02029520, -0.03459932,  0.04431457,  0.16527771,  0.10844041, -0.06720393, -0.07009730,  0.10036389,  0.12561976, -0.09878379, -0.27248641, -0.12031037,  0.18128865,  0.20825784, -0.06477497, -0.20073420,  0.00177665,  0.18595950,  0.03328559, -0.20374587, -0.12663918,  0.13858628,  0.19783469,  0.02516987, -0.07328120, -0.00346509,  0.06217548,  0.02168217, -0.06116659, -0.11434521, -0.15257289, -0.18303421, -0.12885833,  0.03838782,  0.21724123,  0.26466811,  0.21732639,  0.20529816,  0.16147608, -0.03679699, -0.25900692, -0.31199513, -0.16018225,  0.05106509,  0.11747312,  0.02637449, -0.01497252
  0.04190002,  0.00791280,  0.02530349,  0.07280278,  0.04827101, -0.03199879, -0.03233155, -0.00311913, -0.07310948, -0.15890776, -0.06613804,  0.08132207,  0.04388279, -0.09169209, -0.05075521,  0.16518652,  0.25161180,  0.03068154, -0.23467960, -0.18359635,  0.10631037,  0.20284585, -0.00761561, -0.15365303, -0.03047345,  0.11431634,  0.07827133, -0.03033810, -0.05206434, -0.04736779, -0.03679429, -0.02557723,  0.04374826,  0.12373042,  0.11854656,  0.09688424,  0.15329517,  0.15209914, -0.00904267, -0.27876550, -0.41970633, -0.33991475, -0.17594729, -0.03214754,  0.08809597,  0.19351094,  0.25031526,  0.18632931,  0.01995176, -0.13092702
  0.06410134, -0.04529778, -0.08976171, -0.03801708,  0.03505351,  0.09098362,  0.08457894, -0.00897205, -0.10983311, -0.10170978,  0.01082535,  0.15348790,  0.14270319, -0.09017207, -0.23543679, -0.06135598,  0.16955168,  0.20213058,  0.05756297, -0.15711728, -0.25221385, -0.06762556,  0.20455726,  0.23264705,  0.01176589, -0.20197650, -0.20747910,  0.04065303,  0.24330443,  0.11706679, -0.15999564, -0.18376038, -0.00446353,  0.10181081,  0.09039586,  0.00647020, -0.11869970, -0.10652651,  0.04967758,  0.21408344,  0.21019797, -0.04535977, -0.30105628, -0.20754838,  0.08259993,  0.19361960,  0.12309411,  0.04301485, -0.04563576, -0.13593768
 -0.07670860, -0.09725416, -0.00848033,  0.07573900,  0.08464016,  0.05964266, -0.03748628, -0.14356494, -0.06069903,  0.19012663,  0.24206200,  0.00700664, -0.20295884, -0.16286472,  0.03816006,  0.17156786,  0.09067779, -0.09917226, -0.18681749, -0.10888297,  0.03971443,  0.17131498,  0.17446757, -0.02493404, -0.21999583, -0.13969075,  0.10899992,  0.19931550,  0.00420522, -0.20596074, -0.20707419,  0.02735762,  0.16910636,  0.05705002, -0.09797714, -0.14744579, -0.10220861,  0.08459142,  0.24977102,  0.22468838,  0.01447682, -0.12468894, -0.01058607,  0.19231529,  0.22160871,  0.02953812, -0.19649099, -0.24523292, -0.11355622,  0.09218204
  0.03396742, -0.03053886, -0.00410590,  0.00007117, -0.05669263,  0.06238451,  0.04880173, -0.13897502,  0.03783089,  0.20757210, -0.13387895, -0.16904336,  0.17621208,  0.00300969, -0.14943659,  0.19627268,  0.05192796, -0.28271394,  0.09941939,  0.22442827, -0.22692613, -0.05922851,  0.25388090, -0.13685282, -0.18867951,  0.23684906,  0.03013333, -0.20684352,  0.12210270,  0.11896732, -0.15304598,  0.06798896,  0.11785835, -0.21325624, -0.06074199,  0.14838249, -0.11153773,  0.00719490,  0.22250775, -0.09762583, -0.12705111,  0.14124182, -0.05401387, -0.11320298,  0.14816402, -0.02107979, -0.13823126,  0.17003164,  0.10038491, -0.15387764
  0.02356450,  0.03863243, -0.02505046,  0.02924121, -0.02879517, -0.09433525,  0.09643268,  0.05212835, -0.16389755,  0.02984078,  0.13804281, -0.15821372, -0.03744531,  0.20755578, -0.12512114, -0.14735731,  0.26655821,  0.00497289, -0.26078145,  0.18407923,  0.15721706, -0.27380931,  0.02563469,  0.23486926, -0.18799226, -0.11090499,  0.23650718, -0.07141733, -0.15993780,  0.17046758,  0.06198622, -0.13430828,  0.13420481,  0.07719667, -0.18337862,  0.06760704,  0.11798571, -0.22725886,  0.00584776,  0.15456010, -0.18013511, -0.06050916,  0.15600930, -0.13459071, -0.08907971,  0.15336424, -0.05900754, -0.06403842,  0.19137172, -0.03836980
  0.20836914, -0.07125817, -0.30694255,  0.07979813,  0.15982892, -0.17317610,  0.00627193,  0.24000981, -0.11119436, -0.19502776,  0.19985881,  0.08407688, -0.27053868,  0.01874656,  0.30051473, -0.04412209, -0.23760975,  0.04983536,  0.17280777, -0.04828232, -0.11498163,  0.07429696,  0.04953906, -0.17216346, -0.07051551,  0.15266422,  0.02588514, -0.07639048,  0.22581288,  0.21477415, -0.17972228, -0.16593437,  0.08756269, -0.07515342, -0.23763743,  0.04113602,  0.17529282, -0.05712350, -0.02802369,  0.05787976, -0.07741526, -0.04716908,  0.05126843,  0.01664982,  0.06879970,  0.03285950, -0.04896656,  0.04995305,  0.04865664, -0.08379468
  0.09268023, -0.23987709,  0.06623395,  0.19469501, -0.16829389, -0.06784028,  0.24184907, -0.05813102, -0.19960392,  0.18691290,  0.12286566, -0.28358918, -0.03487352,  0.31114039, -0.03469729, -0.26220710,  0.07237705,  0.19459777, -0.09639530, -0.16641171,  0.10233700,  0.11491784, -0.15855015, -0.06816653,  0.19775410,  0.04217693, -0.17896317,  0.07840017,  0.18096317, -0.17784420, -0.14951934,  0.16963604,  0.03206634, -0.21104910,  0.00586260,  0.19793161, -0.01919997, -0.06047641,  0.08521875, -0.00801848, -0.02750383,  0.04080859, -0.04259357,  0.03960269,  0.03888248, -0.08549600,  0.03609461,  0.09222848, -0.07827609, -0.06069001
 -0.04198414, -0.17016746, -0.15217796,  0.03528160,  0.17850396,  0.10244831,  0.02187647,  0.08436403,  0.08802817, -0.09355661, -0.13773129,  0.08059339,  0.18719364,  0.02027197, -0.10241677, -0.04054613, -0.01464174, -0.11392705, -0.06272762,  0.09104385,  0.00687695, -0.15342263, -0.06343820,  0.06388456,  0.02498351,  0.01146477,  0.17861470,  0.21606252,  0.05946919, -0.14276087, -0.20539695, -0.25283592, -0.30301214, -0.14720580,  0.16066591,  0.27556448,  0.19775291,  0.08831948,  0.12059679,  0.04875454, -0.08122353,  0.07981372,  0.28683107,  0.14436460,  0.00872885,  0.04007983,  0.00643645, -0.15761799, -0.28861090, -0.18406788
 -0.13204207, -0.17637275,  0.20792411,  0.33449010, -0.10403632, -0.20356136,  0.18420012,  0.10334433, -0.19129414, -0.14295784,  0.14814538,  0.11035124, -0.06725755, -0.06446097, -0.01696900, -0.02561639, -0.04039102, -0.00091307,  0.12889086, -0.00962170, -0.21100340, -0.02080655,  0.16429331,  0.03108154, -0.04042490,  0.17469729,  0.18919256, -0.10559578, -0.20476372, -0.20953373, -0.03494164, -0.06238693,  0.00363147,  0.24297696,  0.22260505,  0.04551079,  0.01975777, -0.00433862,  0.01168549, -0.17813610,  0.01356851,  0.30898923, -0.05219371, -0.21169301, -0.02438164,  0.00692225, -0.05976945, -0.13924262, -0.06886697,  0.15133611
 -0.39678388,  0.14947427,  0.26737411, -0.14394940, -0.03087844,  0.20868123,  0.03169326, -0.09109041, -0.00764566,  0.09959660,  0.01859716, -0.05454117,  0.00486279,  0.04803996,  0.01220961, -0.11418147, -0.07680400,  0.10677812, -0.01126248, -0.17596858, -0.04005722,  0.09297442,  0.02631766, -0.07918858,  0.08487021,  0.23577413,  0.03829076, -0.19908714, -0.10134223,  0.01782569, -0.18137223, -0.21052529,  0.11487234,  0.13715912, -0.05369273,  0.06446251,  0.30231231,  0.07602911, -0.14666229,  0.15755658,  0.20973208, -0.08238413,  0.04914702,  0.06221259,  0.02455434, -0.01498947, -0.15180554,  0.01513866,  0.05555468, -0.34825873
  0.23935539, -0.37336458,  0.11101620,  0.10149280, -0.25919428,  0.03183545,  0.13204632,  0.03429760, -0.04557471,  0.03749702,  0.00227864, -0.09186971,  0.05696927,  0.06974955, -0.02851582,  0.06606990, -0.05377583, -0.07128295,  0.06442603,  0.01712643, -0.01197807, -0.01602603,  0.05595823, -0.02222004, -0.16552864, -0.08994737,  0.13906464,  0.04381368, -0.06616470,  0.19185644,  0.13825146, -0.15949782, -0.12262169, -0.04054127, -0.05278656, -0.12184955, -0.00396578,  0.29928132, -0.11079458, -0.17586890,  0.32285686, -0.20152364, -0.09403472,  0.28004986, -0.04835763,  0.05452886,  0.10541642, -0.15337490,  0.18034219, -0.19501885
  0.07114703, -0.05939860,  0.20797219, -0.09446954, -0.31781530,  0.20704862,  0.13791460, -0.13120381,  0.04628641, -0.12460873, -0.08041481,  0.15488950,  0.02903536, -0.09062798, -0.02936028,  0.05580297,  0.00632235, -0.03904021,  0.09529140, -0.02588592, -0.03002766,  0.13126510, -0.02257219, -0.12421829, -0.02652683,  0.06005676,  0.03713178, -0.11779924,  0.15741357,  0.11611672, -0.15828853,  0.05392264,  0.09595903, -0.13579552, -0.03053890,  0.16321290,  0.07075583, -0.26845720, -0.07271591,  0.14360018, -0.11398591, -0.15913620,  0.14160674,  0.02964355, -0.22902450,  0.13313148,  0.16333513, -0.34507213, -0.04423123,  0.36255677
 -0.01585921,  0.06131446, -0.07907727,  0.01135279, -0.05891311,  0.17559448, -0.06397776, -0.09803062,  0.11450147, -0.08644731,  0.04688569,  0.02033411, -0.04142785,  0.02212638,  0.00527421, -0.03069315,  0.03318612, -0.04834468,  0.07494545, -0.09312763,  0.08956693, -0.01528255, -0.06601336,  0.00894196,  0.05450508, -0.07117469,  0.09022380, -0.04608243,  0.04367847, -0.07635911,  0.15780817, -0.25485313,  0.10821933,  0.07667817, -0.12603317,  0.06040911,  0.16119228, -0.36434748,  0.42130194, -0.30719333,  0.09692325,  0.10212822, -0.17640742,  0.08995435,  0.17780132, -0.33587432,  0.24179250, -0.15492513,  0.11324034, -0.04944857
  0.00018460, -0.03044575,  0.14809533, -0.22691421,  0.09215392,  0.12214888, -0.21484991,  0.18906604, -0.04229196, -0.16652397,  0.21420749, -0.06958240, -0.04587666,  0.03693422, -0.02500339,  0.06044326, -0.07564744,  0.04302755,  0.03678248, -0.12193048,  0.12651067, -0.05472945, -0.02936439,  0.05617661, -0.05732466,  0.08795153, -0.05193294, -0.06973179,  0.22904558, -0.24755582,  0.03452341,  0.16450002, -0.10715157, -0.10476152,  0.15672684,  0.03728351, -0.14518549, -0.01229045,  0.18925920, -0.16543076,  0.03805111, -0.01002342,  0.10526020, -0.12398254, -0.09576926,  0.30125216, -0.15730418, -0.23129357,  0.39232205, -0.17899507
 -0.08653829, -0.00443228, -0.01229492,  0.13859536,  0.20087994, -0.09434689, -0.25172813,  0.06368986,  0.09616186, -0.02241035,  0.02328832, -0.01813186, -0.02780470, -0.01090199, -0.00927166, -0.02361434,  0.01724415,  0.06317251, -0.06136828,  0.01556828, -0.02046303, -0.13133246,  0.05250239,  0.15692472,  0.02581105,  0.07730706,  0.01383673, -0.10877747, -0.10698019,  0.02077715, -0.23749035,  0.01131883,  0.42266977, -0.10143255, -0.04097720,  0.25222505, -0.28619250,  0.10434246,  0.04839557, -0.15084000,  0.21675051, -0.10763965, -0.01809177,  0.20095588, -0.40828793, -0.04103570,  0.23044184,  0.01379248, -0.10234357,  0.01811543
  0.05156398, -0.12057335,  0.10030613, -0.07478330,  0.01330520,  0.09692174, -0.08208395, -0.03282654,  0.08687572, -0.06630812,  0.04094756,  0.00471288, -0.05931726,  0.10126171, -0.11958647,  0.13165768, -0.11794840,  0.05273672,  0.01898388, -0.04152607,  0.01166895,  0.05832098, -0.14780243,  0.15161246, -0.09917453,  0.02765996,  0.03589636, -0.02616967, -0.00218851,  0.04245420, -0.07035113,  0.08750969, -0.21003227,  0.31572151, -0.30798110,  0.19296615, -0.06691131,  0.01059505, -0.03042982,  0.14288718, -0.27228978,  0.36393269, -0.37196837,  0.32000536, -0.17539610,  0.06847717, -0.06801031,  0.07743509, -0.00686792, -0.03590265
 -0.02390149, -0.00817760, -0.07813451,  0.15711006, -0.03001500,  0.08476728, -0.16729873, -0.02537201,  0.15721427, -0.09731405,  0.07356105,  0.04572454, -0.22298308,  0.24304998, -0.12938908, -0.03043364,  0.16060488, -0.19534631,  0.13819591, -0.04726167, -0.08216348,  0.10061201, -0.15095841,  0.17058364,  0.03808906, -0.13249190,  0.19981763, -0.19267683, -0.01584666,  0.12925679, -0.32296672,  0.29798623, -0.06089184, -0.05810437,  0.22509127, -0.24971278,  0.06280694,  0.09633596, -0.11068351,  0.12510430, -0.05512533,  0.04072256,  0.03565694, -0.08954060,  0.10080829, -0.20055202,  0.19565635, -0.06953059,  0.11501225, -0.14694132
 -0.02597912,  0.07455178,  0.02607419, -0.13408904, -0.04935420,  0.07606979,  0.13881957, -0.12023744,  0.09675472, -0.13864762, -0.05404636,  0.27831362, -0.26185837,  0.06732038,  0.17306969, -0.26182409,  0.13669380,  0.03582864, -0.16184715,  0.18313350, -0.13289473,  0.13715688, -0.04634618, -0.15122864,  0.17388864, -0.17804094,  0.08497304,  0.13544230, -0.17107454,  0.16097563, -0.00911229, -0.10284057,  0.06434265, -0.19672582,  0.08282499,  0.22045090, -0.26575196,  0.15461459,  0.04301410, -0.10968469, -0.04006232,  0.16005816, -0.14241936,  0.00886606,  0.08010639,  0.12686009, -0.20420275, -0.07177108,  0.17401159, -0.06416991
 -0.01355508, -0.03521378,  0.03544281,  0.04235938, -0.03388687,  0.01624634, -0.07893035,  0.09494658, -0.09692819,  0.20635523, -0.25739280,  0.21031042, -0.10093824, -0.04054999,  0.11263651, -0.04177477, -0.09376963,  0.18782799, -0.18156266,  0.04419769,  0.10431750, -0.24520105,  0.26821698, -0.12330858, -0.00550552,  0.10964293, -0.14458942,  0.07242002, -0.04826317,  0.04118252, -0.13002413,  0.21721915, -0.18076870,  0.15865889, -0.16626138,  0.11510477, -0.08470733,  0.06573947, -0.02069916,  0.07059799, -0.06665706,  0.04184013,  0.05232783, -0.12790525,  0.15053050, -0.20673622,  0.31976538, -0.29161633,  0.19743538, -0.11862302
  0.01578987, -0.08371574,  0.11451603, -0.01795819, -0.07802852, -0.01216688,  0.04865420,  0.01328064, -0.00316821,  0.07188112, -0.13823985,  0.04545015,  0.12233945, -0.21019359,  0.15192906,  0.08704135, -0.28006489,  0.20565106,  0.06000173, -0.31296454,  0.29502625, -0.02804500, -0.21192436,  0.30026539, -0.15976600, -0.15428983,  0.22833700, -0.09133393, -0.11235182,  0.22686118, -0.10806839, -0.00723280,  0.12482172, -0.21007761,  0.02521710,  0.08739380, -0.10097377,  0.05657475,  0.07332987, -0.04397440, -0.05557502,  0.09195546,  0.03538369, -0.21205916,  0.23901362, -0.01574639, -0.07796335,  0.08883639, -0.07541731, -0.00829961
  0.03015011, -0.13699603,  0.05609273,  0.08453670,  0.07273350, -0.06808342, -0.12517954,  0.07536659, -0.04658854,  0.14971569, -0.07073941, -0.04620767,  0.03970761,  0.01974402, -0.14681854,  0.21096978, -0.06599886, -0.15506901,  0.25424154, -0.11653122, -0.18384434,  0.23243400, -0.11128104, -0.07766957,  0.36358872, -0.24104006, -0.04431549,  0.21052648, -0.24739184, -0.00516094,  0.06861378, -0.08595773,  0.13605712,  0.12204278, -0.23853470,  0.15799391, -0.07311533, -0.04722918,  0.05785417,  0.08810841, -0.09178574, -0.03755154,  0.24404206, -0.23093668, -0.05679263,  0.09193459,  0.04114271, -0.05708092,  0.14664730, -0.14635673
 -0.02913720,  0.05995290, -0.03789091,  0.05446316, -0.13351898,  0.13127522, -0.10134060,  0.13006602, -0.07868428, -0.00940035,  0.01682407, -0.01997536,  0.05200881, -0.08816624,  0.14666395, -0.20101584,  0.20782302, -0.18588529,  0.13788106, -0.08483225,  0.02971500,  0.03934590, -0.05799065,  0.06649541, -0.12002766,  0.14842268, -0.20286864,  0.27240514, -0.29286663,  0.29570326, -0.25283094,  0.23159649, -0.21916505,  0.12648370, -0.07352434,  0.02714477,  0.08616002, -0.15905779,  0.21250573, -0.22167616,  0.16269814, -0.09014682,  0.02538674,  0.00741696, -0.04242823,  0.13055273, -0.15605770,  0.09391140, -0.07930497,  0.04489050
 -0.01527745,  0.14449036, -0.05548614, -0.15819732,  0.07026334,  0.00336110,  0.11732003,  0.02700504, -0.18103325, -0.00662837,  0.02360859,  0.07548813, -0.12142786,  0.18749194, -0.19626595,  0.04124168,  0.09576571, -0.15554303,  0.18652694, -0.16052678,  0.20594392, -0.12909111,  0.07132672, -0.15856434,  0.09744528, -0.12570785,  0.24928529, -0.17201832,  0.13983865,  0.00425218, -0.04615897,  0.03135377, -0.20029857,  0.20050443, -0.13912626,  0.29487913, -0.23407723,  0.12625142, -0.09312564, -0.13970606,  0.18960257, -0.19547002,  0.06784365, -0.03774937,  0.12838123, -0.10763972, -0.11537224,  0.08752388, -0.13641337,  0.21403888
 -0.08244534,  0.23444293, -0.17583114,  0.03270154, -0.06838371,  0.04832069,  0.02870279,  0.14556031, -0.25953062,  0.12426519, -0.07654171,  0.08466769, -0.09348269,  0.18892805, -0.29283032,  0.29966709, -0.28136266,  0.25279492, -0.23478746,  0.23627521, -0.21577259,  0.26281492, -0.23188136,  0.11068366, -0.10225594,  0.05041975,  0.01439156,  0.02552675, -0.02888690,  0.08104922, -0.05919992,  0.02064436, -0.06648075, -0.02832701,  0.07710916,  0.02283729,  0.03591331, -0.07851486,  0.08900330, -0.16350208,  0.14488353, -0.10329279,  0.00435499,  0.02506703,  0.02989064, -0.01376215, -0.03364656, -0.06915840,  0.00269613,  0.08630712
 -0.11372691,  0.23100501, -0.10974852, -0.03993948,  0.02851882, -0.06371547,  0.04493894,  0.18116512, -0.22102340,  0.02084147,  0.14216974, -0.24612305,  0.26469305, -0.13376594, -0.02123550,  0.08488436, -0.08065579,  0.02101468,  0.02468194, -0.06922092,  0.09816512, -0.08246574,  0.17447075, -0.28713887,  0.27070190, -0.24851930,  0.15127142, -0.00324966, -0.11128182,  0.20096550, -0.16291613,  0.09781495, -0.03302283, -0.14384454,  0.16614516, -0.07361437,  0.08664978, -0.04517629,  0.01306541,  0.02623131, -0.09698459,  0.17897850, -0.24722355,  0.21661121, -0.09459207,  0.04326609,  0.04869421, -0.18068256,  0.07223817,  0.02066615
 -0.03439115,  0.06272673,  0.01772044, -0.02451652, -0.12401156,  0.12448011, -0.03438337,  0.01625348,  0.16054415, -0.37660866,  0.34367596, -0.18877408,  0.01242247,  0.16635807, -0.22608902,  0.16943002, -0.10404224,  0.04358882, -0.00409425, -0.04052777,  0.09888322, -0.08955630,  0.10525480, -0.07322506, -0.09677978,  0.17834261, -0.24609818,  0.29265703, -0.22176702,  0.13785942,  0.03563178, -0.12281933,  0.08895775, -0.11469440,  0.01090479,  0.11550444, -0.10718037,  0.13517091, -0.13403568,  0.08383721, -0.06311789,  0.01968284,  0.02758528, -0.12866819,  0.23037622, -0.16286531,  0.07178072, -0.04549881, -0.07720104,  0.09132207
 -0.09240235,  0.05155459,  0.03606884,  0.00926079,  0.07938549, -0.30703995,  0.23370816, -0.13703438,  0.18883357,  0.03151068, -0.20528558,  0.23992984, -0.27700840,  0.28567017, -0.20858507,  0.16664853, -0.09239138, -0.04047703,  0.12130742, -0.23186771,  0.20562733, -0.15872763,  0.17936935, -0.04056644, -0.03599771,  0.01787408, -0.15738067,  0.09858807, -0.09489072,  0.06136117,  0.01329643,  0.05915155,  0.04095645, -0.15590095,  0.03416366, -0.15698266,  0.17988017, -0.09738302,  0.16629931, -0.04048622,  0.03090447,  0.03883341, -0.04579638,  0.07422274, -0.12951697,  0.23219156, -0.03177568, -0.00224315, -0.04758168, -0.08945501
  0.12164220, -0.17785008,  0.24644552, -0.38475719,  0.25990763,  0.04032448, -0.12293543,  0.22271597, -0.36726896,  0.19734423, -0.09586879,  0.11421816, -0.10774622,  0.09803681, -0.07654257, -0.05119558,  0.15182821, -0.15000448,  0.12579816, -0.01747261,  0.01697958,  0.00318068, -0.07965798,  0.03017337, -0.08905903,  0.15874094, -0.06331021,  0.12218072, -0.07985129,  0.06507985, -0.00007064, -0.18739358,  0.16680215, -0.12575773,  0.21680621, -0.08177995,  0.04057499, -0.05402580, -0.08901567,  0.03183422, -0.09087380,  0.08554364, -0.13119691,  0.09376454,  0.04751552, -0.20520316,  0.05298597, -0.00776134, -0.00920573,  0.13554754
 -0.09175773,  0.12871725, -0.14252320,  0.30574979, -0.41227367,  0.30894847, -0.31854136,  0.31403262, -0.12245521,  0.11030755, -0.15533007,  0.13643581, -0.12250677,  0.09977637, -0.01027413, -0.03516536,  0.04884912, -0.07606382,  0.06964962, -0.11750666,  0.10390432, -0.06960262,  0.10910427, -0.03685754, -0.01539390, -0.04486433, -0.01707180, -0.04581741,  0.08475129, -0.12869309,  0.21405042, -0.13499524,  0.12419008, -0.15257814, -0.01496000,  0.00365478, -0.01189847,  0.09831321, -0.05026204,  0.10839011, -0.09314185,  0.10904865, -0.07506545,  0.03668242, -0.03947452,  0.16587418, -0.09106964,  0.08198695, -0.12895355, -0.00744340
  0.23732905, -0.31212797,  0.06117895,  0.01980567, -0.01759349,  0.30599520, -0.21488169, -0.13260765,  0.03128329, -0.01862507,  0.03887958,  0.06570892, -0.10757824,  0.03386265, -0.06738970,  0.10897597, -0.15197670,  0.22361341, -0.14000520,  0.10446187,  0.04878899, -0.24017542,  0.15234525, -0.19031874,  0.26757786, -0.07515311,  0.12273305,  0.02191388, -0.08266536,  0.05542421, -0.16743292, -0.00028917,  0.04273115,  0.12673102,  0.16201956, -0.15705285,  0.08365492, -0.19437460,  0.03864319, -0.08882675,  0.01448805, -0.06109254,  0.07872299, -0.04315951, -0.08088189, -0.03743608, -0.22538480,  0.30908711, -0.01747715,  0.06881451
 -0.10936430, -0.10728906,  0.39879377, -0.18484938, -0.02555518, -0.14247455, -0.17278563,  0.33985905,  0.12958481, -0.12377350,  0.01802129, -0.05741469, -0.02256108,  0.12076160,  0.01026227, -0.04886841,  0.01239575,  0.03067230, -0.18025766,  0.13375486, -0.14654680,  0.11347276,  0.15961118, -0.07441332,  0.00513456, -0.24992713,  0.04695553, -0.13311242,  0.04884507,  0.06948514,  0.07300754,  0.14406481, -0.06623741, -0.12042078, -0.23331593, -0.04437618,  0.15245321, -0.00225904,  0.17739231, -0.03828200,  0.08531655,  0.01606182, -0.00557209, -0.07486923,  0.16141825,  0.08080043,  0.12806373,  0.06754279, -0.36457806,  0.00501422
