  0.19983845,  0.21181543,  0.22286830,  0.23218044,  0.23957191,  0.24494119,  0.24802718,  0.24869889,  0.24710163,  0.24357084,  0.23828066,  0.23146161,  0.22336623,  0.21413593,  0.20416962,  0.19345481,  0.18167824,  0.16860232,  0.15502507,  0.14114291,  0.12712510,  0.11286438,  0.09852450,  0.08467692,  0.07133903,  0.05876645,  0.04728462,  0.03704927,  0.02818712,  0.02051756,  0.01393882,  0.00855670,  0.00418737,  0.00072407, -0.00203937, -0.00420577, -0.00591239, -0.00697197, -0.00740695, -0.00729857, -0.00671965, -0.00578332, -0.00463827, -0.00318745, -0.00150590,  0.00027735,  0.00216829,  0.00414232,  0.00609278,  0.00805112
 -0.35166172, -0.31969339, -0.28151509, -0.24046024, -0.19751938, -0.15354208, -0.11043994, -0.06970362, -0.03159977,  0.00429422,  0.03756750,  0.06833705,  0.09686462,  0.12300875,  0.14784304,  0.17065468,  0.18907544,  0.20111176,  0.20952562,  0.21407566,  0.21486182,  0.21066662,  0.20150524,  0.18947872,  0.17442270,  0.15725831,  0.13936146,  0.12168681,  0.10516452,  0.08941023,  0.07438924,  0.06098514,  0.04882506,  0.03781266,  0.02723801,  0.01694452,  0.00649010, -0.00308913, -0.01152888, -0.01885225, -0.02514567, -0.03066289, -0.03578599, -0.03992887, -0.04327494, -0.04621643, -0.04853869, -0.05020812, -0.05165925, -0.05262738
 -0.25866181, -0.18259440, -0.11914628, -0.06357041, -0.01619136,  0.02237020,  0.05495447,  0.08335775,  0.10628709,  0.12188318,  0.13153606,  0.13443959,  0.12960119,  0.11719626,  0.09441184,  0.06264715,  0.02861621, -0.00196845, -0.03548201, -0.06853632, -0.10051299, -0.12683217, -0.14547736, -0.16031720, -0.16966675, -0.17398626, -0.17497008, -0.17436880, -0.17418541, -0.17358621, -0.17269951, -0.17382628, -0.17624562, -0.17985311, -0.18257863, -0.18420763, -0.18289244, -0.18038749, -0.17746531, -0.17424627, -0.17018799, -0.16466402, -0.15721937, -0.14953896, -0.14148208, -0.13226013, -0.12267330, -0.11299798, -0.10190395, -0.08984263
 -0.03852950,  0.02421227,  0.09282079,  0.14824758,  0.17937377,  0.17819892,  0.14403403,  0.07925267, -0.01023302, -0.10842828, -0.19380987, -0.25429067, -0.28129311, -0.27203191, -0.22768421, -0.15778173, -0.07119390,  0.01641163,  0.09231866,  0.15804907,  0.20383699,  0.22486206,  0.22241942,  0.19970145,  0.15918046,  0.10960063,  0.06144143,  0.01806850, -0.01796801, -0.04790220, -0.07389769, -0.09559167, -0.11418280, -0.12998349, -0.14076977, -0.14789603, -0.14912332, -0.14107566, -0.12695713, -0.11074978, -0.09349882, -0.07844596, -0.07139660, -0.07234441, -0.08053034, -0.09468523, -0.11246917, -0.13019937, -0.14217818, -0.14428462
 -0.22689245, -0.22943372, -0.18008965, -0.09630091,  0.01059733,  0.12536581,  0.22435701,  0.28754735,  0.30588881,  0.27937055,  0.21024689,  0.11103342, -0.00126058, -0.10958410, -0.19141883, -0.23885916, -0.25883426, -0.25865724, -0.22399589, -0.16411283, -0.08824431, -0.01530360,  0.04411756,  0.09233826,  0.12116598,  0.13153184,  0.12951750,  0.12118889,  0.11255141,  0.10158048,  0.08813854,  0.07694186,  0.06586530,  0.05444151,  0.03853239,  0.01873573, -0.00444736, -0.02118460, -0.02718728, -0.02185973, -0.00634837,  0.01600680,  0.03988305,  0.06346395,  0.08039876,  0.08559623,  0.07933197,  0.06220786,  0.03404273,  0.00169297
 -0.43547460, -0.22108752, -0.03199542,  0.13391168,  0.23654959,  0.25095931,  0.19857244,  0.11265743,  0.01566361, -0.07902972, -0.13887008, -0.14880655, -0.11315034, -0.03930132,  0.02407647,  0.06127857,  0.09544136,  0.15684908,  0.16985434,  0.12660175,  0.03009545, -0.07121829, -0.14368796, -0.20669775, -0.22573986, -0.19345875, -0.12811249, -0.04816101,  0.01838002,  0.06910702,  0.10100329,  0.09433548,  0.06337845,  0.02019388, -0.01291486, -0.02408133,  0.00761919,  0.06176123,  0.12049985,  0.16925476,  0.19964955,  0.21033899,  0.20740835,  0.17243125,  0.10898151,  0.04310641, -0.01033561, -0.03927977, -0.02882816,  0.01778960
 -0.19245413, -0.04873807,  0.08881781,  0.15745652,  0.15291071,  0.10684261,  0.04349912, -0.02948121, -0.09852764, -0.12926898, -0.10867650, -0.05250062,  0.01363575,  0.06377701,  0.11093164,  0.14574367,  0.12520406,  0.00466635, -0.14354303, -0.24761838, -0.26746996, -0.21561192, -0.11479569,  0.02791774,  0.16288051,  0.25683103,  0.29444793,  0.26962095,  0.19859491,  0.08548594, -0.04858963, -0.15149569, -0.19387919, -0.16097720, -0.07635423,  0.02156280,  0.09727640,  0.14668008,  0.15357105,  0.11238534,  0.04138488, -0.03943162, -0.11940525, -0.17235524, -0.18627946, -0.15718298, -0.08927987, -0.00730198,  0.04932704,  0.06265126
  0.29623876,  0.08659674, -0.07594101, -0.19174931, -0.21317427, -0.12830561,  0.00681633,  0.12550664,  0.18173725,  0.16536931,  0.07206334, -0.06220916, -0.17421375, -0.22362901, -0.15159363,  0.01300676,  0.16880756,  0.19808425,  0.15742612,  0.06895512, -0.02650976, -0.12963926, -0.21647383, -0.20018296, -0.11802213, -0.01166043,  0.09795130,  0.18291193,  0.23836960,  0.24086234,  0.18005678,  0.09041696, -0.01924773, -0.11872420, -0.18043218, -0.18562123, -0.16155839, -0.10071633, -0.01337882,  0.06944606,  0.10866021,  0.08159741, -0.01269869, -0.10379585, -0.14048639, -0.13000608, -0.08431209, -0.02438470,  0.01775636,  0.02269012
 -0.19753922, -0.00830520,  0.22183462,  0.27326076,  0.11131074, -0.11012953, -0.24010604, -0.23696933, -0.11880822,  0.08632318,  0.27239841,  0.30375147,  0.12733625, -0.14373322, -0.26893476, -0.16973593, -0.01217947,  0.01293651, -0.00317812,  0.01178991,  0.06384555,  0.06833982,  0.00417850, -0.05227212, -0.08159859, -0.06389776, -0.00519511,  0.06893383,  0.13242640,  0.11832909,  0.02510623, -0.04984686, -0.03836435,  0.06444712,  0.14711908,  0.12106354, -0.00138351, -0.10236499, -0.12440231, -0.06534049,  0.05291598,  0.16130288,  0.16813693,  0.05010772, -0.14240977, -0.27772047, -0.25525955, -0.11479162,  0.00951548,  0.05422335
 -0.17272505,  0.04927762,  0.14230373,  0.09041113, -0.05046135, -0.15264968, -0.11910065,  0.03128588,  0.18023737,  0.17960994,  0.00924095, -0.18064922, -0.22315363, -0.06402775,  0.12568130,  0.18191957,  0.08218477, -0.00297896, -0.04278509, -0.07473853, -0.09656975, -0.05568682,  0.04528599,  0.09519380,  0.11090799,  0.10488853,  0.05044934, -0.04598279, -0.18038397, -0.26677062, -0.19764632,  0.00347491,  0.22810360,  0.30680212,  0.15321509, -0.11845528, -0.27673483, -0.23282427, -0.04607295,  0.14350491,  0.21521836,  0.15264745,  0.04363196, -0.07231946, -0.14357381, -0.10282825,  0.01771521,  0.12323735,  0.14442613,  0.09008130
 -0.06969021,  0.01593340,  0.10799172,  0.07781633, -0.03919995, -0.08970875, -0.01427921,  0.05323065, -0.01001093, -0.10700552, -0.06156662,  0.09206689,  0.16944191,  0.09045584, -0.01577463, -0.04964853, -0.04618988, -0.11392629, -0.19659584, -0.13488664,  0.05226467,  0.20174962,  0.21839160,  0.13573375, -0.00487495, -0.14058267, -0.20972776, -0.18379975, -0.03867996,  0.15790738,  0.27904116,  0.25770432,  0.10004280, -0.10896946, -0.25891635, -0.27569330, -0.14059314,  0.09249344,  0.25716728,  0.24456897,  0.12543831,  0.00984669, -0.08686654, -0.16666995, -0.20691518, -0.15041371, -0.00592250,  0.09986531,  0.06687793, -0.03288335
 -0.21131983,  0.05061111,  0.20633305,  0.12752708, -0.10172574, -0.22608778, -0.11463633,  0.09021702,  0.19650251,  0.14080522,  0.01151724, -0.08735497, -0.11862359, -0.05305859,  0.02269756,  0.02268028, -0.06772173, -0.09517245, -0.01579070,  0.12735003,  0.21508567,  0.18696426,  0.05579360, -0.16436004, -0.28453714, -0.19101672,  0.02914297,  0.20670442,  0.19334707,  0.01257129, -0.17277596, -0.23423063, -0.13014717,  0.01453446,  0.05793561,  0.03128978,  0.07970660,  0.18706064,  0.21399843,  0.08625042, -0.10583485, -0.21903172, -0.17791972, -0.07902304, -0.00009655,  0.09954999,  0.19383010,  0.18265607,  0.04428592, -0.07999787
 -0.08981067,  0.07354799,  0.19621805, -0.00107158, -0.25972008, -0.16800169,  0.19769564,  0.31275700, -0.01333911, -0.31925808, -0.16373833,  0.17894866,  0.19974750, -0.05752324, -0.15383053,  0.01059240,  0.14641841,  0.04972518, -0.10678140, -0.03877561,  0.09506148,  0.02844961, -0.14673738, -0.18118974, -0.02213294,  0.17565272,  0.21124084,  0.04781727, -0.12202541, -0.15328581, -0.06444629,  0.06136458,  0.13284459,  0.09668706, -0.00560269, -0.07638228, -0.02613980,  0.08169329,  0.03584171, -0.15368649, -0.18955341,  0.03216902,  0.23769140,  0.17759490, -0.05132830, -0.12077003,  0.02629419,  0.08477476, -0.08381755, -0.19922334
 -0.15352928,  0.18624803,  0.09820105, -0.16360603, -0.13244802,  0.15040233,  0.20742666, -0.09884681, -0.27397136,  0.00803365,  0.33043740,  0.16273816, -0.24289777, -0.24214850,  0.09686869,  0.22338657, -0.03632796, -0.21386183, -0.06237917,  0.18598046,  0.12223377, -0.08964976, -0.10173513,  0.00403925,  0.08849898,  0.04768720, -0.07587892, -0.10711337, -0.03974164,  0.01728380,  0.02899831,  0.00812348,  0.00136089, -0.00969828, -0.02589064,  0.00675090,  0.12738042,  0.14129960, -0.00304437, -0.05899628,  0.08430169,  0.16905956,  0.01608457, -0.22900043, -0.22462961,  0.06801771,  0.21786258,  0.01420712, -0.19157132, -0.08554645
  0.01679724,  0.15515184,  0.05291000, -0.08016661, -0.09351429, -0.02876335,  0.00435261,  0.02755557,  0.09276759,  0.09581618, -0.06443169, -0.15389783,  0.02475145,  0.23539949,  0.18873930, -0.03987781, -0.20516347, -0.23429174, -0.08366539,  0.01394267,  0.06111175,  0.06949982, -0.02518342, -0.11898876, -0.09984127,  0.03045233,  0.13020237,  0.10113651,  0.00799478, -0.04703153, -0.01321760,  0.07806117,  0.11793368,  0.09237604,  0.03578857,  0.04791334,  0.06309772,  0.04263085,  0.05256989,  0.13144278,  0.16897075,  0.07814127, -0.03852141, -0.03056242,  0.03229533, -0.06470557, -0.33868519, -0.50720837, -0.39485263, -0.14495387
  0.01454588, -0.08748323,  0.03250198,  0.13186265,  0.00967039, -0.13742526, -0.05954227,  0.10111484,  0.07334454, -0.06253830, -0.04431480,  0.05596245, -0.00110224, -0.10065086, -0.00942251,  0.15139805,  0.07781456, -0.13068451, -0.14893815,  0.09848677,  0.21162339, -0.02390760, -0.25518415, -0.13203279,  0.19317762,  0.25382709, -0.05360135, -0.29421321, -0.12975293,  0.21295540,  0.25070887, -0.06990990, -0.26245464, -0.04754503,  0.24671076,  0.16634795, -0.14840294, -0.22421284,  0.03652171,  0.22747807,  0.07063916, -0.18060029, -0.15885596,  0.06040094,  0.16005955,  0.06939798, -0.03049831, -0.05469216, -0.04898931, -0.03286805
  0.00205787,  0.04549216,  0.06755316, -0.05028943, -0.13365887, -0.01964205,  0.12199053,  0.07195518, -0.06885781, -0.07235112,  0.01237609,  0.01806203, -0.01123996,  0.04709332,  0.09732296, -0.01288094, -0.16672186, -0.10133056,  0.14585573,  0.17810611, -0.08428511, -0.25612921, -0.06927935,  0.22951400,  0.21698276, -0.10044079, -0.26980360, -0.03569015,  0.26798860,  0.20954822, -0.11758576, -0.23616570,  0.01504165,  0.24666065,  0.09514911, -0.20656925, -0.20747080,  0.07716913,  0.22201405,  0.02814270, -0.20642316, -0.13708799,  0.12286246,  0.20422748,  0.03464357, -0.14686580, -0.16851314, -0.06905022,  0.03625344,  0.07034323
  0.02409596, -0.02871224,  0.08251414,  0.11012020,  0.00515968, -0.11888402, -0.11055371, -0.00983373,  0.04488080,  0.02063693,  0.02187317, -0.02208017, -0.11234193, -0.08251677,  0.09893083,  0.21854899,  0.22098881,  0.09270097, -0.19803935, -0.29888550, -0.20112946, -0.01792855,  0.16515944,  0.19147713,  0.00205228, -0.17594380, -0.11996367,  0.05132721,  0.18177422,  0.18979145,  0.07000876, -0.03420725, -0.03453933, -0.01376611,  0.00728853, -0.02162997, -0.07492079, -0.08335110, -0.08930918, -0.11910142, -0.05549435,  0.08655956,  0.14611695,  0.13890983,  0.14315498,  0.17156908,  0.14316745, -0.06896472, -0.35478607, -0.41240480
  0.04670578, -0.04685491, -0.00955086,  0.01272733, -0.07934552, -0.10453286,  0.08746575,  0.20345628, -0.07342088, -0.22581575,  0.04234022,  0.06488551, -0.14028767, -0.01920927,  0.26251720,  0.11397697, -0.10575623, -0.02952018, -0.15804665, -0.11850914,  0.09730775,  0.24165457,  0.09994161, -0.08055620, -0.03743026, -0.05971366, -0.06252780,  0.12804042,  0.14745928, -0.04927114, -0.05429307,  0.03633589, -0.14100131, -0.23477883,  0.07629008,  0.05422633, -0.19155067, -0.13959702, -0.00996441, -0.11228109, -0.09112483,  0.20076653,  0.20527235, -0.05698762,  0.00016642,  0.16469366, -0.02922798, -0.21781536,  0.14048277,  0.48355614
 -0.05707292, -0.02286799,  0.15704302,  0.02808402, -0.14932589,  0.02811808,  0.11383683, -0.10057071, -0.12155160,  0.08542156,  0.11113923, -0.11134600, -0.11443682,  0.17762062,  0.11755526, -0.23413871, -0.02928521,  0.24288293, -0.12580870, -0.12985240,  0.23933423, -0.03886837, -0.21301452,  0.12511550,  0.03982905, -0.11147619,  0.13341603,  0.05886826, -0.15735703,  0.04428852,  0.16508869, -0.02814194, -0.10577120,  0.02000806,  0.09757910, -0.09932356, -0.18989272,  0.12879161,  0.07488646, -0.27716803,  0.01759345,  0.24184576, -0.20059941, -0.11545291,  0.31727244,  0.02078046, -0.18481247,  0.15496168,  0.12094211, -0.09891021
  0.05814670, -0.08144878, -0.08492743,  0.14455247,  0.05265368, -0.07419299,  0.04998064, -0.01461752, -0.07843714,  0.02646494,  0.06589218,  0.12528613, -0.02007325, -0.17246126,  0.00549086,  0.04867436, -0.16550618,  0.05356181,  0.33433431, -0.21132305, -0.09929972,  0.17982594, -0.21121276, -0.06830589,  0.20881173, -0.08798120, -0.06781849,  0.15910413, -0.09481317, -0.18101034,  0.06815977,  0.06314808,  0.06828418,  0.11078631, -0.04337784,  0.10649273,  0.00977628, -0.10697706,  0.27339987,  0.18596676, -0.25155971, -0.01218363,  0.08018005, -0.28693749, -0.01627482,  0.23133479, -0.16439958, -0.06426769,  0.09776861, -0.28968303
 -0.00919203,  0.01659656, -0.00931932, -0.06999736,  0.04173338,  0.12378779,  0.03211234, -0.04178485, -0.16023526, -0.14868965,  0.14756581,  0.24267914,  0.05414475, -0.11653251, -0.20194699, -0.12466070,  0.15531560,  0.20945343, -0.05483169, -0.04693756, -0.05750805, -0.03723440,  0.10580113, -0.03949765, -0.11409465,  0.05302605,  0.04116833,  0.04309352,  0.11467282, -0.12004494, -0.23069874,  0.06952380,  0.14737569,  0.08700943,  0.16672387, -0.13535741, -0.31409204,  0.01969464,  0.19052282,  0.15803391,  0.13287418, -0.15144798, -0.34491728, -0.06605571,  0.18571224,  0.20956619,  0.10452910, -0.20123416, -0.18806808,  0.11415100
 -0.05053405,  0.06783603,  0.06852401, -0.06503187, -0.11736808,  0.01579588,  0.10865205,  0.08588694,  0.02179894, -0.14377762, -0.22520361,  0.00972536,  0.25342836,  0.20163993, -0.03316808, -0.22997257, -0.17469117,  0.08751681,  0.19623414, -0.00007081, -0.05678065, -0.03031623, -0.01221697,  0.03838120, -0.00217100, -0.03135196, -0.04196623, -0.03326308,  0.13902511,  0.18295639, -0.08806057, -0.21227281, -0.07010575,  0.02877191,  0.13564892,  0.20826753, -0.09154889, -0.29703620, -0.12387569,  0.05182100,  0.19294101,  0.26356918, -0.01579509, -0.30871919, -0.17418611,  0.12911460,  0.24121263,  0.12319909, -0.10500167, -0.11023318
  0.25384179, -0.18502966, -0.26129716,  0.04313146,  0.07694592, -0.02995899,  0.05928998,  0.18703259,  0.01955049, -0.22005951, -0.02167980,  0.19939715, -0.01659020, -0.14150197,  0.03273702,  0.10894936, -0.01861210, -0.04880245, -0.16790246,  0.08663837,  0.20309532, -0.14157942, -0.02909547,  0.27352918, -0.05074366, -0.36581753,  0.01700735,  0.25531918, -0.07592002, -0.16627203, -0.06871151, -0.11194983, -0.00802419,  0.04642771,  0.08797858,  0.11439348,  0.09775948, -0.01303458, -0.04088477,  0.13057033,  0.24350280,  0.06198031, -0.11360183, -0.02072329, -0.00798462, -0.25601864, -0.10478500,  0.13862707, -0.05508517, -0.09420297
  0.03983380, -0.09814493,  0.04729665,  0.05130218, -0.07649761,  0.06970277, -0.00222723, -0.10035318,  0.05921438,  0.03369334, -0.02172254,  0.08003014, -0.06332210, -0.11577784,  0.08427119,  0.06605776, -0.07363495,  0.01543825, -0.00447449,  0.00023399,  0.07213731, -0.14209778,  0.06636095,  0.14943106, -0.25699526,  0.04141816,  0.28055077, -0.23805806, -0.11235038,  0.26838039, -0.18200852, -0.09186137,  0.36421306, -0.17501959, -0.23143831,  0.30656439, -0.05696360, -0.19228449,  0.27322728,  0.02453652, -0.23843657,  0.06493932,  0.02818991, -0.05600491,  0.11752755, -0.07119693, -0.07357889,  0.06925842, -0.08549837,  0.08863165
  0.00185160, -0.04787136,  0.09176924,  0.03865645, -0.15916197, -0.03365888,  0.22073009,  0.00447644, -0.25475197,  0.01104685,  0.15283785, -0.06154745, -0.01961833,  0.05821454,  0.00286157, -0.05092297,  0.01324839,  0.03780744,  0.02062385, -0.01811205, -0.11868987,  0.01798751,  0.13972585,  0.08491869, -0.18386612, -0.15663713,  0.30311948,  0.11061150, -0.31994395,  0.10127636,  0.27811761, -0.22897996, -0.13227172,  0.21815266, -0.07059876, -0.12931891,  0.09673147, -0.19843537, -0.13173276,  0.28197361, -0.02709917, -0.23123460,  0.11068233,  0.09681448, -0.07249100,  0.09445917,  0.09214160, -0.10870359, -0.01597092,  0.15072370
  0.01867733, -0.08968797,  0.11540539,  0.08294852, -0.09629760, -0.11164167,  0.06106596,  0.11633162, -0.07651108, -0.05608169,  0.15486150,  0.01632910, -0.17360400,  0.04410319,  0.13911476, -0.10032581, -0.16101812, -0.01912397,  0.28343641,  0.12237439, -0.31881012, -0.14341685,  0.22973512,  0.01892665, -0.14815387,  0.07347892,  0.06235491, -0.02923348, -0.03689907, -0.15528324,  0.09801657,  0.34218630, -0.17747339, -0.27658173,  0.25485176,  0.19238028, -0.13797866,  0.03627732,  0.08048985, -0.02974743,  0.03312216, -0.07075749, -0.08498879,  0.13569561, -0.03382189, -0.20808776,  0.03579663,  0.09737801, -0.03552715, -0.17482574
 -0.19805689,  0.06123899,  0.22021879,  0.19978791, -0.04416689, -0.23269616, -0.10332553,  0.06952880,  0.00960081, -0.07863577, -0.03761710,  0.05954680,  0.08921338, -0.00057251, -0.01440658, -0.00551275, -0.04658784, -0.12366144,  0.09699741,  0.23107932, -0.01294120, -0.29485644, -0.16604928,  0.21005334,  0.13648172, -0.11267867,  0.02818943,  0.17440404,  0.04933355, -0.07911876,  0.03719318,  0.24134359,  0.15698440, -0.14842414, -0.31379979, -0.04320049,  0.09863950, -0.13433564, -0.23407087, -0.04672626,  0.05593387, -0.05344157, -0.15295346, -0.01846143,  0.21523696,  0.27090622,  0.03332330, -0.09439645,  0.02983220,  0.12462715
 -0.16516063,  0.29091573, -0.09538557,  0.01980302, -0.13187652,  0.07553061, -0.02506401, -0.08158505,  0.18253941, -0.08215780, -0.02772597,  0.09483242, -0.05476111, -0.00564744, -0.10618655,  0.17157281, -0.17082249,  0.05203537,  0.27402816, -0.35673650,  0.12082384, -0.01074300, -0.01478962,  0.11140591, -0.06724317,  0.08815899, -0.12399074,  0.09828891, -0.04753789, -0.12795320,  0.24582801, -0.12962587, -0.01617689, -0.03821275, -0.06348574,  0.12190790, -0.12978679,  0.12028539, -0.04908418, -0.05471029,  0.15519088, -0.21511262,  0.07212364,  0.05507360,  0.07911322, -0.03812621, -0.09622726,  0.21123267, -0.30963724,  0.25782884
  0.19565604, -0.35233423, -0.04894902,  0.35215129,  0.01929411, -0.04392605, -0.14887143,  0.07983894, -0.02041980, -0.04994415,  0.17189653, -0.15138500, -0.06442042,  0.14843331,  0.06085526, -0.15431596, -0.07207653,  0.03726808,  0.09650032, -0.09456533,  0.18176140, -0.06853061, -0.17915101, -0.06554971,  0.08075669,  0.09630820, -0.05269621,  0.03090904, -0.06097631,  0.10070881, -0.03863007,  0.04406515,  0.19320795,  0.06070701,  0.01057406, -0.08095624, -0.05925158,  0.23021121, -0.11038476, -0.02477490, -0.08233937, -0.06933563,  0.07820299, -0.14178294, -0.13559547, -0.12895175,  0.35969303, -0.07263514, -0.29877143,  0.14745670
  0.03128468, -0.01091898, -0.10135073,  0.05551582,  0.15754756, -0.18324116,  0.10415691, -0.06632053,  0.03563766, -0.00893448, -0.06564262,  0.17399746, -0.23703363,  0.13570689,  0.08050522, -0.17111446,  0.10222949, -0.05685561,  0.04963125, -0.06026559,  0.02936057,  0.14237175, -0.29655120,  0.23755614, -0.14313156,  0.00655975,  0.16453211, -0.23714028,  0.20937332, -0.10948818,  0.03806967,  0.03507644, -0.07079313,  0.19185484, -0.14653655,  0.04954427,  0.01376343, -0.09893521,  0.20463884, -0.25476779,  0.17032569, -0.08367718, -0.08120528,  0.23108494, -0.33107687,  0.14655401,  0.05890709, -0.06719906, -0.01084091,  0.01643716
  0.08200191, -0.10234010, -0.06780178,  0.14955418, -0.08078427, -0.03207048,  0.13263838, -0.06025130,  0.00293608, -0.09005124,  0.15332680, -0.12541089, -0.05281971,  0.23699750, -0.19585956,  0.01433279,  0.15127986, -0.07855188, -0.14363296,  0.12292123,  0.10822863, -0.22959162,  0.15146616,  0.04690450, -0.23272712,  0.23663905, -0.16292758,  0.01531911,  0.12506680, -0.12194695,  0.06788211, -0.10586431,  0.10954350, -0.02174315, -0.03789010,  0.13362972, -0.13373253,  0.08838215, -0.05209919, -0.00523373,  0.09507269, -0.15014488,  0.26588721, -0.21466884, -0.09216197,  0.29394523, -0.25739481,  0.01963954,  0.19579976, -0.19003540
  0.01486515, -0.05916254,  0.11248183, -0.14757283,  0.15419428, -0.14764999,  0.18067755, -0.21860235,  0.21170046, -0.20471329,  0.16621337, -0.14851086,  0.15846654, -0.14266062,  0.10344537, -0.03807399,  0.03140920, -0.05080134,  0.00203980,  0.06663678, -0.13049905,  0.17449127, -0.16296580,  0.15631316, -0.18609779,  0.19955455, -0.20864616,  0.23201104, -0.20166236,  0.17095220, -0.12621606,  0.08590435, -0.05826222,  0.02573403,  0.02008106, -0.08558636,  0.09802587, -0.15076532,  0.16042220, -0.18639412,  0.18636826, -0.16105062,  0.14949057, -0.15982166,  0.18357852, -0.13466527,  0.07053914, -0.00206847, -0.01021924,  0.01537970
  0.10692930, -0.24867239,  0.17279202, -0.02880323,  0.02653166, -0.01389537,  0.03077172, -0.02557784, -0.05501615,  0.06747452, -0.06172401,  0.02535636, -0.05918247,  0.16242739, -0.19896258,  0.18529277, -0.07811470, -0.02843740, -0.05867729,  0.20007355, -0.25757502,  0.24776130, -0.15815926,  0.03348471, -0.02902043,  0.03195549, -0.01163736, -0.00405497,  0.10146604, -0.14180779,  0.18049960, -0.19192998,  0.25887627, -0.21261572,  0.23687354, -0.25048907,  0.13795961, -0.09335375,  0.03999057, -0.04040755, -0.05168397,  0.08901103, -0.07969822, -0.01645577, -0.01367262,  0.08686926, -0.15759631,  0.25934624, -0.26706796,  0.14557271
  0.02344982,  0.02454731, -0.17758744,  0.24399490, -0.16290908,  0.16621177, -0.02152501, -0.14009464,  0.09363222, -0.14538973,  0.00113861,  0.08184346, -0.03055856, -0.02285852,  0.18234317, -0.16272135,  0.21201618, -0.25654266, -0.04277873,  0.25904402, -0.28178236,  0.20738288,  0.03461044, -0.23652479,  0.14478651, -0.13298498,  0.15631462, -0.00427460,  0.05592230,  0.03407619,  0.00291114,  0.03427383, -0.08054934,  0.20788692, -0.17710245,  0.05071105, -0.20157254,  0.03285546, -0.06743862, -0.05908135,  0.03226845, -0.02155299,  0.06395437, -0.13565469,  0.16225127,  0.00186828, -0.11901557,  0.27767909, -0.16884187,  0.06643884
 -0.03792182,  0.17114865, -0.32183539,  0.28365320,  0.03406550, -0.31929127,  0.31051253, -0.08696548, -0.19818296,  0.30545173, -0.14389780, -0.07093964,  0.18228189, -0.17265980,  0.12432619, -0.04441599, -0.13067679,  0.21741450, -0.16359516,  0.08162955,  0.02417754, -0.10400811,  0.10226924, -0.11629178,  0.07096726,  0.03764907, -0.05224117,  0.03571959, -0.04934630,  0.09752026, -0.11806664,  0.08176706,  0.04490637, -0.10167013,  0.09539600, -0.07647342,  0.03839698, -0.02475698,  0.06392803, -0.08566244,  0.07871705, -0.08182297,  0.02001705,  0.05855209, -0.12806899,  0.11203325, -0.10519921,  0.15877535, -0.18479645,  0.07911801
  0.08583318, -0.24759602,  0.17474335,  0.14601591, -0.39664538,  0.15122481,  0.23674977, -0.35731409,  0.27549682,  0.18283930, -0.37153255,  0.22210569, -0.04136630, -0.10525187,  0.00012096, -0.04796669,  0.10673497,  0.03768371, -0.02650415, -0.01510200,  0.03131613, -0.08570155,  0.05231820,  0.06281800,  0.02620120, -0.01310530, -0.15409011,  0.03892278, -0.00868723, -0.13378898,  0.02344703,  0.09281720, -0.11682451, -0.00391935,  0.10803691, -0.00193262,  0.12758723,  0.05732577,  0.00838021,  0.03692715, -0.03504963,  0.00432624,  0.00063190, -0.04355839, -0.04749371, -0.03555700,  0.10135332, -0.22217178,  0.03351203,  0.08944184
  0.05436491, -0.12182263,  0.08932751, -0.05357609,  0.08286790, -0.10038947,  0.09171155,  0.05285835, -0.22678969,  0.23406743, -0.10568366, -0.13982970,  0.28576722, -0.24094096,  0.08334897,  0.07666849, -0.06384873,  0.01675023, -0.06832373,  0.09012430, -0.08487283,  0.07849003, -0.04333446,  0.05732947, -0.11663301,  0.08662265, -0.03054753, -0.06622294,  0.22607391, -0.29137965,  0.27741509, -0.15887769,  0.01587163,  0.16132241, -0.22695444,  0.25120902, -0.25025730,  0.13739736, -0.04448133, -0.05565588,  0.02036228,  0.02644799, -0.02322409, -0.09043718,  0.17568688, -0.20586884,  0.17999535, -0.09347129,  0.01124300,  0.03987875
  0.06294320, -0.12239919,  0.02065894,  0.10145416, -0.14711940,  0.11282244, -0.03996281,  0.07849498, -0.06913173,  0.00793159,  0.11332359, -0.24419708,  0.14843680,  0.07045959, -0.28782405,  0.29252014, -0.09016133, -0.00332015,  0.00723715, -0.05366299,  0.09918851, -0.12492646,  0.11449487, -0.02913684, -0.00142673, -0.05346547,  0.04653085, -0.11413718,  0.14278936, -0.07662238, -0.09331727,  0.28442204, -0.33650897,  0.29688325, -0.08879941, -0.02572177,  0.18325522, -0.25141147,  0.26608027, -0.18833407,  0.00560850,  0.05337191, -0.03346811, -0.08413387,  0.04530156, -0.01981262, -0.04453603,  0.08306696, -0.14270233,  0.12382872
 -0.04909206,  0.09274352, -0.04203108, -0.01399895, -0.02805229, -0.04959303,  0.04294861, -0.00703412,  0.05044935,  0.01600146,  0.04492203, -0.05543139,  0.04089065, -0.05058805, -0.02059728, -0.00936341, -0.03846770,  0.14457773, -0.04705206, -0.02286206, -0.01719503,  0.11283487, -0.23535838,  0.29767499, -0.07384148, -0.11186161,  0.23795370, -0.36717029,  0.21312438, -0.07723374, -0.18328989,  0.19934327, -0.15600280, -0.11084059,  0.16566611, -0.09371224,  0.06817894,  0.17846672, -0.23050612,  0.30179970, -0.06508704, -0.14008488,  0.30377290, -0.23737599,  0.14000742, -0.03276034, -0.06035218,  0.03237817, -0.03803135,  0.01077913
  0.04139114, -0.16227293,  0.23221038, -0.14646064, -0.05034850,  0.10117668, -0.08811065,  0.06973077,  0.00131102,  0.08273595, -0.04175798, -0.03749256,  0.04926525, -0.03269108, -0.10765549,  0.12060281, -0.11276811,  0.15182282, -0.07440402,  0.05861273, -0.08926336,  0.07726380, -0.04128164, -0.05731550,  0.27828708, -0.31285121,  0.13744906, -0.02476260, -0.15364246,  0.11928639, -0.10869157,  0.01055984,  0.06438638, -0.10212521, -0.00511128,  0.22057725, -0.16346130,  0.17013504,  0.08321612, -0.22991842,  0.36364464, -0.34502206,  0.18324132,  0.00905227, -0.17616097,  0.13091514, -0.05399923, -0.08280002,  0.04141805,  0.00158653
  0.02080968, -0.02429625,  0.01946212, -0.11082152,  0.28709172, -0.30559566,  0.26924245, -0.11283316, -0.10162134,  0.11678165, -0.20711087,  0.23593565, -0.25978951,  0.30871718, -0.24416045,  0.19766690,  0.00088370, -0.18272300,  0.11117984, -0.06523628,  0.05000025, -0.05065512,  0.12544134, -0.16468462,  0.06443554, -0.08836885,  0.09688573,  0.02199273, -0.02605114,  0.14321716, -0.08873370,  0.08338362, -0.02697471,  0.07843966, -0.02521697, -0.00750267, -0.12316868,  0.04345899, -0.09129812, -0.03400468,  0.00485301, -0.02950826,  0.07715214, -0.19980365,  0.25001779, -0.17471092,  0.10607664, -0.00336388,  0.01290462,  0.01201294
  0.01326514, -0.06817580,  0.13579277, -0.13771144,  0.07356923,  0.12610939, -0.29615287,  0.31042193, -0.24607370,  0.21924037, -0.26031627,  0.24398994, -0.12259563, -0.08054114,  0.24041239, -0.23529639,  0.10201618, -0.02111866,  0.02034767, -0.03822898,  0.08270477, -0.12564797,  0.06613337,  0.01718591, -0.12927953,  0.15674621, -0.09486520,  0.04118988, -0.00672713,  0.00294277,  0.03180543,  0.05576345, -0.06702696,  0.09559349,  0.02786543, -0.12478846,  0.15088586, -0.10823041,  0.05367390, -0.07611237,  0.08084333, -0.19774064,  0.23023425, -0.23612544,  0.08191852,  0.04733894, -0.13278722,  0.14235900, -0.10073467,  0.03292518
  0.03384965, -0.03480878, -0.04025456,  0.05313610,  0.05935565,  0.12918649, -0.01072567, -0.02591435, -0.05867359,  0.00952441, -0.17528332, -0.08037402,  0.24556049, -0.20065128,  0.04667890,  0.21579968,  0.05178494, -0.37908628,  0.22126830, -0.11057447,  0.05259126, -0.02193621, -0.04432660,  0.10338178, -0.27641041, -0.06887402,  0.17361781,  0.04814064, -0.04224727,  0.21505228,  0.05817200,  0.15442698,  0.06537689,  0.08046207,  0.31607663, -0.14098704, -0.21116787,  0.13187476, -0.16888898, -0.19742687, -0.09942572, -0.00460885, -0.14244896, -0.04936102, -0.17235760,  0.16836189, -0.08753020, -0.00286257,  0.10675281, -0.00777356
  0.03891506, -0.11433436,  0.11442092, -0.00667181,  0.10433011, -0.00170613,  0.01915811, -0.10461882,  0.17262405, -0.27214740, -0.00902729,  0.15484528, -0.09790939, -0.10832913,  0.21969725,  0.14205370, -0.45450997,  0.30791398, -0.10340800,  0.01458919, -0.01853330, -0.06365900,  0.12635576, -0.21736784, -0.07999796,  0.10997924,  0.07409228, -0.12463302,  0.16031153,  0.08875706,  0.11143324,  0.04068245,  0.07580152,  0.28965362, -0.05593569, -0.13693817,  0.10168574,  0.01667577, -0.26106272, -0.06741746,  0.01839822, -0.10992890, -0.13888442, -0.04794881, -0.02583121,  0.04639613, -0.10403657,  0.04519183,  0.10532251, -0.09838698
  0.08942341, -0.11146355, -0.07924491,  0.11903142, -0.04012465, -0.18565958, -0.13492701,  0.08593377,  0.09754429,  0.01639578,  0.01853761,  0.15991061,  0.08075572, -0.11903776, -0.05896305,  0.04290521, -0.11044848, -0.04713194,  0.21607245,  0.04885461, -0.11211311, -0.02481151,  0.14299945,  0.05366046, -0.02622242,  0.17101463,  0.12719529, -0.17857325, -0.19435380,  0.00180102, -0.11327353, -0.30091524, -0.23665074, -0.06119552, -0.13374796, -0.27915817,  0.03610757,  0.30686248,  0.11908954, -0.04180253,  0.26258497,  0.32409625,  0.08425347,  0.00568300,  0.13639902,  0.17978825, -0.02602528, -0.12758553,  0.01818292, -0.01700365
 -0.02131087,  0.05949561,  0.01325580, -0.19394398,  0.31730665, -0.05050944, -0.16624649, -0.16162888,  0.25756575, -0.04180848, -0.05502829,  0.02209732,  0.07290904,  0.02466692, -0.02032417, -0.05766501, -0.07344667,  0.08421781, -0.16209489,  0.25731581,  0.04078487, -0.26125426,  0.03792576,  0.05466747,  0.01561053, -0.07605088,  0.14012455,  0.12590510, -0.14679285, -0.14000672,  0.22013645,  0.07254280, -0.20721697,  0.04644032,  0.05089020, -0.01641511, -0.22841071,  0.05875280,  0.18902054,  0.03781004, -0.29992977,  0.12477686,  0.18827881, -0.07715735, -0.19195915,  0.15060556,  0.07701664,  0.01522115, -0.20766548,  0.08811346
 -0.00195873,  0.02961210, -0.06359056,  0.08237947, -0.09280036,  0.12305944, -0.11542807,  0.08168914, -0.13351548,  0.12566494, -0.12498328,  0.13575247, -0.12151842,  0.15147257, -0.13778345,  0.16919839, -0.18816234,  0.14731843, -0.16970862,  0.17773643, -0.16363699,  0.19582032, -0.21160440,  0.19453345, -0.21158319,  0.21381895, -0.18254825,  0.22015992, -0.18489774,  0.19167260, -0.20105367,  0.18748789, -0.17809945,  0.14759794, -0.16626483,  0.12272778, -0.17320582,  0.10866718, -0.12234671,  0.12032809, -0.08781409,  0.08974147, -0.07027791,  0.10733462, -0.06045563,  0.04832453, -0.00964370,  0.02565458,  0.01162609, -0.03093002
  0.03536591,  0.04437014, -0.13462835,  0.11108746, -0.06301287,  0.24333820, -0.14110278, -0.23691972, -0.11564931,  0.05687883, -0.03301923,  0.09259330,  0.07805244,  0.10767477,  0.07417059,  0.11149540, -0.26170880, -0.09021659, -0.04453360,  0.05956313,  0.16410979,  0.00574127, -0.10666760, -0.06581597, -0.02912447,  0.05433198,  0.18916955,  0.14408940,  0.13510683, -0.12374516,  0.00421069, -0.02790130,  0.00878874, -0.20960485, -0.01154856, -0.29312518, -0.18217068, -0.27267965,  0.10735389,  0.01493571,  0.15727656, -0.09882568,  0.24607818,  0.14291987,  0.10777719, -0.08700949,  0.28395598,  0.00088174,  0.14258025, -0.24630430
  0.12515120, -0.27641990,  0.27534602, -0.21382599,  0.07022655, -0.04571868,  0.11461179, -0.19124875, -0.06897350,  0.05060556,  0.08476346, -0.04108039,  0.11745778, -0.04657789,  0.13058355, -0.06915461,  0.00483751, -0.13312135,  0.10390527, -0.15532988,  0.21656291,  0.00302951, -0.00787663, -0.07625282,  0.06663429,  0.07261606, -0.02119147,  0.07077314,  0.07719813, -0.05747190, -0.24814655,  0.07399720, -0.14504225, -0.05643724, -0.22405639, -0.00160135, -0.14472704,  0.01654634, -0.14692784,  0.29545798,  0.04633874,  0.07686094,  0.00852681,  0.30456769, -0.07640538,  0.16924015, -0.15797240,  0.30092714, -0.15200329, -0.01456470
