 -0.14041527, -0.14041916, -0.14042583, -0.14043907, -0.14045896, -0.14048509, -0.14051977, -0.14056306, -0.14061174, -0.14066398, -0.14072175, -0.14078349, -0.14084779, -0.14091378, -0.14097902, -0.14104390, -0.14111270, -0.14118573, -0.14125503, -0.14132462, -0.14139326, -0.14146271, -0.14153256, -0.14159844, -0.14166028, -0.14171744, -0.14176956, -0.14181557, -0.14185482, -0.14188838, -0.14191616, -0.14193720, -0.14195257, -0.14196288, -0.14197060, -0.14197543, -0.14197890, -0.14198044, -0.14197961, -0.14197663, -0.14197282, -0.14196903, -0.14196500, -0.14195998, -0.14195469, -0.14194965, -0.14194405, -0.14193787, -0.14193267, -0.14192814
  0.06486068,  0.09565663,  0.12407275,  0.14914536,  0.17048483,  0.18778838,  0.20101756,  0.21000580,  0.21451143,  0.21492647,  0.21205627,  0.20613429,  0.19745427,  0.18620147,  0.17272889,  0.15713793,  0.13975811,  0.12037837,  0.09915945,  0.07737368,  0.05522391,  0.03298368,  0.01105288, -0.01018899, -0.03063649, -0.04984012, -0.06721443, -0.08267632, -0.09614695, -0.10781875, -0.11794449, -0.12656126, -0.13387405, -0.14002252, -0.14496099, -0.14896402, -0.15200161, -0.15384506, -0.15465664, -0.15459482, -0.15358173, -0.15170520, -0.14932206, -0.14641668, -0.14302723, -0.13931856, -0.13545124, -0.13149524, -0.12736344, -0.12306096
 -0.36543719, -0.33583705, -0.29937066, -0.25961318, -0.21756934, -0.17408463, -0.13132318, -0.09083668, -0.05267486, -0.01638003,  0.01732702,  0.04860350,  0.07773469,  0.10457655,  0.13031163,  0.15413110,  0.17323279,  0.18557851,  0.19452086,  0.19932515,  0.20014655,  0.19557976,  0.18562613,  0.17270079,  0.15664632,  0.13840382,  0.11934034,  0.10051405,  0.08292484,  0.06614772,  0.05020375,  0.03607981,  0.02336060,  0.01193522,  0.00090410, -0.00981772, -0.02078192, -0.03090764, -0.03986020, -0.04764530, -0.05444831, -0.06056907, -0.06632026, -0.07104830, -0.07498423, -0.07853603, -0.08139713, -0.08351803, -0.08546288, -0.08692906
 -0.26519129, -0.22330213, -0.19309351, -0.15813021, -0.11635030, -0.06775714, -0.01143269,  0.05348702,  0.12412555,  0.18868709,  0.23578900,  0.26045019,  0.25861257,  0.23149869,  0.17568602,  0.09829267,  0.01250510, -0.06078953, -0.12312793, -0.17858610, -0.22225289, -0.24568669, -0.24653821, -0.23258727, -0.20131808, -0.15832486, -0.11374934, -0.07171902, -0.03745377, -0.00898130,  0.01567838,  0.03244469,  0.04350088,  0.04955309,  0.05165803,  0.05290978,  0.05593402,  0.05597622,  0.05406653,  0.05196346,  0.04945684,  0.04861287,  0.05443172,  0.06274216,  0.07193827,  0.08354281,  0.09669625,  0.10980435,  0.12175762,  0.13100243
 -0.23257000, -0.21539408, -0.14690301, -0.04931485,  0.06292999,  0.17258213,  0.25636769,  0.29624593,  0.28644311,  0.23174290,  0.13995037,  0.02698654, -0.08823293, -0.18835300, -0.25255122, -0.27641535, -0.26970790, -0.24288348, -0.18542567, -0.10783059, -0.02182005,  0.05322222,  0.10794835,  0.14587225,  0.16044306,  0.15514736,  0.13839361,  0.11700264,  0.09725672,  0.07696206,  0.05560305,  0.03762332,  0.02071125,  0.00433811, -0.01506770, -0.03678075, -0.05963329, -0.07356548, -0.07531375, -0.06547930, -0.04590248, -0.02091526,  0.00307635,  0.02415493,  0.03631424,  0.03530940,  0.02245945, -0.00038988, -0.03177694, -0.06366321
  0.46619177,  0.21362726,  0.00170788, -0.17234420, -0.27200124, -0.27524585, -0.20645625, -0.10199804,  0.01280312,  0.12202496,  0.19113356,  0.20483007,  0.16711657,  0.08527837,  0.00928308, -0.04206139, -0.09081827, -0.16781788, -0.19724847, -0.17092741, -0.08774155,  0.00698005,  0.08068155,  0.15302448,  0.18924604,  0.17965544,  0.13886123,  0.08242372,  0.03566464, -0.00131261, -0.02673346, -0.02037122,  0.00586610,  0.04308141,  0.07085549,  0.07868018,  0.04561240, -0.00851972, -0.06661072, -0.11514780, -0.14663933, -0.15984947, -0.16063002, -0.13112557, -0.07485332, -0.01629038,  0.03150415,  0.05728215,  0.04487803, -0.00434471
  0.19328941,  0.04915582, -0.08897463, -0.15800049, -0.15340296, -0.10687279, -0.04340898,  0.02933686,  0.09879868,  0.13050406,  0.11016025,  0.05356529, -0.01350296, -0.06461323, -0.11244991, -0.14758543, -0.12762373, -0.00716512,  0.14257175,  0.24754865,  0.26769018,  0.21540244,  0.11372660, -0.02947668, -0.16419731, -0.25733151, -0.29411124, -0.26852116, -0.19695614, -0.08357639,  0.05052943,  0.15316863,  0.19512891,  0.16176569,  0.07636518, -0.02195556, -0.09794861, -0.14778363, -0.15490728, -0.11354479, -0.04241737,  0.03804588,  0.11731164,  0.16922487,  0.18177151,  0.15109501,  0.08175888, -0.00123487, -0.05853592, -0.07192231
  0.28207569,  0.06730819, -0.08564294, -0.18352675, -0.19135715, -0.10451441,  0.02448526,  0.13308572,  0.17737758,  0.15242267,  0.06207492, -0.05998119, -0.15890007, -0.20261783, -0.13564334,  0.01991779,  0.17306487,  0.20407209,  0.15680843,  0.05963762, -0.04415722, -0.15085821, -0.23705027, -0.22123130, -0.13878990, -0.02867536,  0.08978629,  0.18700159,  0.25604582,  0.27106702,  0.21722075,  0.12666464,  0.01161199, -0.09361928, -0.15748350, -0.16311255, -0.13838263, -0.07728472,  0.00874732,  0.08941850,  0.12953598,  0.10784854,  0.01961363, -0.07114118, -0.11683722, -0.12219979, -0.09355437, -0.04557399, -0.00661238,  0.00237639
  0.20728613,  0.01649549, -0.22384223, -0.28235349, -0.11591219,  0.11655414,  0.24931509,  0.23712221,  0.11150934, -0.09155859, -0.27202968, -0.29754564, -0.11756782,  0.15312360,  0.27237745,  0.16311467, -0.00517313, -0.03323342, -0.00507621, -0.00992645, -0.05765458, -0.06437499, -0.00634430,  0.04672534,  0.07626642,  0.06025382,  0.00261489, -0.07003982, -0.12930165, -0.10832584, -0.01010012,  0.06393895,  0.04616022, -0.06394785, -0.15040503, -0.11775999,  0.01311577,  0.11454115,  0.13028772,  0.06514070, -0.05643345, -0.16730126, -0.17641090, -0.05883850,  0.13401906,  0.26460683,  0.22942433,  0.07404796, -0.05839928, -0.09837017
  0.16499627, -0.07048070, -0.14527538, -0.06751414,  0.07912838,  0.16373430,  0.11208367, -0.04299033, -0.19287816, -0.19360950, -0.01430412,  0.19238508,  0.24494342,  0.07656902, -0.12844197, -0.18623903, -0.06997799,  0.02192991,  0.04202279,  0.05430387,  0.07172863,  0.04055768, -0.04702807, -0.08671710, -0.10120529, -0.10052115, -0.05074770,  0.04250888,  0.17789512,  0.26810771,  0.20179901,  0.00437633, -0.21451710, -0.28504257, -0.12413764,  0.14061873,  0.27872674,  0.21847648,  0.02795993, -0.15574050, -0.21357492, -0.13084821, -0.00598479,  0.11216713,  0.16751658,  0.10231357, -0.03111185, -0.13040667, -0.13812911, -0.07912493
  0.06895024, -0.00589818, -0.10465393, -0.08590855,  0.02953960,  0.08908459,  0.02094904, -0.04731772,  0.01429838,  0.11075901,  0.05967100, -0.10193858, -0.17949700, -0.08784983,  0.03005935,  0.06126448,  0.04264681,  0.10191943,  0.19015486,  0.13345543, -0.05505491, -0.20699887, -0.22165418, -0.13465928,  0.01129894,  0.14937623,  0.21422715,  0.18016224,  0.02744248, -0.17010904, -0.28287369, -0.24923483, -0.08263083,  0.12501913,  0.26352032,  0.27085738,  0.13465150, -0.09567713, -0.25628168, -0.23807307, -0.11529471, -0.00288182,  0.08614729,  0.15897878,  0.19805583,  0.14430529, -0.00210506, -0.11579644, -0.08868974,  0.01422611
  0.18240269, -0.06516176, -0.16591417, -0.07843566,  0.09308891,  0.17362357,  0.10055403, -0.03878966, -0.15216949, -0.16987105, -0.07260414,  0.07410668,  0.15853412,  0.08808853, -0.01811768, -0.02127328,  0.09026574,  0.11093439, -0.01435985, -0.17469858, -0.23257884, -0.17479210, -0.04690607,  0.15269705,  0.26536887,  0.19064952, -0.00504983, -0.18657390, -0.19817234, -0.03434116,  0.15718442,  0.24835589,  0.17996724,  0.04792195, -0.01855224, -0.03538403, -0.10733251, -0.19393109, -0.19374892, -0.07678429,  0.09262824,  0.22010263,  0.22061003,  0.13865037,  0.02414757, -0.11947646, -0.21421760, -0.18218028, -0.05534559,  0.03717462
  0.11239879, -0.06212862, -0.21832014, -0.03512189,  0.25671827,  0.20822843, -0.16273903, -0.32696966, -0.03081226,  0.29975903,  0.18308088, -0.15670750, -0.20043138,  0.04713053,  0.15550187, -0.00002306, -0.14228279, -0.05445620,  0.10665454,  0.03956940, -0.11065228, -0.05950863,  0.12622829,  0.19686443,  0.06569690, -0.14051726, -0.21292491, -0.08022133,  0.09015833,  0.14735413,  0.08612342, -0.03022517, -0.11580584, -0.10125860, -0.00709141,  0.07211259,  0.02658878, -0.09530093, -0.06576963,  0.13542208,  0.20672463,  0.00604903, -0.21558427, -0.18554463,  0.03350893,  0.10932245, -0.04191826, -0.11497426,  0.05730383,  0.19871523
  0.13314622, -0.16780233, -0.08114442,  0.17240634,  0.13338994, -0.16505756, -0.23669945,  0.08578159,  0.31286688,  0.05525442, -0.31852692, -0.21656256,  0.19421157,  0.26296495, -0.03988286, -0.20338147, -0.00482230,  0.16425162,  0.05435355, -0.17151844, -0.11091218,  0.10291237,  0.11757486, -0.01233545, -0.12519758, -0.08477528,  0.06916718,  0.13705948,  0.07457487, -0.01051740, -0.05013558, -0.03192076,  0.00165816,  0.04105814,  0.05785930,  0.01361168, -0.11167022, -0.12368590,  0.03240913,  0.09988864, -0.05919521, -0.18751667, -0.06041498,  0.20024112,  0.23109955, -0.04983321, -0.23040393, -0.06462087,  0.13131041,  0.03948631
 -0.01609490,  0.00433843,  0.12238689,  0.05711456, -0.09390880, -0.09807665,  0.02697969,  0.05784966, -0.02950156, -0.05028640,  0.03518181,  0.01462020, -0.09076570, -0.03336189,  0.14541484,  0.15131707,  0.00368980, -0.05189585, -0.02214743, -0.00901355, -0.15011017, -0.21799857,  0.01180625,  0.27470178,  0.18638836, -0.16651466, -0.30392421, -0.03536052,  0.31154250,  0.30913782, -0.02271193, -0.21928720, -0.03399621,  0.20130175,  0.13199948, -0.14543540, -0.21561128,  0.00353168,  0.14422777, -0.01343244, -0.18583779, -0.07896112,  0.16315026,  0.24203893,  0.12065065,  0.00341576, -0.02025424, -0.06905434, -0.16653156, -0.18244537
  0.01653793, -0.09888426,  0.01483969,  0.13376812,  0.02966953, -0.12686542, -0.06868841,  0.09154079,  0.07577658, -0.05912340, -0.04572290,  0.06087210,  0.00597321, -0.11221728, -0.03676622,  0.14095075,  0.09629561, -0.10866205, -0.14879952,  0.08966587,  0.22440931,  0.00272808, -0.25183493, -0.16004167,  0.17254295,  0.27152750, -0.02151390, -0.29490425, -0.17000188,  0.17866477,  0.25888961, -0.04402608, -0.26608850, -0.08047481,  0.22966859,  0.18638432, -0.12384754, -0.23123446,  0.01097805,  0.22112148,  0.08699283, -0.17329642, -0.17800950,  0.03161556,  0.14669183,  0.07870754, -0.00411581, -0.01929909, -0.01666681, -0.01576331
 -0.01173329, -0.04423588,  0.04348268,  0.12612602,  0.08547866, -0.07856456, -0.15740868, -0.05713053,  0.06941979,  0.06702721,  0.02483565, -0.03068997, -0.09660173, -0.08981100,  0.04150046,  0.19176555,  0.26364066,  0.11898820, -0.25070165, -0.33820482, -0.10723757,  0.14048129,  0.18136581,  0.01346724, -0.14620213, -0.10089748,  0.05906623,  0.07399222, -0.00067760,  0.02692855,  0.11874911,  0.11530715, -0.01921048, -0.13562705, -0.03632440,  0.11227447,  0.07905804, -0.08885703, -0.18887516, -0.10818991,  0.08548394,  0.16230047,  0.04858694, -0.01906928,  0.08365462,  0.23130107,  0.23071140, -0.00797208, -0.30833600, -0.37218903
  0.07576640, -0.18186096, -0.13517135,  0.06571430,  0.13575853,  0.04244653, -0.03792524, -0.03632711, -0.02665524, -0.04774945,  0.01054713,  0.10576713, -0.01003180, -0.23081845, -0.23714585,  0.00164260,  0.20557018,  0.27830854,  0.15979489, -0.03703602, -0.12644914, -0.09672991,  0.02829640,  0.13292847,  0.10342858, -0.02766787, -0.10706778, -0.08234170, -0.04388988, -0.01467707, -0.01324434, -0.05850481, -0.06461984, -0.04900730, -0.04555564, -0.04726451, -0.05143475, -0.05500210, -0.05335473, -0.11279762, -0.19770419, -0.16410863, -0.03241316,  0.00628281, -0.05401888,  0.00044633,  0.28225962,  0.50786833,  0.35450923, -0.01957432
 -0.13022789,  0.09350119,  0.16297108, -0.05175789, -0.05892951,  0.11452806, -0.02535269, -0.21850352,  0.01903613,  0.23089240, -0.00416357, -0.17559467,  0.07634101,  0.20509632, -0.12981863, -0.23010191,  0.11054775,  0.09552900, -0.06696425,  0.10421424,  0.08584677, -0.25505608, -0.11995834,  0.12987352, -0.02751859,  0.03642141,  0.15694132, -0.12963069, -0.15799946,  0.15280378,  0.11887818, -0.07200368,  0.03551629,  0.16226695, -0.02226000, -0.14078685,  0.06741204,  0.20746983, -0.06148083, -0.10886717,  0.18265900, -0.00630381, -0.26272206,  0.09395206,  0.17971834, -0.16192546, -0.02150375,  0.21784576, -0.10734455, -0.29326522
 -0.02261495,  0.09663037, -0.06286473, -0.08897013,  0.11437815,  0.03730721, -0.14574866,  0.00663494,  0.15719044,  0.01465947, -0.13858412,  0.00306164,  0.16773931, -0.04790752, -0.18506270,  0.13307656,  0.11816446, -0.23536151,  0.02738252,  0.23559005, -0.19589518, -0.11286045,  0.22065116, -0.06338924, -0.10238449,  0.16204539, -0.05232932, -0.16213007,  0.11908415,  0.07271040, -0.13397467, -0.02054345,  0.11389535,  0.02843178, -0.11463197,  0.01341295,  0.23669517, -0.02130510, -0.17591201,  0.20604447,  0.12361049, -0.25565323,  0.08442888,  0.23563634, -0.25164141, -0.13956915,  0.22606237, -0.06321177, -0.20680437,  0.04496025
  0.10255195, -0.07155893, -0.05419918, -0.09679380, -0.01961908,  0.04484372,  0.01428495,  0.13723334,  0.00379434, -0.19743295,  0.03238424,  0.02739764, -0.12597771,  0.02874436,  0.09207969,  0.00635617,  0.13646370,  0.04823746, -0.40550042,  0.10247644,  0.18849372, -0.10236457,  0.21278392,  0.10991341, -0.20459075, -0.05046701,  0.02379141, -0.00366408,  0.11170797,  0.00534737, -0.13119209,  0.00197170, -0.11486531, -0.20010237,  0.18659594, -0.06191306, -0.18523305,  0.09859260, -0.14547959, -0.22909400,  0.19457462,  0.07278643, -0.13219721,  0.19182068,  0.08112792, -0.22926128,  0.06692911,  0.05916260,  0.00928507,  0.36940034
 -0.05352799,  0.05553130,  0.03170405, -0.07221137,  0.01473851,  0.12181398,  0.04687735, -0.05861203, -0.15602020, -0.13054824,  0.09739685,  0.22330613,  0.12679952, -0.06767099, -0.22469095, -0.17658304,  0.10446428,  0.21694738,  0.04789123, -0.06191858, -0.10545728, -0.02364959,  0.07334964, -0.06126496, -0.08321618,  0.07491740,  0.03291337,  0.02077505,  0.12645497, -0.06896358, -0.22031692,  0.02874450,  0.15103056,  0.12276786,  0.15322086, -0.09627371, -0.30181072, -0.05154356,  0.18158221,  0.19512852,  0.13265320, -0.11499188, -0.31929827, -0.14687132,  0.14070501,  0.28161845,  0.14895178, -0.19441070, -0.20955809,  0.04719938
 -0.00866247,  0.03264086,  0.03656962, -0.05724478, -0.11792874, -0.00671184,  0.10781288,  0.13116124,  0.05668807, -0.15948375, -0.24785772, -0.01868506,  0.21328244,  0.21198107,  0.02954004, -0.18993817, -0.19104539,  0.04824942,  0.13905723,  0.02752904, -0.00299337, -0.04337804, -0.00594556,  0.07903634, -0.00996664, -0.07704470, -0.05054111, -0.02174737,  0.12569681,  0.18707891, -0.06444524, -0.22489272, -0.11804219, -0.01917720,  0.14115269,  0.24042158, -0.04900356, -0.28276614, -0.17843619, -0.00807458,  0.20249146,  0.30854060,  0.02912721, -0.27057974, -0.20339976,  0.02855879,  0.21567901,  0.18669546, -0.06046680, -0.09059271
 -0.18821803,  0.13623603,  0.22119204, -0.07420378, -0.07885214,  0.03276284, -0.06621486, -0.10409958,  0.03182455,  0.13850069, -0.00817680, -0.20541271, -0.05300385,  0.16397902,  0.05072961, -0.11324719,  0.00271542,  0.07150463,  0.09076081, -0.06754999, -0.15774185,  0.12707992,  0.10285398, -0.26000398,  0.00978035,  0.38192264, -0.07838018, -0.29729436,  0.16751830,  0.16338422,  0.00123189,  0.15707327, -0.07184573, -0.20403654,  0.04219623, -0.04013216, -0.19911086,  0.04327339,  0.01366425, -0.29399944, -0.21488110,  0.04432122,  0.10160212,  0.03899723, -0.02144341,  0.11958756,  0.12725236, -0.03923946,  0.10299738,  0.15184126
 -0.04139543,  0.09863236, -0.04541120, -0.05179096,  0.07634957, -0.06910673,  0.00146210,  0.09988702, -0.05868463, -0.03289034,  0.02187360, -0.08201434,  0.06183074,  0.11753665, -0.08285527, -0.06723872,  0.07317047, -0.01492893,  0.00531632, -0.00022212, -0.07370466,  0.14312100, -0.06476106, -0.15273323,  0.25635179, -0.03711150, -0.28193080,  0.23461741,  0.11481048, -0.26736707,  0.18159608,  0.09519688, -0.36487552,  0.17214264,  0.23402481, -0.30572421,  0.05433841,  0.19384446, -0.27243500, -0.02860133,  0.23641926, -0.06413948, -0.02782240,  0.05635406, -0.11843275,  0.07079221,  0.07506814, -0.06852026,  0.08717902, -0.08721627
  0.00762144, -0.07231628,  0.13181266,  0.03474094, -0.19075128, -0.04382637,  0.23326727,  0.03603257, -0.26513216,  0.00065809,  0.19346454, -0.09313521, -0.09925487,  0.09689889,  0.06663354, -0.09584505, -0.02699499,  0.06046632,  0.08533969, -0.00572948, -0.21728869,  0.01423825,  0.24333378,  0.03834408, -0.23987661, -0.07043680,  0.29238273,  0.04114662, -0.28824138,  0.08587587,  0.28975346, -0.11382358, -0.21545019,  0.09226441,  0.05573698, -0.06944356, -0.00075080, -0.16757987, -0.10177971,  0.19535903, -0.05509896, -0.22585764,  0.10693444,  0.14104687, -0.10821047,  0.01412526,  0.12808923, -0.06279146,  0.00663602,  0.13728073
  0.02838238,  0.05396301, -0.11221523, -0.13630291,  0.03568757,  0.15723640,  0.03014765, -0.11334679, -0.00142140,  0.06822431, -0.09429246, -0.09230823,  0.10000081,  0.00810603, -0.09672483,  0.05770964,  0.17748906,  0.09781351, -0.30860247, -0.19397853,  0.25928142,  0.23734805, -0.08878215, -0.07989931,  0.03905377, -0.02796323,  0.00148000, -0.03810415, -0.02741833,  0.23314143, -0.02821221, -0.42862571,  0.04543317,  0.29158565, -0.14605789, -0.21837214,  0.06452094, -0.06222425, -0.08499630,  0.02319625, -0.10177549,  0.03054167,  0.17125044, -0.08520350, -0.06281150,  0.15580288,  0.02834002, -0.08946106,  0.07098268,  0.25208909
  0.18630147, -0.05302235, -0.22076950, -0.16927515,  0.06246351,  0.20530370,  0.07970004, -0.06443155,  0.01719583,  0.08028950,  0.05047185,  0.00571420, -0.08344393, -0.02961181,  0.01499020,  0.01661028, -0.01522170,  0.05845428,  0.01274088, -0.17860101, -0.04760360,  0.23281569,  0.14953379, -0.18765911, -0.12563434,  0.10477840, -0.04235587, -0.14526338, -0.04785505, -0.02340325, -0.04871754, -0.13093689, -0.13457431,  0.10937446,  0.34384592,  0.12996573, -0.07257142,  0.18810132,  0.31871108,  0.10212924,  0.02323472,  0.06387687,  0.09127141,  0.03544843, -0.17445803, -0.33490701, -0.09699932,  0.12692772, -0.10246274, -0.28004958
  0.16745059, -0.29727113,  0.08770027, -0.01454958,  0.14312473, -0.06702415,  0.02663161,  0.07493698, -0.18197620,  0.08507098,  0.03095664, -0.09061358,  0.05364907,  0.00782279,  0.10878416, -0.16883098,  0.16418752, -0.06492879, -0.26625636,  0.35897723, -0.12222303,  0.01606998,  0.00904652, -0.12343847,  0.05891525, -0.08527414,  0.12328251, -0.09958326,  0.04813935,  0.12184176, -0.24387549,  0.13709687,  0.02823274,  0.05695502,  0.08042335, -0.10838498,  0.13569600, -0.10392589,  0.06976504,  0.06393088, -0.14576710,  0.21586545, -0.07564702, -0.05859875, -0.08707774,  0.02397950,  0.08968111, -0.20247400,  0.29621725, -0.27655291
 -0.19402927,  0.35333845,  0.06373829, -0.36003800, -0.04148256,  0.04169327,  0.13629785, -0.06278867,  0.01612408,  0.04894878, -0.16962602,  0.13362166,  0.07835582, -0.16018394, -0.06517761,  0.15366507,  0.07414573, -0.01173474, -0.10901036,  0.09273448, -0.17909585,  0.05366604,  0.20102992,  0.06639172, -0.05564524, -0.10130126,  0.04532752, -0.01860269,  0.04474577, -0.08287971,  0.02629192, -0.05407117, -0.20652399, -0.09814579, -0.02268616,  0.05691253,  0.05191180, -0.24258559,  0.07235509,  0.02968178,  0.05578724,  0.07661750, -0.06936850,  0.13411985,  0.16103517,  0.13175512, -0.34316884,  0.05836529,  0.31474389, -0.12548431
 -0.01662408, -0.01321844,  0.09958286, -0.03491057, -0.15592152,  0.17747793, -0.11693088,  0.07443328, -0.03779512,  0.00801760,  0.07556371, -0.18264798,  0.23308136, -0.12952540, -0.07281229,  0.15665433, -0.10708925,  0.06291821, -0.04212551,  0.05232854, -0.01926549, -0.14309503,  0.28171248, -0.24000979,  0.15505451, -0.00415488, -0.16403616,  0.23686509, -0.21579456,  0.11884222, -0.04586588, -0.03169126,  0.07782621, -0.19118689,  0.14434530, -0.06025366, -0.01591175,  0.11097084, -0.21162188,  0.25305990, -0.17820235,  0.08385149,  0.08331310, -0.23485691,  0.32311121, -0.15900715, -0.02742906,  0.05777225, -0.01062863, -0.00420137
 -0.07709906,  0.09767150,  0.06721628, -0.14473184,  0.07902270,  0.02244203, -0.13406447,  0.06448441, -0.00276306,  0.08824389, -0.15209121,  0.12404319,  0.04602738, -0.23217260,  0.19723013, -0.02422200, -0.14636912,  0.08633483,  0.14218596, -0.12802371, -0.10207361,  0.22762551, -0.15771325, -0.03620361,  0.23540983, -0.23525826,  0.16546115, -0.02103550, -0.12219788,  0.12388988, -0.07106533,  0.10340718, -0.11497221,  0.01661736,  0.02678960, -0.14000823,  0.12989325, -0.09311761,  0.04559452, -0.00412062, -0.09756046,  0.14702206, -0.26322983,  0.21935295,  0.08424817, -0.28676784,  0.26943362, -0.02911031, -0.19316060,  0.19939874
 -0.01171338,  0.05404855, -0.11290744,  0.15028477, -0.15372763,  0.14801453, -0.18083449,  0.21722821, -0.21252336,  0.20595276, -0.16443861,  0.14894651, -0.15864446,  0.14554387, -0.10497073,  0.03828060, -0.03146615,  0.04657252, -0.00098072, -0.06290630,  0.12705702, -0.17113376,  0.16090025, -0.15843468,  0.18620100, -0.19827262,  0.20916097, -0.23248197,  0.20249038, -0.17377346,  0.12623161, -0.08771221,  0.06083113, -0.02543380, -0.01832971,  0.08474783, -0.09732903,  0.15370437, -0.15661166,  0.18897738, -0.18415375,  0.16392263, -0.14864071,  0.15897033, -0.18313681,  0.13361418, -0.07261155,  0.00561710,  0.00397642, -0.01808413
  0.09732981, -0.23828560,  0.17631433, -0.03581409,  0.03139901, -0.00904905,  0.03500261, -0.02844155, -0.05300822,  0.06205164, -0.06911727,  0.02524017, -0.05642662,  0.15490422, -0.19410082,  0.19349042, -0.08128656, -0.02796542, -0.06165822,  0.19937768, -0.25942290,  0.24871440, -0.15645415,  0.03105684, -0.03522445,  0.02778946, -0.01317104,  0.00240521,  0.10159802, -0.13431181,  0.18921681, -0.18406651,  0.26361772, -0.20413640,  0.24349932, -0.24824088,  0.13971723, -0.10271284,  0.03478436, -0.05082596, -0.05645625,  0.08024769, -0.08804606, -0.02032698, -0.01218323,  0.08618949, -0.16109559,  0.26433519, -0.25976602,  0.15332363
 -0.00920713, -0.04088149,  0.17426936, -0.23676339,  0.15467068, -0.17402975,  0.01509913,  0.14104276, -0.09339071,  0.15336085,  0.01395977, -0.08043468,  0.02890078,  0.03376278, -0.19142571,  0.14964126, -0.20566882,  0.25115230,  0.05068213, -0.25576052,  0.28025572, -0.20289957, -0.03983973,  0.24237928, -0.13472779,  0.14118385, -0.15439618, -0.00511691, -0.05892182, -0.04921479, -0.02019052, -0.04952908,  0.06837361, -0.22330306,  0.16373392, -0.05441257,  0.20081017, -0.01674396,  0.08183801,  0.08056801, -0.01861687,  0.03982754, -0.04707655,  0.14263492, -0.15642459, -0.00402646,  0.12400478, -0.28394177,  0.15483381, -0.08003403
  0.03967395, -0.17307545,  0.32151937, -0.28005978, -0.04132374,  0.32055337, -0.30958482,  0.08286438,  0.20343006, -0.30608595,  0.14221657,  0.07427496, -0.18495516,  0.17266727, -0.12310189,  0.03909055,  0.13525302, -0.21653866,  0.16173361, -0.07825809, -0.02830904,  0.10712701, -0.10305394,  0.11738535, -0.06667545, -0.03904550,  0.05273592, -0.03682002,  0.04866110, -0.09847769,  0.11567902, -0.08353412, -0.04790065,  0.09731355, -0.09708758,  0.07380651, -0.03880384,  0.02540880, -0.06582117,  0.08683812, -0.07837555,  0.08153338, -0.01614581, -0.05938972,  0.12940785, -0.11006811,  0.10483691, -0.15802949,  0.18278626, -0.07629735
 -0.08959544,  0.24827866, -0.16788709, -0.15180776,  0.40186855, -0.14218813, -0.23701582,  0.35803671, -0.27615806, -0.18766186,  0.36494707, -0.22310271,  0.04199470,  0.10265270,  0.00116487,  0.05864628, -0.11016914, -0.04152444,  0.02705928,  0.01087164, -0.02777845,  0.08144234, -0.04931367, -0.06683402, -0.03490623,  0.01056956,  0.15240232, -0.03370956,  0.01231168,  0.13796634, -0.01119407, -0.08446312,  0.12316879,  0.01921258, -0.10215200,  0.00751566, -0.12776912, -0.06350731, -0.01237923, -0.04737807,  0.02769486, -0.00990380, -0.01243617,  0.03914236,  0.04450157,  0.03228042, -0.10098345,  0.22097662, -0.02545299, -0.08741555
 -0.05426371,  0.13125798, -0.09927046,  0.04821395, -0.07556541,  0.07418925, -0.09114671, -0.05546342,  0.23025189, -0.22576443,  0.11187192,  0.15765671, -0.29480450,  0.23714830, -0.06237763, -0.11791928,  0.07567420, -0.00878688,  0.06708527, -0.07840838,  0.06905717, -0.05636985,  0.02323902, -0.04157265,  0.12859800, -0.07733575,  0.03250454,  0.06054649, -0.23833444,  0.28309238, -0.28765989,  0.11683534, -0.00011657, -0.21204314,  0.21932499, -0.25314232,  0.23122492, -0.10056550,  0.02669301,  0.09480492, -0.00761350, -0.02048887,  0.04991199,  0.10242452, -0.16735237,  0.20774546, -0.17309608,  0.08574893, -0.01074380, -0.05492024
 -0.05184219,  0.10805024, -0.01886138, -0.10194836,  0.14623816, -0.13476428,  0.04454337, -0.06718493,  0.04430159,  0.02178591, -0.10599162,  0.22187816, -0.11432742, -0.09107418,  0.28710083, -0.29462206,  0.08625044,  0.01398839, -0.01598849,  0.06889014, -0.11383509,  0.14225237, -0.12725405,  0.04793331,  0.00159852,  0.06353995, -0.04150521,  0.08910120, -0.11650914,  0.03297762,  0.10149581, -0.30985479,  0.31832162, -0.29921040,  0.05065406,  0.04549055, -0.20728797,  0.27332799, -0.26260002,  0.19998076,  0.00795377, -0.04219059,  0.05419599,  0.07631809, -0.01523917,  0.00015157,  0.06331131, -0.09001147,  0.13018038, -0.11974261
  0.02282660, -0.06174958,  0.04099922,  0.00126792,  0.07472079,  0.06579366, -0.01393693, -0.02059780, -0.04002471, -0.03762046, -0.09876363,  0.08983996, -0.06666706,  0.04427427,  0.05363134,  0.03374750,  0.02975355, -0.17564708,  0.06209397, -0.00898306,  0.04369358, -0.13248021,  0.23008767, -0.30150789,  0.01045311,  0.10390699, -0.22745567,  0.38019551, -0.19911001,  0.12760102,  0.21333447, -0.13730771,  0.20704974,  0.15129729, -0.07584015,  0.07720984, -0.06060474, -0.17459571,  0.15960168, -0.29698082,  0.00564584,  0.10569494, -0.33932909,  0.19923152, -0.15752202,  0.02439085,  0.04514527, -0.02782510,  0.07486765, -0.02366366
 -0.05167189,  0.17343735, -0.22788735,  0.13664969,  0.06544489, -0.09539003,  0.09900753, -0.07531089,  0.00176781, -0.08701991,  0.02193396,  0.04125951, -0.05137660,  0.02404650,  0.11442680, -0.10376877,  0.10248691, -0.14912679,  0.07271057, -0.06914536,  0.09375672, -0.07424478,  0.02303935,  0.07457849, -0.30106751,  0.29191047, -0.11031879,  0.00084956,  0.17501383, -0.10301214,  0.10745465,  0.03002496, -0.05773413,  0.11358860,  0.04686988, -0.22706940,  0.16318022, -0.15535967, -0.12565967,  0.23826411, -0.38218965,  0.30950064, -0.17044079, -0.04559226,  0.17744369, -0.13356568,  0.04236947,  0.08754051, -0.03063374, -0.00094256
  0.00840188,  0.00958914, -0.05309262,  0.12850611, -0.30188736,  0.18413100, -0.23494799,  0.10452478,  0.09076757, -0.08368498,  0.27552540, -0.21159529,  0.19739055, -0.19355757,  0.14802890, -0.24622521,  0.04259410,  0.18936632, -0.11053732,  0.10341117, -0.07238214,  0.05613044, -0.06412067,  0.11334768,  0.05070457,  0.14376311, -0.16046213,  0.00663060, -0.01806913, -0.21843749,  0.04238157, -0.21634910, -0.04721815, -0.14176648, -0.15514097,  0.02174295,  0.12636558, -0.08286409,  0.20861978,  0.07013256,  0.04488977,  0.16247886, -0.05493133,  0.26752341, -0.14736278,  0.12034254, -0.02846249, -0.01119510, -0.06735320,  0.00416414
  0.02838003,  0.01090244, -0.07161243,  0.01586855,  0.01607631, -0.32275081,  0.21114359, -0.12144379,  0.04707428,  0.01646044,  0.15366034,  0.03852748, -0.17696656,  0.31361364, -0.29511944,  0.00585556,  0.02847426,  0.06358563, -0.03214571,  0.07554043, -0.06387248,  0.04841723,  0.09413394, -0.12088463,  0.28802541, -0.00044753, -0.05608522,  0.00130194, -0.05432120, -0.11623416, -0.12345615, -0.20665394, -0.11715912, -0.13232102, -0.32954774,  0.08982250, -0.03059148, -0.02932704,  0.15042180,  0.11288314,  0.07005020,  0.21786510,  0.04404292,  0.10105421,  0.23515355, -0.17440919,  0.19631697, -0.06592101, -0.06576573,  0.03206675
  0.02271990, -0.06543116,  0.11726498, -0.13839743,  0.05789983,  0.01064245, -0.25138840,  0.29556618, -0.23564698,  0.24231681, -0.18639126,  0.26881307, -0.20371178,  0.03913201,  0.14414814, -0.28517778,  0.12301049,  0.04142979, -0.01125860,  0.00266526,  0.05561379, -0.10794813,  0.10143466, -0.02204239,  0.00158229,  0.17864391, -0.14385277,  0.03730332, -0.03093450, -0.07489611, -0.02513692, -0.04731857, -0.12949569,  0.02529155, -0.12972764, -0.08532378,  0.17440762, -0.13396570,  0.14773465, -0.00969008,  0.13216001, -0.11586870,  0.28165897, -0.19160041,  0.18364999, -0.02061352, -0.06132313,  0.12342874, -0.14800036,  0.04651056
 -0.01672995, -0.04580196,  0.12977761, -0.04718711,  0.05804708, -0.00141695,  0.04051247, -0.09369994,  0.17510944, -0.24831159,  0.07935072,  0.12811816, -0.19747838,  0.00140914,  0.18805736,  0.01474489, -0.40504176,  0.46313373, -0.23494106,  0.05158327, -0.01959699, -0.03596344,  0.08053375, -0.22820647,  0.05221869,  0.08055050, -0.03685877, -0.11000844,  0.19201057, -0.02329102,  0.09157430,  0.03622514,  0.10106494,  0.22278448, -0.12754327,  0.01800919,  0.20154133, -0.07745310, -0.16452294,  0.06219115,  0.01759658, -0.16560204, -0.07269130, -0.01782347,  0.00634410, -0.06893098, -0.05619983,  0.04849104,  0.04813674, -0.09361672
 -0.12534529,  0.17276217,  0.03082699, -0.10645368, -0.02506170,  0.15192933,  0.11074774, -0.02244338, -0.11237618,  0.07047842,  0.03479301, -0.18462087, -0.09194244,  0.17639464, -0.03448439, -0.13887593,  0.23838608,  0.04520266, -0.21455731, -0.02018185,  0.08297347,  0.05222383, -0.17646568,  0.01927449,  0.10685489, -0.19009459, -0.18110212,  0.17183544,  0.12006526, -0.08155726,  0.05787696,  0.22785720,  0.19392515, -0.05953961,  0.10791341,  0.35397581,  0.01727321, -0.28127488,  0.03649658,  0.11925831, -0.21298548, -0.26023802,  0.00163277,  0.00970445, -0.08819417, -0.22267573,  0.07167775,  0.07258532, -0.06588704,  0.04164378
  0.02039285, -0.05586320, -0.01831211,  0.19792793, -0.31774257,  0.04705695,  0.16542537,  0.16764467, -0.25572232,  0.03987319,  0.05198387, -0.02211407, -0.07415528, -0.02608175,  0.01612681,  0.06014136,  0.07722744, -0.08484777,  0.16338145, -0.25521298, -0.04727521,  0.26106702, -0.03462901, -0.05205214, -0.01768309,  0.07471588, -0.13903358, -0.12876221,  0.14333870,  0.14398723, -0.21497258, -0.07604082,  0.20728667, -0.04399285, -0.04804567,  0.01449178,  0.22901170, -0.05681891, -0.18937429, -0.04846898,  0.29682969, -0.12287514, -0.19156682,  0.06921302,  0.19414475, -0.15059161, -0.07602586, -0.02063696,  0.21040940, -0.08280597
  0.00161012, -0.02921716,  0.06273084, -0.08176972,  0.09234375, -0.12426073,  0.11412312, -0.08065703,  0.13473476, -0.12500303,  0.12581193, -0.13480639,  0.12154511, -0.15154738,  0.13673258, -0.17013147,  0.18797956, -0.14643685,  0.17027539, -0.17667641,  0.16262331, -0.19610809,  0.21197356, -0.19364028,  0.21224882, -0.21317066,  0.18263735, -0.22146440,  0.18291327, -0.19278038,  0.20032827, -0.18956449,  0.17668992, -0.14857318,  0.16584046, -0.12289133,  0.17478534, -0.10610789,  0.12518461, -0.11911180,  0.08972909, -0.08747170,  0.07181627, -0.10747820,  0.06124513, -0.04796297,  0.00983177, -0.02731506, -0.01220867,  0.03062930
 -0.10978601,  0.27529082, -0.30866618,  0.24097432, -0.09142724,  0.10413767, -0.16870889,  0.11521962,  0.04339469, -0.01898983, -0.07699734,  0.08049400, -0.08378384,  0.07698380, -0.11133490,  0.08613465, -0.09085298,  0.10734440, -0.10329326,  0.17715521, -0.16139496, -0.00453000, -0.02277029,  0.06182303, -0.06163280, -0.04082756,  0.08000317, -0.03689232, -0.05552283, -0.00191750,  0.21990833, -0.10460096,  0.11801887, -0.02777381,  0.19775238, -0.09229017,  0.09825900, -0.06669443,  0.20948872, -0.24932884,  0.03384184, -0.07185240,  0.09183575, -0.23708415,  0.11515458, -0.17981295,  0.23871662, -0.30035945,  0.17741152, -0.07009116
 -0.07310784,  0.04064224,  0.03930755, -0.03741682,  0.03368800, -0.23034020,  0.08420682,  0.28884360,  0.14311893, -0.05866814,  0.01831639, -0.06355372, -0.10620093, -0.08853621, -0.11928253, -0.09774484,  0.24182747,  0.13394222,  0.01924952,  0.00082297, -0.22709620, -0.00951989,  0.10606367,  0.09447024,  0.01728839, -0.06304432, -0.17172565, -0.17117266, -0.17358123,  0.11793945,  0.05533252, -0.01959452,  0.01484682,  0.20059991,  0.06814905,  0.27556236,  0.23233332,  0.28432234, -0.02351480, -0.07896188, -0.13625445,  0.09969158, -0.21399167, -0.22030765, -0.07057237,  0.03854360, -0.22071441, -0.10551641, -0.09942201,  0.23084839
