 -0.14338751, -0.08594183, -0.36702113,  0.26421026, -0.22189352, -0.46918119,  0.18825843, -0.28202498,  0.19228745, -0.18814564,  0.09259053, -0.18014521,  0.06796136, -0.14391294,  0.01115001,  0.01044861, -0.00919504,  0.03627579, -0.11623146,  0.06156352,  0.18966869, -0.07430606, -0.03627942, -0.15084194, -0.00238975, -0.04274756,  0.06835837,  0.18030240, -0.12046850,  0.21893747,  0.05645966,  0.00422157,  0.01383229,  0.00842697,  0.10380297, -0.01757537, -0.11720473, -0.03775263, -0.07040231, -0.03143802, -0.02824388, -0.05055082, -0.01537936, -0.04221684,  0.01572488,  0.09746809,  0.08741941,  0.00932433
 -0.14339338, -0.11510826, -0.33436716,  0.22361212, -0.20689057, -0.21572091,  0.04587851, -0.06719316,  0.01231083,  0.07087965, -0.03344463,  0.06787603,  0.01492275,  0.17571977, -0.10680823, -0.07693374, -0.07409723, -0.09968045,  0.02122877, -0.07993092, -0.19212487, -0.00277602,  0.05134178,  0.11791284, -0.00837433,  0.12768876, -0.04070114, -0.07644661,  0.26542816, -0.36883476, -0.11061160,  0.03053628, -0.05930589, -0.06759008, -0.29487953,  0.08132497,  0.23748903,  0.08277458,  0.18625972,  0.09797802,  0.07264231,  0.12339137, -0.05065582,  0.08504274, -0.01283934, -0.11282603, -0.27644150, -0.03201673
 -0.14340060, -0.14133635, -0.29497269,  0.19254830, -0.13954291, -0.00267611, -0.08897432,  0.08567371, -0.21805066,  0.18055278, -0.13340012,  0.15565789, -0.16654599,  0.12244983, -0.09105841,  0.05361015, -0.03166522,  0.00910159,  0.22055619, -0.06808820, -0.14470571,  0.12797639,  0.08186842,  0.16940955, -0.01517873, -0.12928497, -0.03322712, -0.21114402, -0.11439183, -0.06585592, -0.01913204, -0.11869265,  0.11297365,  0.18389968,  0.29402314, -0.11158789, -0.05267181, -0.05780964, -0.22496776, -0.07238608, -0.03635115, -0.21233874,  0.16098602, -0.05708163, -0.09772736, -0.06715442,  0.32054339,  0.05600989
 -0.14341294, -0.16384058, -0.25245567,  0.15490082, -0.04286332,  0.17227783, -0.15329524,  0.18355031, -0.26756721,  0.10721026, -0.07905403,  0.07684131, -0.11010678, -0.18620566,  0.09886774,  0.10981480,  0.04964218,  0.09808923,  0.06725826,  0.12815490,  0.03455260,  0.10590574, -0.05638846, -0.07981986,  0.10132147, -0.08360852, -0.08269888, -0.13772945, -0.04481230,  0.28092015,  0.19097697,  0.12460727, -0.14247666, -0.21023854, -0.12187609, -0.02605358, -0.22856649, -0.05669988,  0.15584275, -0.02167955, -0.03876089,  0.29308550, -0.16526070, -0.03232262,  0.25469376,  0.07027117, -0.17285059, -0.07491575
 -0.14343188, -0.18253447, -0.20809753,  0.11109685,  0.06684805,  0.27207119, -0.15001758,  0.19173281, -0.11397872, -0.07090732,  0.06089934, -0.06691656,  0.18132005, -0.23649159,  0.16441734, -0.03478801,  0.07368394,  0.00806247, -0.17577646,  0.03458388,  0.00079244, -0.02480008, -0.12712497, -0.10699162, -0.06890162,  0.17666163, -0.01572067,  0.04754488, -0.14306795,  0.09110432, -0.16492757,  0.08712597,  0.13759146,  0.11805227, -0.02310573,  0.23778488,  0.25489180,  0.24009036,  0.06683314,  0.00026843,  0.04727280, -0.15524268,  0.20621818,  0.26091871, -0.26302246,  0.10552360,  0.00762839,  0.08529913
 -0.14345689, -0.19715051, -0.16274652,  0.06107776,  0.17329085,  0.27662476, -0.11011749,  0.10472096,  0.09505407, -0.19230811,  0.09847479, -0.15144339,  0.26451082,  0.09641428, -0.00096781, -0.12980123,  0.03675761, -0.09975335, -0.07234879, -0.13468563,  0.09515802, -0.08870090, -0.07072953,  0.15797027, -0.12081531,  0.07787441,  0.10799399,  0.13887353,  0.02042920, -0.13854736,  0.10288578, -0.07892937, -0.14472699, -0.12638042,  0.17136050, -0.28770265,  0.02709448, -0.20499634, -0.15620658, -0.14486131, -0.00179092,  0.17796498,  0.14334312, -0.28957631, -0.00896375, -0.19518530, -0.12566009, -0.09536216
 -0.14348696, -0.20715335, -0.11796884, -0.00087107,  0.25629894,  0.20879315, -0.04495498, -0.02489873,  0.23273095, -0.14016617,  0.00472024, -0.12391349, -0.06151911,  0.31729222, -0.12636467, -0.00491803, -0.00537191, -0.03654275,  0.12237175,  0.00202226,  0.04052050, -0.16137745,  0.05415821,  0.05298042,  0.14533276, -0.19020734,  0.05711718,  0.10264711,  0.18679884,  0.10858317, -0.06194105, -0.03407422,  0.18823043,  0.06296854, -0.11194621,  0.09937566, -0.35997670,  0.07155731,  0.17650161,  0.09608593, -0.10724436,  0.02176465, -0.15633860,  0.29043624, -0.03186122, -0.13977400,  0.19850499,  0.10417021
 -0.14352320, -0.21263252, -0.07549162, -0.07303174,  0.29619776,  0.10234195,  0.03723144, -0.13325873,  0.25444954,  0.04706186, -0.05238477, -0.00319689, -0.35813022,  0.05497937, -0.02872412,  0.11870590, -0.01785091,  0.04692544,  0.03445633,  0.13505605, -0.07854519, -0.08805475,  0.19762581, -0.26996510,  0.04639782, -0.10501967, -0.09779453,  0.05008177, -0.07677471, -0.03029405,  0.02813418, -0.08795105, -0.20756769, -0.03822781,  0.06373079,  0.22399683,  0.36596954,  0.14461850, -0.08486964, -0.05781747,  0.04898435, -0.08347638,  0.10753983, -0.22532106,  0.22377066,  0.05391623, -0.02147721, -0.11033757
 -0.14356783, -0.21434672, -0.03632975, -0.14351839,  0.28274593, -0.01466670,  0.10677405, -0.17686649,  0.14402095,  0.20818459,  0.02731467,  0.14657436, -0.15386224, -0.29028019,  0.07773852,  0.02998020, -0.04113472, -0.02217754, -0.11615063,  0.01552407, -0.00522271,  0.20691187,  0.13179194, -0.07868448, -0.11920042,  0.16968461, -0.13762526,  0.04544670,  0.10602324, -0.17919038,  0.00263130,  0.10864906,  0.22440834,  0.01091156,  0.02545844, -0.38947765, -0.03266708, -0.23211196, -0.01117669,  0.01110961,  0.02774671,  0.12883211, -0.12054368,  0.17858628, -0.16254387,  0.15456954,  0.03244926,  0.11331223
 -0.14361857, -0.21259284,  0.00008335, -0.20216220,  0.22333366, -0.12275338,  0.13056801, -0.15224085, -0.07252120,  0.19946276,  0.10529089,  0.19792306,  0.25432784, -0.17195154,  0.03833567, -0.09315495, -0.00154218, -0.06922231,  0.04041153, -0.12782109, -0.08713299,  0.25143189, -0.12280802,  0.14049754,  0.08573600,  0.06737539,  0.05035969,  0.07146910,  0.02296383,  0.05328566, -0.10718214, -0.17402012, -0.19682221,  0.04844946, -0.05726614,  0.23940102, -0.35729721,  0.13443701,  0.01942326,  0.08315609, -0.06593275, -0.25012144,  0.07017942, -0.19833800,  0.03427991, -0.05849014, -0.10678478, -0.11614944
 -0.14367443, -0.20763622,  0.03362081, -0.24324739,  0.12805568, -0.19149994,  0.10298580, -0.06204816, -0.28141691,  0.03233103,  0.04089383,  0.09958123,  0.28196683,  0.20922154, -0.00388298, -0.02505736,  0.08621350,  0.00682241,  0.15312289,  0.00874811, -0.03527653, -0.02740852, -0.24317071, -0.07846020,  0.00851051, -0.16346429,  0.16318484,  0.00550422, -0.11360201,  0.06831448,  0.21000492,  0.10917212,  0.15772585, -0.00698656, -0.02961329,  0.06544309,  0.39331911, -0.05815591, -0.14326757, -0.00630414,  0.04438382,  0.13995590, -0.31907982,  0.02767980,  0.03084596, -0.05174688,  0.12448832,  0.12385501
 -0.14373399, -0.19973052,  0.06443441, -0.26204489,  0.01325190, -0.20495915,  0.04271599,  0.05980316, -0.32522028, -0.16596679, -0.09751945, -0.07821741, -0.07176809,  0.23919685,  0.04987653,  0.07308811,  0.08495133,  0.01371416, -0.09387588,  0.16407080,  0.11870646, -0.21691420, -0.12978638, -0.06935115, -0.14176141, -0.04684708, -0.08334676, -0.06880162,  0.08336948, -0.11169622, -0.22242952,  0.10757086, -0.15541647,  0.01287611,  0.05096256, -0.25965686, -0.11875214, -0.08537822,  0.20594899,  0.05446821,  0.07514836, -0.22626672,  0.25400488,  0.11416430,  0.14203004,  0.16175434, -0.03856602, -0.12726760
 -0.14379581, -0.18914937,  0.09283938, -0.25491133, -0.10179198, -0.16732332, -0.02291790,  0.15871703, -0.14066781, -0.24035807, -0.14184555, -0.17157020, -0.26023468, -0.11148596,  0.02673136, -0.01370860, -0.04303551, -0.14271925, -0.18621462, -0.04967711,  0.00418554, -0.17117182,  0.10167477,  0.18700826,  0.04050020,  0.13912156, -0.11289892, -0.10418971, -0.07843514, -0.09236515,  0.07673845, -0.19427542,  0.16131716, -0.02221999, -0.11401336,  0.18959934, -0.14262307,  0.17595730, -0.19731137, -0.03152390, -0.07826582,  0.22435408, -0.12245590, -0.24877750, -0.18324263,  0.09983532, -0.00796336,  0.13096574
 -0.14385932, -0.17613475,  0.11865826, -0.22329601, -0.20022004, -0.08591675, -0.07076677,  0.20271371,  0.14507614, -0.10661543, -0.06655684, -0.07764275, -0.04326481, -0.25485537, -0.13116600, -0.09916914, -0.14570823, -0.17957687,  0.13977476, -0.18080702, -0.06028245, -0.00505033,  0.24998631,  0.09040011,  0.09648922,  0.01850066,  0.10352124, -0.03316337,  0.03237896,  0.26553692,  0.11561010,  0.16705945, -0.15705800,  0.09093417,  0.15630748,  0.01352607,  0.17493445, -0.23434746,  0.06066471, -0.00349485, -0.01556334, -0.21628201, -0.07814730,  0.26874462,  0.01819467, -0.15893812, -0.15106271, -0.13847153
 -0.14392403, -0.16132740,  0.14275621, -0.16113395, -0.26325579, -0.01033708, -0.12224318,  0.13619920,  0.25890625,  0.08214698,  0.00216939,  0.04773681,  0.22618041, -0.01602051, -0.22431613,  0.01115637, -0.20863321,  0.02958111,  0.11259772,  0.14650317,  0.13044826,  0.18651919,  0.11545780, -0.11263095, -0.03842900, -0.09636399,  0.11210403, -0.02788905, -0.21677699, -0.01892317, -0.15195299,  0.08044913,  0.09566502, -0.15138356, -0.22610608, -0.16961209, -0.04044240,  0.20296916,  0.10744651,  0.03493605,  0.19976294,  0.12793316,  0.24517735, -0.18114825,  0.04969240, -0.02036207,  0.16344049,  0.14950156
 -0.14398830, -0.14452119,  0.16470285, -0.07922049, -0.28365494,  0.04331565, -0.15951344, -0.02006922,  0.14595643,  0.15451629, -0.00628865,  0.02161311,  0.15550261,  0.19736657, -0.06062693,  0.13284775, -0.16189733,  0.32141974, -0.25320367,  0.10389041,  0.04041325,  0.13452793, -0.14543551, -0.10522114, -0.00851089,  0.04994054, -0.05119425, -0.00747899,  0.17817934, -0.12706765,  0.09031011, -0.12193333, -0.04397714,  0.11650501,  0.24238003,  0.21677189, -0.04261306, -0.04718291, -0.10270725, -0.15042073, -0.31102604,  0.15339716, -0.01960697,  0.19006411, -0.01985595,  0.09851596, -0.05750094, -0.15957190
 -0.14405108, -0.12519314,  0.18269568,  0.00064172, -0.26790721,  0.09251946, -0.12349917, -0.17384419,  0.00864671,  0.09889764,  0.00105703, -0.12874640, -0.13438981,  0.04437420,  0.19158133,  0.02393004,  0.11240990,  0.36270899,  0.04124366, -0.26671695, -0.21336886, -0.08416370, -0.14240192, -0.02030667, -0.00870881,  0.02497490, -0.16483525,  0.21297230,  0.15127778,  0.23063820, -0.04207435, -0.12179801,  0.05218177, -0.18908668, -0.01964821, -0.14709722,  0.05453722, -0.01814772,  0.08943145,  0.09901567,  0.20238144, -0.18231615, -0.08721160, -0.18316191, -0.14516861, -0.13823249, -0.03245441,  0.16190777
 -0.14411940, -0.10442067,  0.19356090,  0.06925384, -0.23605439,  0.16491761,  0.00787215, -0.20345136, -0.00437160,  0.04312035,  0.13038260, -0.12982409, -0.14399137, -0.16385055,  0.16599570, -0.12848384,  0.31007046,  0.05107403,  0.26814471,  0.04349055,  0.12094982, -0.06027659, -0.01664512,  0.11716393, -0.05340809,  0.02946657,  0.06407664,  0.11199695, -0.21152103, -0.32658484,  0.01954832,  0.11790703, -0.04830248,  0.30479518, -0.23033492,  0.01405588, -0.05775282,  0.01458806, -0.14378408,  0.01060794, -0.06508070,  0.06175596, -0.00860905,  0.12339252,  0.21697369, -0.08328671,  0.08431524, -0.16173378
 -0.14418816, -0.08279081,  0.20013399,  0.13246032, -0.17651192,  0.19576502,  0.15521179, -0.15664017,  0.01759395, -0.01130021,  0.22851569,  0.00507350,  0.02584526, -0.06911675, -0.03127060, -0.05851748,  0.27087674, -0.26726261, -0.08854536,  0.25743009, -0.08790084, -0.00476988,  0.04653897,  0.13895095,  0.12884017, -0.07277368,  0.16583764, -0.27556173,  0.20369151, -0.04032200, -0.04483033,  0.05561927,  0.01581867, -0.28226009,  0.30122666,  0.12655731,  0.04537232, -0.06219781,  0.15173177,  0.04058514, -0.01338842, -0.04615121, -0.02395751, -0.11243641, -0.00522249,  0.20634318,  0.09496417,  0.16736446
 -0.14425693, -0.06074475,  0.20259770,  0.18715343, -0.09735643,  0.17005358,  0.25539678, -0.05966941, -0.00561921, -0.05191981,  0.16091174,  0.16999624,  0.05242541,  0.18872905, -0.05158571,  0.16052589,  0.01669142, -0.27631941, -0.18703403, -0.19091901, -0.07047779, -0.01504626,  0.08117618, -0.13739245, -0.08241030, -0.13996263, -0.10456728, -0.17541663, -0.15118807,  0.26802326, -0.00293946, -0.21388086,  0.04334524,  0.20476176, -0.20538564, -0.25048491, -0.00297976,  0.12844642, -0.11385483, -0.07904416,  0.02919024,  0.00797703, -0.04349625,  0.08543018, -0.04394113,  0.07498673, -0.21690129, -0.17752424
 -0.14432517, -0.03861443,  0.20101905,  0.23011262, -0.01058170,  0.08828108,  0.26915327,  0.04371810, -0.07109557, -0.09584714, -0.03036518,  0.22527113, -0.08010402,  0.18431671,  0.09732797,  0.13896000, -0.26498018, -0.08264855,  0.09370602, -0.10821309,  0.32256360,  0.03427842, -0.01965661, -0.05820545, -0.02962670,  0.20907101, -0.17333347,  0.12259598, -0.04777441, -0.05627154,  0.17705075,  0.27803682, -0.12038630, -0.09135042, -0.01852279,  0.28859349, -0.07923868, -0.21321317,  0.00016622,  0.06571651,  0.06688057, -0.06180591,  0.11918861, -0.05263987, -0.13381891, -0.10834354,  0.06428219,  0.18737166
 -0.14439292, -0.01643227,  0.19434503,  0.25062221,  0.06575230, -0.00491813,  0.21612879,  0.14996931, -0.07472364, -0.09061699, -0.18575456,  0.17667861, -0.09998918, -0.05027377,  0.10732851, -0.14618624, -0.27366776,  0.12737699, -0.00993943,  0.21009320, -0.02795178, -0.04192110, -0.05894790,  0.09923628,  0.11796021,  0.21493541,  0.24730621,  0.18454644,  0.02097977,  0.09039735, -0.27642217, -0.08462151,  0.15092187,  0.01748393,  0.16063152, -0.19743907,  0.12822387,  0.18688557,  0.05336755,  0.07136968, -0.14085773,  0.06296363, -0.16746117, -0.06778424,  0.15773799, -0.11337531,  0.05416293, -0.19183331
 -0.14445937,  0.00548953,  0.18269064,  0.24584564,  0.12189771, -0.07888498,  0.11935195,  0.23639853,  0.00146693, -0.00538275, -0.22029978,  0.07372567,  0.05976614, -0.16865874, -0.07413960, -0.25515530,  0.04775013,  0.21421617, -0.13269662, -0.07386069, -0.16297974, -0.08407438,  0.06858596, -0.02876718, -0.15003257, -0.29604486,  0.17374379,  0.10695149,  0.09244252, -0.15612437,  0.21720188, -0.19869727, -0.14787466, -0.05260278, -0.18933149,  0.05716138, -0.08093708, -0.09419894, -0.01310985, -0.19912924,  0.12691357, -0.09190862,  0.06957285,  0.15464787,  0.05452686,  0.19230251,  0.06843062,  0.19688440
 -0.14452210,  0.02653081,  0.16813708,  0.22692352,  0.15996073, -0.15217725, -0.02033356,  0.22115605,  0.06539606,  0.05664091, -0.15215141, -0.11597663,  0.18314511, -0.10134323, -0.18354762, -0.00091426,  0.30176395,  0.08315131,  0.09195750, -0.10309801,  0.17992585,  0.02441039,  0.06136831, -0.11708473,  0.06388737, -0.19831274, -0.28764202, -0.05623956,  0.16241751, -0.04685406, -0.12644147,  0.18345481,  0.16472886,  0.14327585,  0.12722442,  0.05522749,  0.02057928,  0.00354252, -0.09006798,  0.32034893, -0.00885215,  0.05982103, -0.05610606, -0.22532584, -0.11781625,  0.03060861, -0.11052104, -0.20315996
 -0.14458295,  0.04623234,  0.15022026,  0.19460887,  0.17177170, -0.18896448, -0.15743460,  0.13924541,  0.09233852,  0.09615762, -0.02064432, -0.24830824,  0.13261951,  0.07016370, -0.03393447,  0.27914903,  0.16113465, -0.09048661,  0.04876093,  0.15176472, -0.03396877,  0.06397222, -0.01512895, -0.06077388,  0.15311488,  0.36851909, -0.06236896, -0.13168087, -0.19822029, -0.07228291, -0.04552163, -0.17687952, -0.18599048, -0.08494800, -0.13349664, -0.13005817,  0.01810344, -0.07207673,  0.00838724, -0.14047736, -0.14548041, -0.24021319, -0.22649185,  0.06797854,  0.05033257, -0.11193897,  0.05818563,  0.20855503
 -0.14464046,  0.06434425,  0.13006004,  0.15265459,  0.16245567, -0.17867103, -0.25606648,  0.02917683,  0.06954336,  0.12204154,  0.10861407, -0.21210245, -0.06535809,  0.14773327,  0.20181691,  0.17665300, -0.13876665, -0.13379498, -0.09249141, -0.04100276, -0.20087791,  0.10182781, -0.01864588,  0.18889834, -0.24385457,  0.09944749,  0.22493668, -0.02253923,  0.06785917,  0.09714269,  0.19935698,  0.16715322,  0.19017294,  0.10647460,  0.03120672,  0.12602133, -0.08145052,  0.02941387,  0.01996419,  0.07731943,  0.33367661,  0.04420091,  0.06840976, -0.04766118,  0.18126526,  0.14280105,  0.07543589, -0.20417549
 -0.14469293,  0.08060282,  0.10928737,  0.10888650,  0.14157367, -0.13766176, -0.29829117, -0.08930360, -0.00000725,  0.09279172,  0.19651853, -0.03820787, -0.18772168,  0.04902348,  0.14848305, -0.18426428, -0.25623358, -0.05612711,  0.01843950, -0.13608970,  0.18756418,  0.04373881, -0.11545691,  0.17954432,  0.01611259, -0.34016759,  0.01798757, -0.03698647, -0.11420315,  0.05573283, -0.23854989,  0.04449964, -0.22388224, -0.07632126, -0.04008913, -0.06980482,  0.15418642,  0.00355853, -0.06680449,  0.09427496, -0.30524259,  0.07140492,  0.02989844,  0.05870459, -0.11688194,  0.19163514, -0.12376146,  0.19895359
 -0.14473939,  0.09495316,  0.08893821,  0.06766875,  0.11642782, -0.08096718, -0.27722797, -0.18672653, -0.08634006, -0.00877641,  0.19534821,  0.15442292, -0.10718705, -0.06315720, -0.17648353, -0.29425162, -0.12047815,  0.07590889,  0.01604011,  0.09955973,  0.14238384, -0.21116517, -0.10672360, -0.18095614,  0.24357403,  0.06188692, -0.01120172, -0.22455041, -0.06802615, -0.09838410,  0.19621802, -0.05214264,  0.22241486,  0.01125211,  0.00201437, -0.00486263, -0.07889597, -0.02768550,  0.17069914, -0.25012479,  0.19916138, -0.12367301,  0.02822380, -0.04945581, -0.17673585, -0.15374429, -0.11217735, -0.20077722
 -0.14477832,  0.10752774,  0.07015417,  0.03254441,  0.09438827, -0.03427068, -0.20758009, -0.25600323, -0.15736561, -0.16543424,  0.06358441,  0.19999290,  0.04152561, -0.09802489, -0.33871695, -0.00257983,  0.06602161,  0.13658342, -0.07686821,  0.05012036, -0.15450975, -0.16293414,  0.15828104, -0.02064326, -0.25827228,  0.23003044, -0.02866199, -0.08447015,  0.09804380,  0.21191958, -0.09055147,  0.10487662, -0.21436186,  0.04852009,  0.04250881,  0.02137264, -0.05935218,  0.07293790, -0.23908105,  0.18869600, -0.01528817,  0.20559146,  0.09550266,  0.09266426,  0.12024548, -0.19216002,  0.08205154,  0.20349319
 -0.14481063,  0.11852278,  0.05251469,  0.00141348,  0.07285161,  0.00164594, -0.09352142, -0.27110717, -0.14253272, -0.27943602, -0.12894192,  0.06674868,  0.12057303, -0.08121979, -0.11386898,  0.28849892,  0.07192454,  0.10170912,  0.01679464, -0.12426632,  0.02577329,  0.16744817,  0.20586325,  0.31827516, -0.05103147, -0.10074888, -0.11420134,  0.17074857, -0.16479281, -0.03642583,  0.02727149, -0.08136850,  0.17911082, -0.17711206, -0.05161249,  0.05913758,  0.16782345, -0.06456399,  0.34965557, -0.15229097, -0.18731405,  0.00828065,  0.08334159,  0.01715127,  0.00818466,  0.06828543,  0.08494555, -0.20419026
 -0.14483700,  0.12805095,  0.03589348, -0.02617401,  0.05083139,  0.02586317,  0.04373403, -0.21739757, -0.03433028, -0.23640932, -0.26210114, -0.11900532,  0.09465736, -0.03336460,  0.20193933,  0.17904065, -0.03855398,  0.03803123,  0.17013557, -0.03343162, -0.05577101,  0.19017594, -0.00588317, -0.03767018,  0.39095124, -0.07291865,  0.12603381, -0.08126738,  0.13686178, -0.09243237,  0.04210919,  0.10379333, -0.13207134,  0.15661626,  0.16001861, -0.13158338, -0.05937131,  0.26948878, -0.11208070, -0.16189581,  0.22676803,  0.14712634,  0.13750278,  0.10839379, -0.09134186,  0.00603021, -0.20718032,  0.19065418
 -0.14485666,  0.13615253,  0.02121865, -0.04566078,  0.03291915,  0.01834722,  0.15113696, -0.12680909,  0.06402267, -0.03675591, -0.26646525, -0.22307574, -0.00366374,  0.00067980,  0.19254888, -0.16862625, -0.03700568, -0.05671306,  0.12752137,  0.10592943, -0.24757820,  0.10109056, -0.10759121, -0.25027203, -0.19559315, -0.02730098,  0.05441721, -0.28597401, -0.08169150,  0.09625285, -0.10223265, -0.06951615,  0.10211647, -0.21100396, -0.12978625,  0.12510924, -0.04895120, -0.26986361, -0.05676531,  0.07060199, -0.19419832,  0.12556317,  0.23237311,  0.04943814, -0.17723429, -0.21444257,  0.02475337, -0.18518000
 -0.14487190,  0.14280331,  0.00785554, -0.05730635,  0.01519684, -0.00912545,  0.19393894, -0.01138620,  0.06289056,  0.21166624, -0.13267907, -0.17308433, -0.06566664,  0.01428066, -0.10674491, -0.23708578,  0.04929648, -0.13569551, -0.09485571,  0.05825742,  0.05627319,  0.08552033, -0.19510054,  0.15198575, -0.25104303, -0.03556063, -0.32516368,  0.00468907, -0.07272421,  0.10342206,  0.19685754,  0.04829941, -0.07028980,  0.16726234,  0.21994299, -0.04689270,  0.04519434,  0.29172760,  0.33670954, -0.17524884, -0.03347863,  0.10097335,  0.00844136,  0.00559932,  0.08009480, -0.22970620,  0.01333567,  0.17687813
 -0.14488232,  0.14830198, -0.00414798, -0.06347421, -0.00119094, -0.04570129,  0.16140278,  0.09361264, -0.03768508,  0.32249285,  0.06618666, -0.06894567, -0.07592469, -0.00703881, -0.22664171,  0.05896627,  0.08610574, -0.10003184, -0.00003801, -0.11495758, -0.05857356, -0.18524928, -0.14417656,  0.12353970,  0.32415760,  0.08391895, -0.09603142,  0.25055703,  0.00717481,  0.10204909, -0.12278905,  0.09187632,  0.04780664, -0.31828463, -0.02276384,  0.00800701, -0.01075208,  0.01348458, -0.25678613, -0.19073083,  0.07859272,  0.17078494,  0.27416194,  0.23561491,  0.01868384,  0.07375962,  0.10125689, -0.17163850
 -0.14488984,  0.15268619, -0.01557694, -0.06619419, -0.02037815, -0.07428556,  0.07720463,  0.15794422, -0.13008180,  0.20469369,  0.24034270, -0.00430317, -0.03042931, -0.06316424,  0.02747721,  0.26528511,  0.03114251, -0.02763855,  0.21272147, -0.00002172, -0.09432273, -0.25895559,  0.16467330, -0.20815945, -0.06562041, -0.01718707,  0.26206258,  0.20988930, -0.03885183, -0.06257801,  0.03825532, -0.18925732,  0.02945542,  0.19897255,  0.15518154,  0.02392452, -0.04348891, -0.07627169,  0.29955129,  0.07270710, -0.17285104,  0.21674715,  0.16011703, -0.08893691, -0.15785920, -0.04252755, -0.19497528,  0.15864349
 -0.14489581,  0.15591644, -0.02682820, -0.06607307, -0.04300499, -0.08230244, -0.02469515,  0.16390923, -0.12257167, -0.05495769,  0.29675468,  0.02305600,  0.03500656, -0.05637472,  0.26818187,  0.06252941, -0.03123531, -0.05901796,  0.00543663,  0.24552017,  0.03940100,  0.10211330,  0.25518771, -0.06421082, -0.16242970, -0.23548734, -0.14440909,  0.13172905,  0.29862945, -0.06487201,  0.03943176,  0.04098199, -0.04951324, -0.20924776, -0.04114838, -0.03611620, -0.01863258,  0.24475785, -0.18736704, -0.16374223, -0.02536689, -0.13834295, -0.12744346,  0.05422737, -0.13296033, -0.31284239,  0.12182992, -0.15237091
 -0.14490062,  0.15814372, -0.03823891, -0.06771539, -0.06667040, -0.04862517, -0.10333407,  0.13904837, -0.00826581, -0.22414339,  0.18284102,  0.10015486,  0.01148104,  0.08221991,  0.16880695, -0.22200031,  0.04302322, -0.11754246, -0.15111753, -0.03232864, -0.16380434,  0.23881548,  0.03296008, -0.15548785,  0.27737787, -0.03039995, -0.29312451,  0.15287386, -0.04757008, -0.03853774, -0.14917165, -0.17026756,  0.10944620,  0.17595298,  0.05000872,  0.08773771,  0.02054727, -0.28936546,  0.04979116,  0.05976555,  0.11570542,  0.13125573,  0.07250082,  0.00293115,  0.36060305, -0.04564347,  0.08947375,  0.15004498
 -0.14490283,  0.15935333, -0.04857356, -0.06776129, -0.08057490,  0.00563909, -0.15153883,  0.07784965,  0.09963921, -0.19817354, -0.04648664,  0.19369108, -0.11611375,  0.12872438, -0.08161754, -0.16544828,  0.17597291, -0.17535498,  0.18019436, -0.17941864, -0.15037931,  0.13891547, -0.15796587, -0.27967027, -0.05554716,  0.18871753,  0.07263230,  0.16600759, -0.00913850, -0.08050584,  0.22610087,  0.07923389, -0.12592731, -0.12630683,  0.06250519, -0.13762643, -0.06101397,  0.25392274,  0.05340404,  0.12626963, -0.19352740, -0.05391135, -0.08095675, -0.01967892, -0.12676361,  0.32270843,  0.14935174, -0.14042536
 -0.14490347,  0.15945831, -0.05776865, -0.06473461, -0.08300836,  0.06359179, -0.15794099, -0.00813022,  0.13017613, -0.04384834, -0.21805822,  0.21505604, -0.11840135, -0.03849102, -0.12592269,  0.12706982,  0.11204766, -0.22331350,  0.12123554,  0.23307406,  0.10176461,  0.02851579, -0.26611033,  0.06149159, -0.23965456, -0.06393838,  0.09145941,  0.20636184,  0.11780872,  0.07807456, -0.24116453, -0.01343630,  0.16463372,  0.08111804, -0.06408476,  0.12590225, -0.03084364, -0.16874547, -0.16281878, -0.24482685,  0.09842844, -0.13566350, -0.13240778, -0.09694866,  0.02192131,  0.03907151, -0.31510110,  0.12686643
 -0.14490317,  0.15853411, -0.06591982, -0.05995648, -0.07467499,  0.11294006, -0.12006121, -0.08895713,  0.07130590,  0.11031167, -0.23945401,  0.12410042,  0.09579095, -0.17245537,  0.05701036,  0.20159853, -0.11551810, -0.20888643, -0.28963603,  0.12976282, -0.00758740, -0.24033723, -0.17654736,  0.07309096,  0.14272511, -0.20213450, -0.01392742,  0.06665445, -0.12234406, -0.15347301,  0.14943505, -0.11930666, -0.18761371,  0.03471450, -0.01452123, -0.06754786,  0.02485227, -0.05959583,  0.00915862,  0.43537946,  0.13463087, -0.03065979, -0.09725685,  0.03541478, -0.10283238, -0.13468557,  0.18507822, -0.10838198
 -0.14490109,  0.15689193, -0.07283390, -0.05706055, -0.05564600,  0.14540751, -0.05230630, -0.12941159, -0.05538916,  0.17983680, -0.16839005, -0.04430085,  0.26199614, -0.05370172,  0.15267832, -0.04633586, -0.21238496, -0.11494807, -0.04291449, -0.26644354,  0.00078259, -0.32981580,  0.15943294, -0.17547421,  0.01040229,  0.03808499, -0.03897751, -0.08747376,  0.13961614, -0.06021767, -0.04762532,  0.23501027,  0.18200720,  0.01968322, -0.05976891, -0.02669784, -0.03631096,  0.04338958, -0.02074741, -0.17400696, -0.26627945, -0.18782733, -0.06641534, -0.18045134,  0.32797223,  0.11249111,  0.07356902,  0.10679569
 -0.14489780,  0.15466048, -0.07876530, -0.05807363, -0.03068220,  0.15836977,  0.02668350, -0.10783414, -0.17941955,  0.13904359, -0.07001564, -0.20423545,  0.15715599,  0.14072511, -0.03116453, -0.23343106, -0.13294844,  0.01160792,  0.20562597,  0.09224905,  0.20098465,  0.01694215,  0.30958018,  0.00498235, -0.10962821,  0.14661240, -0.06786321,  0.06927599, -0.07150533,  0.06245561, -0.12526282, -0.27430178, -0.15996475, -0.01955691,  0.11018860,  0.08437118, -0.02125382, -0.06157342, -0.01953395,  0.06048705,  0.32750344,  0.05360341, -0.27012536,  0.08064877, -0.10144799,  0.31185689,  0.01145102, -0.10117112
 -0.14489455,  0.15189770, -0.08430972, -0.06508050, -0.00732086,  0.15886353,  0.10449466, -0.01966030, -0.19852577,  0.04103351,  0.04172950, -0.24711959, -0.09262782,  0.13371678, -0.25203997, -0.09198241, -0.04446936,  0.12584643, -0.21091361,  0.23082468, -0.00920874,  0.25107125,  0.10685066,  0.05637303,  0.15138459,  0.02263010,  0.12959747,  0.14953800,  0.01996679,  0.04043108,  0.26958748,  0.11406386,  0.14102051,  0.07439241, -0.21787391, -0.11045308,  0.05028622, -0.05168572, -0.14294326,  0.25166407, -0.17268651, -0.27335086,  0.11938609, -0.10433178, -0.00218962,  0.02570082, -0.22018602,  0.09567314
 -0.14489040,  0.14864645, -0.08879575, -0.07416092,  0.01311466,  0.12951622,  0.15485999,  0.07101325, -0.08687149, -0.07985874,  0.15519820, -0.18070231, -0.18262228, -0.09140173, -0.24160382,  0.13778799, -0.07958927,  0.15133666, -0.22170250, -0.26821498, -0.04772795,  0.16387547, -0.14566514, -0.12932019, -0.03662643, -0.07914990,  0.21370953, -0.11189946, -0.05842513, -0.14387703, -0.30840767,  0.19561879, -0.17998413,  0.09265181, -0.01930924,  0.07540745, -0.03657361, -0.07862025,  0.10003928, -0.15058044,  0.11265406,  0.01937462, -0.29830175, -0.14078415, -0.07529391, -0.08680422,  0.19514093, -0.08207250
 -0.14488503,  0.14512360, -0.09227953, -0.08527751,  0.02554016,  0.07325306,  0.16802466,  0.11670101,  0.10414585, -0.15789416,  0.21838629, -0.04878429, -0.02004074, -0.19662444, -0.06516629,  0.14984756, -0.15801375,  0.15675292,  0.23709886, -0.14686932,  0.16367022, -0.01475359, -0.25974735,  0.06767273, -0.13653238,  0.02923069, -0.07362725, -0.27234212,  0.07957401, -0.11995131,  0.11704596, -0.29157970,  0.17891011, -0.16803558,  0.08104037, -0.01432378,  0.05420938,  0.09537926, -0.09769222,  0.23899723,  0.03811938, -0.11740434,  0.01976734,  0.17046000,  0.30235967,  0.05053419, -0.09184752,  0.07042053
 -0.14487911,  0.14145051, -0.09520453, -0.09950656,  0.02525868,  0.01397669,  0.14047419,  0.12223618,  0.24126473, -0.10768636,  0.15308905,  0.11492638,  0.12023644,  0.01556821,  0.09382282,  0.00665776, -0.06531160,  0.23866431,  0.17636704,  0.22494474, -0.19842144, -0.18476061, -0.07259598,  0.29292715,  0.07448233,  0.06754729, -0.20254370, -0.14901511,  0.08857485,  0.15840891,  0.04393237,  0.13154522, -0.15350536,  0.26849718, -0.22360728, -0.06386308,  0.06807333, -0.13005901,  0.04731968, -0.10431883, -0.04020937,  0.02548555,  0.02489497, -0.19605407, -0.18311690,  0.24411610,  0.14021555, -0.05469736
 -0.14487350,  0.13749544, -0.09757216, -0.11312075,  0.01218061, -0.03456136,  0.07337655,  0.09382722,  0.21951747,  0.02892040, -0.00866314,  0.21231732,  0.02522492,  0.21149182,  0.18060481, -0.05889476,  0.19336748,  0.25958997, -0.16101628, -0.03364596, -0.08487449, -0.10670776,  0.20371530,  0.14971768, -0.02862268, -0.01844079,  0.06390931, -0.09222141, -0.44957348, -0.09264589, -0.05847313,  0.22558596,  0.08025888, -0.19466658,  0.19920727,  0.05458879, -0.17245800,  0.06043911, -0.05625573,  0.04916136,  0.04920562, -0.08086112, -0.12669768,  0.09952993,  0.00002780, -0.07215267, -0.29367012,  0.03448428
 -0.14486822,  0.13331075, -0.09934543, -0.12435392, -0.01110664, -0.05948318, -0.00635701,  0.04549807,  0.08562042,  0.12282674, -0.11093289,  0.17050904, -0.11446578,  0.09486398,  0.18546735, -0.02445889,  0.32829413,  0.07041224, -0.16945396, -0.17249980,  0.47677498,  0.07957074,  0.11851398,  0.03607782,  0.06293523,  0.14598881,  0.28712141, -0.20442913,  0.23538637,  0.19349886,  0.02750224, -0.17001244, -0.03905322,  0.06427354, -0.15067884, -0.00387593,  0.16732400, -0.01196625,  0.05238831, -0.00482774,  0.00744275,  0.05504326,  0.12994979, -0.01729003,  0.00043553, -0.09089387,  0.17034360, -0.01400548
