 -0.02354836, -0.02842184, -0.03373531, -0.03900246, -0.04451028, -0.05057533, -0.05651596, -0.06248725, -0.06860180, -0.07445989, -0.08001184, -0.08540566, -0.09056828, -0.09539843, -0.09964365, -0.10387531, -0.10812686, -0.11203491, -0.11579259, -0.11972692, -0.12396002, -0.12819639, -0.13189865, -0.13499068, -0.13826235, -0.14154989, -0.14476853, -0.14790659, -0.15097275, -0.15386276, -0.15685347, -0.16008212, -0.16333287, -0.16637817, -0.16918757, -0.17226803, -0.17538654, -0.17826344, -0.18107722, -0.18348794, -0.18574876, -0.18811827, -0.19048897, -0.19250305, -0.19452000, -0.19646878, -0.19856892, -0.20072348, -0.20300268, -0.20500164
  0.15010048,  0.16653090,  0.18542816,  0.20350237,  0.21899645,  0.23159149,  0.23978906,  0.24278694,  0.24109162,  0.23647134,  0.22965401,  0.22064065,  0.21015622,  0.19823362,  0.18432250,  0.16986337,  0.15569500,  0.14134621,  0.12671779,  0.11276234,  0.09968500,  0.08721780,  0.07430213,  0.06097599,  0.04852292,  0.03692898,  0.02541826,  0.01430584,  0.00320002, -0.00762044, -0.01786316, -0.02725776, -0.03570279, -0.04435449, -0.05261539, -0.06026280, -0.06782303, -0.07515819, -0.08176243, -0.08841943, -0.09499896, -0.10105020, -0.10708118, -0.11379390, -0.12025340, -0.12672368, -0.13282569, -0.13875418, -0.14419972, -0.14971922
  0.40371146,  0.42388343,  0.39455722,  0.33056499,  0.24960861,  0.16204173,  0.07877965,  0.01631949, -0.02317102, -0.05655988, -0.08722033, -0.10998393, -0.12890966, -0.14212230, -0.14550125, -0.14277756, -0.14031399, -0.13795667, -0.13107939, -0.12284082, -0.11340257, -0.10451121, -0.09447349, -0.08512868, -0.07737059, -0.07280359, -0.06599240, -0.05880617, -0.04740532, -0.03627319, -0.02531609, -0.01558408, -0.01039857, -0.00214675,  0.00476332,  0.01553487,  0.03096718,  0.04474506,  0.05367056,  0.05884737,  0.06147552,  0.06107529,  0.06103643,  0.06321844,  0.06504936,  0.06825567,  0.07277698,  0.07918118,  0.08565322,  0.09135459
 -0.68109898, -0.28161735,  0.04034531,  0.24873955,  0.35001327,  0.32158447,  0.18733817,  0.07384434,  0.06423704,  0.06847138,  0.04531047,  0.02810447, -0.01405949, -0.07311513, -0.09371183, -0.08097026, -0.07530736, -0.08261332, -0.07450717, -0.07387588, -0.07729342, -0.08829600, -0.07484738, -0.04050357, -0.01279388, -0.02502771, -0.03358894, -0.05692627, -0.05637543, -0.04120941, -0.00649617,  0.02699089,  0.01208867,  0.00300094, -0.03715105, -0.07115304, -0.05913851, -0.02179801,  0.00766465,  0.03547327,  0.06189806,  0.06253293,  0.05423640,  0.06019522,  0.05363945,  0.04742153,  0.03985019,  0.04109804,  0.04260064,  0.05046235
 -0.03635942,  0.02756620,  0.06935944,  0.07744552,  0.03241653, -0.04258104, -0.08285328, -0.10007808, -0.12423566, -0.12691994, -0.09873153, -0.05682253,  0.00783844,  0.09522731,  0.18501711,  0.23201959,  0.23264934,  0.19839585,  0.11767728,  0.00454007, -0.11568007, -0.20147053, -0.22654845, -0.19419799, -0.14142102, -0.06683072,  0.00857410,  0.07743484,  0.11656568,  0.12804169,  0.09425962,  0.00988812, -0.08334612, -0.15789866, -0.17419078, -0.14982943, -0.09495801, -0.00928660,  0.08951208,  0.18954147,  0.25509985,  0.27075110,  0.23853830,  0.17214940,  0.08202498, -0.01492419, -0.10991437, -0.18564956, -0.22336245, -0.19941900
 -0.03327495, -0.00630970,  0.00316396, -0.01228631, -0.03816177, -0.05393865, -0.05555694, -0.03224742,  0.02235334,  0.08646558,  0.13955184,  0.17418052,  0.18029580,  0.15015609,  0.08204944, -0.00822515, -0.10412131, -0.19324855, -0.25794443, -0.28300705, -0.25665872, -0.18460533, -0.08934220, -0.00007121,  0.06776296,  0.09975785,  0.10106035,  0.07370062,  0.03096370, -0.01539920, -0.04727031, -0.04864290, -0.01731356,  0.04381556,  0.11427137,  0.18710019,  0.25099488,  0.28614192,  0.27863345,  0.22228457,  0.13038488,  0.02288358, -0.07882414, -0.16098582, -0.21300796, -0.22773372, -0.20073576, -0.13736738, -0.05185627,  0.02956012
  0.17172433, -0.08521137, -0.23108681, -0.19745374,  0.00494603,  0.19915014,  0.20361222,  0.10672154,  0.05665871,  0.02348233,  0.00845931,  0.04550758,  0.05033418,  0.00189522, -0.03915325, -0.03393649, -0.02614140, -0.03566017, -0.00467812,  0.03566027,  0.03397964, -0.05513565, -0.18357581, -0.28196821, -0.28297792, -0.23567903, -0.17855740, -0.13529160, -0.06788999, -0.00386656,  0.08444943,  0.20424918,  0.28469855,  0.33389872,  0.28482915,  0.18253135,  0.08405839,  0.00302495, -0.03146712, -0.02202258,  0.01112348,  0.03537961,  0.04733409,  0.05559708,  0.05310578,  0.02546322, -0.02999398, -0.09595133, -0.16086924, -0.21348029
 -0.23236935,  0.09754973,  0.31276041,  0.19286187, -0.16586568, -0.37518015, -0.24436179,  0.02712563,  0.19246942,  0.23419886,  0.14901166, -0.02687485, -0.11958311, -0.09554513, -0.06379430, -0.03643308,  0.02843606,  0.06624200, -0.01094289, -0.09608750, -0.07879308,  0.05330222,  0.14510463,  0.09072355, -0.06853940, -0.20123421, -0.22935125, -0.12559807,  0.01008980,  0.16461291,  0.27432683,  0.26925334,  0.19121840,  0.05491021,  0.00277876,  0.02843551,  0.04995196,  0.04196788,  0.00102047, -0.06128189, -0.08675470, -0.03761555,  0.02315844,  0.02023244, -0.00313375, -0.03018600, -0.04656950, -0.07980208, -0.10205835, -0.09762763
  0.03858741,  0.00257648, -0.03628645, -0.03881769,  0.02354452,  0.10341463,  0.11865712,  0.07621842,  0.01367318, -0.05738536, -0.10566848, -0.10850506, -0.08958428, -0.07560381, -0.07640999, -0.07579272, -0.08429901, -0.10191093, -0.09898822, -0.07566090, -0.05334206, -0.05475295, -0.07075910, -0.05986246,  0.01830213,  0.13694497,  0.26470118,  0.36092137,  0.40713821,  0.38540448,  0.31452118,  0.22711854,  0.13493217,  0.04761209, -0.04147293, -0.10498149, -0.13618145, -0.14343813, -0.12860379, -0.10993464, -0.08800443, -0.07366647, -0.07638313, -0.09467141, -0.11431953, -0.12620648, -0.11058042, -0.06085811,  0.01434470,  0.08404737
 -0.17344718,  0.18186349,  0.09427749, -0.27031347, -0.31438533,  0.04309085,  0.29869595,  0.29420238,  0.24344314,  0.07253327, -0.15789154, -0.16156772, -0.01663880,  0.04607035,  0.03624118,  0.04921695,  0.01566827, -0.12524914, -0.20185556, -0.09631257,  0.13407530,  0.23407458,  0.12409892, -0.08581688, -0.21302275, -0.22203229, -0.05239538,  0.05843374,  0.07903828,  0.03295775, -0.03906924, -0.13800788, -0.24285122, -0.15814547, -0.06083439, -0.00913139,  0.04517119,  0.06056642,  0.01399024,  0.02258968,  0.12850058,  0.16890099,  0.09951495,  0.01548594, -0.04372843, -0.04372949, -0.01487314,  0.02789763,  0.06738436,  0.08807741
  0.05263133,  0.01003323, -0.12178401, -0.05014897,  0.09214835,  0.04911000, -0.01918230,  0.01811825,  0.05524878,  0.05270220, -0.01054255, -0.15145995, -0.20039420, -0.02225499,  0.24840561,  0.28602054,  0.04751247, -0.15990662, -0.16433885, -0.08573103, -0.07811212, -0.07078914,  0.06566709,  0.25082108,  0.20680357, -0.04442415, -0.23857166, -0.17747634,  0.04989386,  0.15575967, -0.00422723, -0.16366343, -0.05632988,  0.15802065,  0.22262542,  0.02945930, -0.21856794, -0.22506805, -0.01347613,  0.13955013,  0.04742401, -0.11821803, -0.07163811,  0.15888534,  0.23082872,  0.02656188, -0.21977789, -0.20342542,  0.03657950,  0.19909371
 -0.07567673,  0.11286160,  0.09197244, -0.13178096, -0.12098222,  0.09314062,  0.11705432, -0.00020724, -0.01408975, -0.00253453, -0.00781189,  0.00332908, -0.06877714, -0.18385873, -0.11711928,  0.15283170,  0.29677656,  0.12271381, -0.13539965, -0.21214264, -0.12375220, -0.08240883, -0.09072057,  0.00980413,  0.21791667,  0.28146603,  0.14188485, -0.11440929, -0.20162067, -0.03045979,  0.15521799,  0.07617984, -0.13041358, -0.09419643,  0.11037875,  0.25588948,  0.16840319, -0.10500441, -0.28198028, -0.15922326,  0.09172251,  0.11359989, -0.07357404, -0.13692452,  0.03921529,  0.22301722,  0.15823484, -0.07983621, -0.19003764, -0.04924721
  0.03655596, -0.09703155, -0.01573069,  0.06194726, -0.00806749, -0.03286799,  0.09578160,  0.17611072,  0.11363709, -0.05881302, -0.25028036, -0.26962346, -0.09662116,  0.08334695,  0.14707825,  0.12691307,  0.13847208,  0.13913018,  0.01281143, -0.20429555, -0.27904086, -0.12931062,  0.08332379,  0.14091479,  0.06641921,  0.04760925,  0.10065285,  0.08690388, -0.07331929, -0.25424957, -0.20172425,  0.07077725,  0.21322415,  0.13759456, -0.00399324, -0.04288259,  0.07456320,  0.14413753, -0.02316297, -0.25863938, -0.25872022,  0.01963444,  0.25522052,  0.18940575, -0.07613988, -0.18775310, -0.05338878,  0.11541635,  0.07464630, -0.07110209
 -0.00424157,  0.00511781,  0.04876689,  0.07950702,  0.06314241,  0.02795292, -0.00426773, -0.10475351, -0.26362289, -0.30713788, -0.15599875,  0.07515591,  0.24694381,  0.29004620,  0.21228733,  0.05621278, -0.10127192, -0.20372352, -0.22476924, -0.12243480,  0.06556653,  0.22362954,  0.24334447,  0.14474737,  0.02593096, -0.03855525, -0.10022285, -0.15428853, -0.14410839, -0.00883618,  0.16784754,  0.23092775,  0.14841190,  0.00718728, -0.04611962, -0.03522167, -0.06658851, -0.15206340, -0.18004692, -0.05813995,  0.12566036,  0.19904720,  0.08303550, -0.10163332, -0.15996883, -0.05514369,  0.05767237,  0.05075413, -0.02519550, -0.04053771
  0.16453856, -0.17440874, -0.32250659,  0.18156166,  0.27372734, -0.16503230, -0.11138331,  0.22973040,  0.09855508, -0.03360025,  0.12939424,  0.06807416, -0.21248149, -0.22210818,  0.00667946,  0.10653591,  0.03003540, -0.03487393, -0.03495965, -0.06136958, -0.06791853,  0.06678008,  0.13902157,  0.01550922, -0.09680192, -0.07195795, -0.08206059,  0.01440417,  0.19916797,  0.13112910, -0.14090349, -0.11587043, -0.00451646, -0.16924742, -0.07985795,  0.23483425,  0.17363857, -0.14138208, -0.16019148,  0.04244469,  0.15130976,  0.17749205,  0.08863721, -0.12563445, -0.20699872, -0.05310997,  0.14836596,  0.15015085, -0.01160229, -0.12854559
 -0.00391514, -0.22161998,  0.19645498,  0.30480065, -0.18077282, -0.21262956,  0.16447355,  0.05477188, -0.11754489,  0.04075576,  0.00783697, -0.19122949, -0.12199293,  0.12298525,  0.18924873,  0.03762342, -0.07021489, -0.05436329, -0.02316731, -0.04128540,  0.04569373,  0.08725728, -0.01244762, -0.11449273, -0.08901046,  0.01013238,  0.13606248,  0.22585242,  0.10632647, -0.20741840, -0.19907444,  0.06157910, -0.00404736,  0.05548448,  0.28331553,  0.11537710, -0.20821725, -0.15867982,  0.07833951,  0.13239774,  0.03917522, -0.06367497, -0.18316076, -0.16200023,  0.02826476,  0.23471082,  0.18215109, -0.01800788, -0.17361992, -0.09951094
 -0.15102801,  0.25278820,  0.00943299, -0.15642220,  0.20774452,  0.04806552, -0.40704346, -0.08460267,  0.27717256,  0.02062807, -0.14906821,  0.00832100,  0.09669864,  0.03948524,  0.03715794,  0.06261668,  0.01338727, -0.06747639, -0.10698934, -0.03973309, -0.04109388,  0.00934689,  0.08146069,  0.00523500, -0.14315002, -0.04894398,  0.20324135,  0.19978518, -0.02010467,  0.01953004, -0.07586308, -0.29367347,  0.10213867,  0.35106330,  0.03779060, -0.15554151, -0.04478304, -0.01232943, -0.08317096, -0.02498820,  0.05156715, -0.01045041, -0.07840297, -0.07936510,  0.02295073,  0.16794011,  0.24418045,  0.04728777, -0.16511779, -0.17178996
  0.04055276,  0.02482144, -0.11505822,  0.03955106,  0.01133636, -0.22429622, -0.01562324,  0.34630705,  0.16989471, -0.11518185, -0.03843632,  0.05452689, -0.01031152, -0.06049606, -0.07711640, -0.08134744, -0.10779863, -0.13510325, -0.09365967,  0.01608707,  0.12312283,  0.14145772, -0.00918495, -0.08898044,  0.10295646,  0.27459886,  0.16066237, -0.08693988, -0.13712659, -0.11853878, -0.14443724,  0.09688575,  0.30173850, -0.02154280, -0.31263648, -0.13623867,  0.04152060, -0.00295575,  0.01169117,  0.11240270,  0.12982621,  0.02951401, -0.01156129,  0.10120274,  0.23623863,  0.13964087, -0.14918534, -0.32615808, -0.15829875,  0.07375025
  0.12302838, -0.00389206, -0.07155119, -0.12375202, -0.11411342,  0.01920099,  0.07923694, -0.03060850,  0.01149691,  0.20408333,  0.25731181,  0.17041264,  0.03267152, -0.05474367, -0.07543686, -0.18236443, -0.26662032, -0.17244270, -0.02883020, -0.07170514, -0.16491509, -0.07355890,  0.16943071,  0.21473637,  0.05290140,  0.04486474,  0.13574172,  0.10422396, -0.03004369, -0.06446960,  0.04526859,  0.01806421, -0.17374094, -0.09232934,  0.07469430, -0.08051557, -0.25196156, -0.13806026,  0.01998482, -0.00603778, -0.06221191,  0.13811158,  0.36631850,  0.29856513,  0.07107603,  0.03965556,  0.09726072,  0.01399047, -0.21929696, -0.25220710
 -0.09049677,  0.08837438,  0.11818757, -0.05978719, -0.08691566, -0.02226131, -0.03747253,  0.07055798,  0.06277691, -0.15344096, -0.07349858,  0.20942388,  0.15492488, -0.07141384, -0.03172756,  0.15648081,  0.07339877, -0.18737020, -0.12148508,  0.15723539,  0.04235834, -0.23875749, -0.14130656,  0.12716153,  0.07557703, -0.18802770, -0.06981742,  0.26154874,  0.08296254, -0.21730685, -0.05083262,  0.17541184,  0.08830417, -0.16203634, -0.10531595,  0.20000252,  0.10990567, -0.23353597, -0.12149075,  0.17289931,  0.01376049, -0.27266523, -0.10932753,  0.21070673,  0.15527228, -0.11226971,  0.00467089,  0.22178864,  0.07562108, -0.15816510
 -0.11914732,  0.15821675, -0.02464033, -0.09879392,  0.11895740,  0.02358878, -0.01131743,  0.19063146, -0.06405251, -0.26832500,  0.02198041,  0.01439758, -0.24355635, -0.16058522,  0.11210052,  0.15833742, -0.06797815, -0.05587950,  0.20984771,  0.17746932, -0.07828416,  0.00774916,  0.15129541,  0.03015067, -0.16562269, -0.08123488,  0.25927790,  0.03121359, -0.37011393, -0.04754342,  0.25079061,  0.06519284, -0.04836970, -0.05950597,  0.07626999,  0.15200918, -0.07303215, -0.01798354,  0.27652522,  0.15527771, -0.12025304, -0.13529198,  0.01585357, -0.02080150, -0.20244454, -0.12416858,  0.07794895, -0.08346805, -0.11860393,  0.14074878
  0.02825463, -0.10341466,  0.11218371, -0.00573572, -0.00646774,  0.23068693, -0.02917244, -0.15632504,  0.08982709,  0.00200101, -0.21900009, -0.19320748, -0.15460830, -0.17335146, -0.23601925, -0.15442048,  0.06216888,  0.07518574,  0.03143733,  0.19476669,  0.19780497,  0.11679182,  0.16509943,  0.23457380,  0.21397843,  0.05157068, -0.11050182,  0.13267408,  0.03465564, -0.18720969,  0.00142273,  0.00966501,  0.01827686,  0.12661282,  0.07032263,  0.02970737,  0.06580045, -0.02121375,  0.08262305,  0.23382950,  0.20541663,  0.15067968,  0.01734531, -0.10774790, -0.12830819, -0.25254764, -0.17866512, -0.08966857, -0.21965160, -0.19657749
  0.07631403, -0.15025559,  0.08644066, -0.00708845, -0.07954583,  0.15021619, -0.19498305, -0.11375366,  0.22914609,  0.04316204,  0.13745641,  0.02140087, -0.30690471,  0.15371020,  0.27161027, -0.00655351,  0.00363556, -0.17226049, -0.13453371,  0.09996835,  0.00928979,  0.11062910, -0.09707201, -0.37822688,  0.09083720,  0.22624002, -0.12069170,  0.05117730, -0.09299871, -0.12718266,  0.22024553, -0.02708593, -0.07300820,  0.05032522, -0.16800366,  0.01374111,  0.12254672, -0.16445897,  0.06269347, -0.02516731, -0.19831435,  0.12941912,  0.04353386, -0.00307112,  0.13126967, -0.17779250,  0.04521925,  0.21859690, -0.05354163,  0.05634007
 -0.05865761,  0.12757286, -0.07783258,  0.05473521,  0.01107699,  0.00536502,  0.08311209, -0.24780976, -0.10674558,  0.19995776, -0.01302707,  0.04569927, -0.11724725, -0.29937752,  0.23830290,  0.15046480, -0.06412541,  0.06979693, -0.20728256, -0.01671487,  0.18968875,  0.03338625,  0.15130921, -0.08448492, -0.29016210,  0.24700540,  0.18521710, -0.11858085,  0.00179042, -0.07777567, -0.01663420,  0.12219354, -0.01093050,  0.00889620,  0.04848191, -0.14407348,  0.11039893,  0.09142105, -0.16782485,  0.19585543,  0.00463810, -0.21729055,  0.13236979, -0.00265295,  0.00159795,  0.01313248, -0.24773627,  0.11803065,  0.17882860, -0.22255899
 -0.10586878,  0.16700045, -0.03350143, -0.07854412,  0.11439220, -0.07189295, -0.03791289,  0.04853511, -0.02906419,  0.21843152,  0.00996128, -0.41064896, -0.03980948,  0.24186749,  0.06920173, -0.07142579, -0.17390290, -0.06548620,  0.02994731,  0.06714061,  0.24128954, -0.02794759, -0.31273766,  0.00845342,  0.21213775,  0.11042037,  0.09184692, -0.19161176, -0.09432983,  0.20162576, -0.04386373, -0.02260347,  0.10253032, -0.13696677, -0.00331909,  0.18917278, -0.00584356, -0.02130570, -0.03932459,  0.04323508,  0.09748839, -0.14415694,  0.07818533,  0.17326542, -0.23754433, -0.11788476,  0.17289829,  0.06835469,  0.00054544, -0.22993762
 -0.00025844, -0.00809145,  0.10972819, -0.10269754,  0.04203188,  0.09977311, -0.04218817, -0.09868383, -0.31906627,  0.02370285,  0.40849971, -0.02568905, -0.14981088, -0.02418239, -0.14830866,  0.09825106,  0.17515310,  0.02030609, -0.04307020, -0.27052802,  0.06902213,  0.34654707, -0.00766807, -0.05992183, -0.04929348, -0.15138503,  0.14814641,  0.20044013, -0.08459007, -0.04099635, -0.12264542, -0.09724671,  0.20547593,  0.06323409, -0.08591513,  0.04904228, -0.03985908, -0.01132133, -0.03489286, -0.12189387,  0.15837185, -0.01401189, -0.13444509,  0.29670283,  0.04389666, -0.23999181, -0.03722881, -0.06651571,  0.05341066,  0.02679876
 -0.11272890,  0.07060503,  0.12450777, -0.05104746, -0.07161077, -0.05002688,  0.14925739,  0.20439396, -0.11577606, -0.25527976,  0.00212554,  0.11502092, -0.13072954,  0.00037263,  0.21205807, -0.21804362, -0.27247471,  0.14196551,  0.25884542, -0.04221822, -0.19358841,  0.02665849,  0.10120959, -0.04042685,  0.12044953,  0.09217481, -0.07060474, -0.01809993, -0.00207262,  0.17297052,  0.04136161, -0.22008197, -0.04909461,  0.16338186,  0.04530415, -0.02382473,  0.13421627,  0.05952405, -0.15989765,  0.00286297,  0.18064019, -0.01201154, -0.23757350,  0.06492698,  0.20769579, -0.10919736, -0.12689765,  0.20641588, -0.01395358, -0.28847616
  0.07480353, -0.21193258,  0.20664770, -0.00446114, -0.07417855,  0.03501022, -0.24808519,  0.16011982,  0.07869993,  0.06388874,  0.00279460, -0.07177673,  0.15629375, -0.17280411, -0.01480072,  0.29468810, -0.26928310, -0.18047915,  0.23665747,  0.03102371,  0.08002408, -0.08471976, -0.12352149,  0.04775503, -0.16542412,  0.19232170, -0.01956898,  0.04741885, -0.07136654, -0.15666392,  0.16829019, -0.06828097, -0.02405153, -0.01325360,  0.12630677,  0.02637081, -0.11095384,  0.06165581, -0.13228716, -0.22202892,  0.21416089,  0.20071374, -0.05666534,  0.02658895, -0.06346736, -0.03290107, -0.08538789, -0.13160604,  0.33151174, -0.05732829
  0.05797098, -0.11057859,  0.06649077, -0.14534085,  0.04976114,  0.20234163, -0.11183866,  0.09104144, -0.01179245, -0.08290076, -0.06243724,  0.05803668,  0.02906739, -0.14635900,  0.17918734,  0.03945922, -0.23540295,  0.26365345,  0.01525453, -0.40878831,  0.15238022,  0.14005939, -0.08300010,  0.03563157,  0.06788569,  0.05574759, -0.31511007,  0.11563837,  0.15749455, -0.10148431,  0.10271100,  0.01693872, -0.00921274, -0.10189644, -0.08859591, -0.04942825,  0.08262724,  0.10615153,  0.08275256,  0.11578704, -0.11519418, -0.27320659,  0.04818939,  0.12327968, -0.15214723,  0.18528935,  0.23396187, -0.15068633, -0.12399647,  0.00376635
  0.08746559,  0.02576231, -0.02637540, -0.16727080, -0.15132249, -0.01416685,  0.07862079,  0.08248207,  0.10667769,  0.14540705,  0.09544036,  0.04587616, -0.02836687, -0.06222933, -0.02086894,  0.02040512,  0.07103985,  0.16931072,  0.07232633, -0.14667700, -0.16538366, -0.12636788, -0.07662745, -0.01373691,  0.03267113,  0.04760356, -0.07591228, -0.12442252, -0.12176924, -0.09419679, -0.00862319,  0.13149862,  0.19871228,  0.11031310, -0.11390812, -0.32053368, -0.28865295, -0.18718162,  0.04104163,  0.30595013,  0.28169395,  0.02897676, -0.12056785, -0.14849677, -0.22412340, -0.09500952,  0.17112936,  0.28824853,  0.13664992,  0.11863977
  0.02728473, -0.00900102, -0.10503781,  0.12163103, -0.14466973,  0.19071797,  0.05725555, -0.15276253,  0.08125927, -0.00840113, -0.07922485, -0.15029027,  0.13570664, -0.03692190, -0.16367489,  0.27939511,  0.01388380, -0.28183618,  0.20970805, -0.01276430, -0.29326378,  0.23638184,  0.11928027, -0.02084139, -0.08091554,  0.15205435,  0.01282537, -0.28696611,  0.21808867,  0.05247358, -0.00970395,  0.07626014,  0.00244283, -0.07500222, -0.12984651, -0.00677815,  0.00679065,  0.15987752,  0.12839949,  0.04533734,  0.00207529, -0.15760948, -0.21648803,  0.10607159,  0.12408132, -0.12643815,  0.23141655,  0.05734807, -0.15556616, -0.13591145
 -0.09847183,  0.19762829, -0.15790942,  0.22572487, -0.22484127,  0.09093158, -0.08601407, -0.03235639,  0.16252612, -0.25826730,  0.19808103, -0.00960043,  0.03087782, -0.05414082,  0.09476023, -0.10346114, -0.09366192,  0.16567579,  0.00359709,  0.00550189, -0.04366579,  0.20846515, -0.35411855,  0.16242107,  0.01074225, -0.12515861,  0.19210808, -0.17026944,  0.22041807, -0.21793116,  0.02325244, -0.00895209, -0.09715167,  0.18028578,  0.02252413,  0.09594463, -0.08525267, -0.02310561, -0.19960744,  0.07840173, -0.02155752,  0.02618550,  0.19816667, -0.11508302,  0.05983566, -0.18162769,  0.07957608, -0.14877665,  0.10675065,  0.06892748
 -0.06576975,  0.04840344,  0.11494591, -0.02428671,  0.06060333, -0.16016459,  0.05064438, -0.24216816,  0.17468215,  0.01867362, -0.19768417,  0.22984595,  0.05558394, -0.08225019, -0.07402412,  0.17956053, -0.21955299,  0.04305365,  0.19546087,  0.00225406, -0.09951354,  0.19236533,  0.00253023, -0.36155048,  0.22532471, -0.02197390, -0.00584845,  0.03090193, -0.00403084,  0.06833000, -0.26923539,  0.09340589, -0.04523616,  0.03323164,  0.20458371,  0.06208422, -0.01319514, -0.16292863, -0.11546189, -0.09127103,  0.13105784, -0.10012380,  0.23301413,  0.11090103, -0.16453579, -0.10770759, -0.07981054, -0.00555257, -0.10658135,  0.25910600
 -0.03476900,  0.04055881,  0.00681219,  0.04994032, -0.06695311,  0.05219211, -0.10355466,  0.07665317, -0.13839949,  0.21517886, -0.26997009,  0.20777801,  0.00569138, -0.12908169,  0.21013365, -0.31165671,  0.33054346, -0.28603743,  0.24053099, -0.05751118, -0.08330042,  0.18196808, -0.13804600,  0.00585538, -0.02030454,  0.03443860,  0.00111865,  0.00137450, -0.00112419,  0.00398414, -0.01264114, -0.11428261,  0.16138509, -0.15418380,  0.20033647, -0.03758652, -0.00876656,  0.01187163, -0.20601144,  0.22621306, -0.20978665,  0.14862172, -0.05537789,  0.14243964, -0.12783233, -0.02265349,  0.02217347, -0.08857723,  0.04056028,  0.05999336
 -0.00187318, -0.00293389, -0.00618337,  0.03399264, -0.01134194, -0.01698380,  0.02642123, -0.08538003,  0.15004136, -0.12087643, -0.02794209,  0.18814956, -0.32648202,  0.32534516, -0.20495321,  0.09755635, -0.01464359, -0.13511529,  0.27068812, -0.31038721,  0.27224346, -0.07687867, -0.15209227,  0.25786567, -0.18459087,  0.02182385,  0.10685573, -0.09407597,  0.01569187,  0.04074546, -0.06389486,  0.11354832, -0.13550292,  0.04120797,  0.10765284, -0.21673347,  0.27964881, -0.17639211,  0.03579752,  0.03085346, -0.05504210,  0.06423063, -0.07423338,  0.06809119, -0.05458684,  0.05826462, -0.07382732,  0.04488196, -0.01581022, -0.01096647
 -0.07943339,  0.04689518,  0.07672873,  0.07752014, -0.13165898,  0.03553041, -0.07651117,  0.10708226, -0.13336753, -0.02746051,  0.05128915, -0.10019333,  0.23070553,  0.05714716, -0.12794765, -0.08341540,  0.01479242,  0.13992928,  0.02184182, -0.03384282,  0.10527395, -0.25651816,  0.27143969, -0.10841243, -0.27672844,  0.29595487, -0.03783795, -0.13921443,  0.15948351, -0.03109346, -0.01949929, -0.20774881,  0.01276225,  0.19304316, -0.05013992,  0.19746671,  0.08123727, -0.34316791, -0.05999318,  0.11862252, -0.11207569,  0.01095163,  0.03464459,  0.23491869, -0.12754643, -0.11554593,  0.00312470, -0.01556841, -0.12898570,  0.23966895
 -0.02453692,  0.08494004, -0.12976277,  0.14403270, -0.16769065,  0.19374132, -0.21258112,  0.23990728, -0.25258283,  0.22274361, -0.18450843,  0.17897886, -0.18202832,  0.16811932, -0.16312931,  0.16905562, -0.15964269,  0.13943574, -0.11448808,  0.07220400, -0.02551174, -0.01936462,  0.05984738, -0.11562841,  0.17833689, -0.18554446,  0.15590560, -0.15065077,  0.17989917, -0.19789409,  0.18205134, -0.16800856,  0.17512519, -0.16902857,  0.15460754, -0.12532530,  0.06552276, -0.04653092,  0.09481067, -0.12425628,  0.09434457, -0.04197556,  0.02008756, -0.02722829,  0.00864996,  0.03715404, -0.07319219,  0.09578513, -0.07047787,  0.01627669
  0.14650999, -0.29216781,  0.12915402, -0.05299847,  0.10598107, -0.10710807,  0.07282890, -0.00041690, -0.03014853,  0.19786364, -0.11282124, -0.03816586,  0.02428165,  0.08248779,  0.03592329, -0.04922745, -0.09504533,  0.12667043, -0.14409268,  0.19910725, -0.19379219,  0.08942831, -0.15262327,  0.25785615, -0.26239753, -0.04935064,  0.11121516, -0.00568973, -0.10717651,  0.01327991,  0.13022067, -0.05613074, -0.06415244, -0.03497231,  0.01486813, -0.16209998,  0.28591738, -0.01779923, -0.24015609,  0.04655246,  0.17525652, -0.18220201,  0.00690718,  0.05241079,  0.13754424, -0.19929073,  0.17667812, -0.04504990, -0.20046266,  0.26744125
  0.08935946, -0.07264671, -0.16549968,  0.21150156, -0.13383414,  0.13300139, -0.11552589, -0.01103170,  0.09831982,  0.01526220,  0.10557383, -0.20421061,  0.11540619, -0.08328672,  0.13364682, -0.03248502, -0.03157518, -0.08003728,  0.12638194, -0.13180324,  0.19439263, -0.20828585,  0.13524994, -0.10421483,  0.15983653, -0.29915708,  0.15523365,  0.06572154, -0.16444228,  0.02170191,  0.05143292,  0.11418880, -0.13455035,  0.00667650, -0.04999540, -0.06194366,  0.03627020,  0.24498900, -0.30816174,  0.07360650,  0.08379546,  0.00359627, -0.15044477,  0.13699416, -0.05809477,  0.07420206, -0.12336913,  0.19395428, -0.28211133,  0.22350453
 -0.01652005,  0.12298498, -0.27280741,  0.25868193, -0.10379096, -0.11258705,  0.28079500, -0.28035447,  0.15726536,  0.04455093, -0.12579224,  0.15035338, -0.15538762,  0.07723288,  0.05636887, -0.07551416,  0.00587853,  0.01212854, -0.02180195,  0.03911608,  0.01300891, -0.09428742,  0.04180381,  0.03084717, -0.05462738,  0.05281873, -0.14197153,  0.18649591, -0.07710032, -0.14549752,  0.27104300, -0.21298634,  0.08692011,  0.03946061, -0.14801587,  0.11362958, -0.04959071,  0.05231423,  0.00795451, -0.18406352,  0.23909016, -0.06990713, -0.15117824,  0.25261840, -0.20529856,  0.05225932,  0.13430046, -0.18688806,  0.08798411,  0.01603763
 -0.06265762,  0.18796874, -0.14580852, -0.07105146,  0.27752207, -0.27276999,  0.07318254,  0.05247606, -0.18154660,  0.23095851, -0.12778613,  0.00109136,  0.09046351, -0.18298417,  0.10652409,  0.03920935, -0.06168733,  0.00543456,  0.03871537, -0.09496497,  0.17180378, -0.02406504, -0.06507292, -0.01367342,  0.08265945, -0.03826466, -0.00745553, -0.03555908,  0.17623961, -0.26061399,  0.08251130,  0.18780620, -0.24339572,  0.17885042, -0.03915703, -0.04044315,  0.02535768, -0.03145032,  0.14314374, -0.13889884, -0.07593979,  0.28645372, -0.25590941,  0.04443907,  0.14759478, -0.26697094,  0.13582129,  0.02814084, -0.10778466,  0.05620411
 -0.01395908, -0.07087827,  0.13402329,  0.11362717, -0.18091564, -0.10685291,  0.16442528,  0.11089811, -0.17772243, -0.13920343,  0.09952574,  0.15277950, -0.03481562, -0.22884252, -0.04178960,  0.23365102,  0.09863445, -0.22257784, -0.16009333,  0.19255381,  0.20157975, -0.09592759, -0.15749927,  0.02439752,  0.16930008,  0.02273641, -0.07207616, -0.05710548,  0.02258321,  0.16819840, -0.03623923, -0.21427920,  0.00764923,  0.30593047,  0.00889160, -0.28822367,  0.04860345,  0.19534156,  0.00756145, -0.05113622, -0.09407930, -0.01286131,  0.15828473,  0.03777721, -0.21102876, -0.06921600,  0.21449672,  0.02572317, -0.15324706, -0.02105663
 -0.03523544,  0.03239795,  0.13954713, -0.16876304, -0.09338287,  0.15152651,  0.11092473, -0.17432367, -0.12926246,  0.18168214,  0.07041675, -0.03465076, -0.14724841, -0.04269846,  0.21821761,  0.07989482, -0.22469085, -0.10768464,  0.20111211,  0.13604375, -0.10994790, -0.17747743,  0.10533978,  0.06939470,  0.07816723, -0.21461755,  0.08563737, -0.04428883,  0.13506431, -0.02331020, -0.18590052,  0.03072205,  0.19398709,  0.08917428, -0.36166139,  0.05831625,  0.27032595, -0.11126455, -0.08065906,  0.00659140, -0.06231023,  0.17062794, -0.00053759, -0.14879932, -0.06332533,  0.17725468,  0.08839164, -0.26074783,  0.06709092,  0.05521353
  0.14288439, -0.29864092,  0.13517643,  0.05056619, -0.03489384,  0.01435736, -0.05266609,  0.04286990,  0.08039917,  0.04754934, -0.26451436,  0.19330442, -0.01068271, -0.00610040, -0.01559381, -0.08594541,  0.08047830,  0.07731844, -0.08013105, -0.14750508,  0.12359630, -0.07913786,  0.15932402, -0.14999735,  0.13039200, -0.20194073,  0.32439345, -0.21508823, -0.08248718,  0.16149164,  0.03841502,  0.00864242, -0.20643933,  0.16761437, -0.15371123,  0.13991302, -0.09909162, -0.04909393,  0.06577264,  0.09861980, -0.00456172, -0.09486589, -0.02305682,  0.07907614,  0.06171816, -0.14747296,  0.19670856, -0.20631720,  0.28849113, -0.19969911
  0.04614725, -0.10697415,  0.06794229,  0.02000249, -0.03783874,  0.01886376,  0.00795159, -0.07270689,  0.13335368, -0.08107894, -0.01169156, -0.02769259,  0.15178909, -0.22345602,  0.13767130, -0.03223882, -0.05645868,  0.15627376, -0.20620767,  0.12547673, -0.10322460,  0.18559941, -0.17958442,  0.11083522, -0.00854544, -0.09050566,  0.19784727, -0.16644411,  0.00733541,  0.08462968, -0.01198685, -0.03384012,  0.01960512, -0.01083415, -0.00538030, -0.01545544,  0.09379345, -0.22683316,  0.28525060, -0.10889167, -0.07314931,  0.19297842, -0.28432515,  0.31332712, -0.28292247,  0.24368947, -0.22244172,  0.16815151, -0.03128257, -0.05388731
 -0.02714343,  0.09611225, -0.17018223,  0.23271785, -0.25437202,  0.21335812, -0.13495177,  0.08319060, -0.11028538,  0.13311298, -0.10068160,  0.00990351,  0.09878436, -0.17005539,  0.16410584, -0.08244338,  0.00899491, -0.00538224,  0.05196635, -0.06771983,  0.04630463,  0.00636490, -0.07675779,  0.11363765, -0.08642047,  0.05934239, -0.09715029,  0.18904123, -0.26480022,  0.27724401, -0.22488742,  0.12868569, -0.05891521,  0.05384443, -0.04202558, -0.02572408,  0.14606738, -0.25384168,  0.29066157, -0.26274104,  0.18257367, -0.11213993,  0.10392730, -0.13669458,  0.14522622, -0.11052117,  0.05587617, -0.01300717, -0.01283686,  0.01064525
 -0.00982138,  0.06935406, -0.17255297,  0.16991663, -0.06497023, -0.03336418,  0.07743413, -0.02947377, -0.00723634,  0.03630993,  0.00974046, -0.13347352,  0.14392507,  0.03763603, -0.21200997,  0.23597596, -0.21713640,  0.17435218, -0.07179380, -0.00542398, -0.07582013,  0.08587968,  0.01104445, -0.09502836,  0.11169479, -0.04539366, -0.08436731,  0.24870753, -0.28731004,  0.13838526,  0.04772362, -0.07419653,  0.01707042, -0.04267751,  0.10243201, -0.15866435,  0.18611538, -0.12202620, -0.10158357,  0.33030391, -0.33865707,  0.23027980, -0.12668569,  0.02416307,  0.06103993, -0.06922725,  0.10101113, -0.15127876,  0.19499581, -0.11617876
 -0.03514647,  0.05416518,  0.02292126, -0.02242713, -0.08840589,  0.17183616, -0.14583337,  0.01125263,  0.03871120, -0.04096145, -0.03955042,  0.19984121, -0.24133174,  0.07793896,  0.04526009,  0.02570662, -0.14045481,  0.20442140, -0.23297352,  0.18862459,  0.03559930, -0.12732667,  0.03984353,  0.06956458, -0.13453357,  0.13270621, -0.07388393, -0.01483972,  0.01181030,  0.16170220, -0.35162582,  0.26301427,  0.00794517, -0.12648794,  0.08975114,  0.07184689, -0.22667011,  0.26816716, -0.12088564, -0.03838864, -0.05775153,  0.23365768, -0.26039980,  0.15889952, -0.01672237, -0.15084610,  0.16944201, -0.07604578, -0.07008728,  0.08064887
 -0.00305984, -0.00682286,  0.04032887, -0.04999953,  0.02319907, -0.01054734,  0.05349631, -0.13790341,  0.19676888, -0.21206417,  0.17326981, -0.10305084,  0.07893246, -0.12831326,  0.17343819, -0.14146164,  0.06525660, -0.00266519, -0.01523625, -0.02873862,  0.13696729, -0.20893390,  0.18730119, -0.11852563,  0.06267383, -0.05022354,  0.07432631, -0.10899301,  0.10314335, -0.03878750, -0.00934917, -0.06628333,  0.23151904, -0.35211692,  0.36771577, -0.28550255,  0.17342187, -0.10635302,  0.11550064, -0.14103896,  0.08665298,  0.00792326, -0.04375202, -0.00643684,  0.10786416, -0.20746004,  0.23107370, -0.16807204,  0.06357577, -0.00259320
 -0.02119108,  0.07041281, -0.06186400, -0.01645769,  0.04610340,  0.04048419, -0.16292475,  0.17784119, -0.08971482, -0.03806775,  0.13819055, -0.11029518, -0.04819939,  0.12517405, -0.02083451, -0.11920937,  0.15154837, -0.08196318, -0.05317223,  0.20950082, -0.22657718,  0.05742306,  0.11420864, -0.14669348,  0.07798146,  0.03078103, -0.08911352,  0.04527912,  0.08269632, -0.12746677, -0.05087226,  0.31197468, -0.35397350,  0.15647964,  0.09861322, -0.24970638,  0.21405938, -0.04859225, -0.06018763, -0.02254549,  0.16730778, -0.13423556, -0.04733508,  0.20499407, -0.25432845,  0.14490453,  0.06368067, -0.21532462,  0.20512843, -0.08314502
