 -0.14163575, -0.14163018, -0.14162874, -0.14162998, -0.14163134, -0.14163154, -0.14163035, -0.14162548, -0.14161639, -0.14160608, -0.14159536, -0.14158342, -0.14157114, -0.14155857, -0.14154537, -0.14153142, -0.14151764, -0.14150448, -0.14149107, -0.14147753, -0.14146375, -0.14145030, -0.14143743, -0.14142544, -0.14141362, -0.14140250, -0.14139139, -0.14138066, -0.14136967, -0.14135910, -0.14134853, -0.14133796, -0.14132827, -0.14131858, -0.14130968, -0.14130029, -0.14129034, -0.14128095, -0.14127234, -0.14126470, -0.14125756, -0.14125079, -0.14124407, -0.14123747, -0.14123103, -0.14122460, -0.14121796, -0.14121111, -0.14120422, -0.14119778
  0.41943316,  0.43798656,  0.41184315,  0.35422896,  0.28057767,  0.19953551,  0.12130047,  0.06117353,  0.02168144, -0.01230166, -0.04396623, -0.06857778, -0.08990806, -0.10617621, -0.11310949, -0.11446224, -0.11616138, -0.11782062, -0.11522611, -0.11155254, -0.10702990, -0.10304571, -0.09746273, -0.09185410, -0.08777219, -0.08674734, -0.08368841, -0.08037299, -0.07312744, -0.06591225, -0.05878760, -0.05287880, -0.05130503, -0.04674732, -0.04336470, -0.03675673, -0.02575023, -0.01583059, -0.01017456, -0.00750336, -0.00699619, -0.00946800, -0.01172182, -0.01163416, -0.01191569, -0.01089050, -0.00881138, -0.00501726, -0.00121349,  0.00224879
  0.09288728,  0.02627303, -0.03918529, -0.09567601, -0.14202023, -0.17769050, -0.19943689, -0.21249566, -0.22228872, -0.22646076, -0.22433847, -0.21827160, -0.20770019, -0.19282392, -0.17489267, -0.15753735, -0.14022640, -0.12102089, -0.10204226, -0.08473469, -0.06984679, -0.05570294, -0.04057178, -0.02413786, -0.00953651,  0.00522016,  0.01976676,  0.03454680,  0.04825597,  0.06137156,  0.07231965,  0.08101853,  0.09016721,  0.09942023,  0.10981122,  0.11804042,  0.12378784,  0.12868418,  0.13298129,  0.13856729,  0.14464592,  0.15096290,  0.15775969,  0.16586770,  0.17396993,  0.18201004,  0.18891677,  0.19474844,  0.19923551,  0.20403674
 -0.66587184, -0.27458590,  0.04310609,  0.24863543,  0.34581046,  0.30946477,  0.16555689,  0.04472069,  0.03248596,  0.03647675,  0.01358393, -0.00281768, -0.04443183, -0.10271223, -0.12012635, -0.10290888, -0.09278029, -0.09539192, -0.08266932, -0.07914556, -0.08133483, -0.09163478, -0.07552109, -0.03644144, -0.00493829, -0.01544823, -0.02239073, -0.04462693, -0.04227234, -0.02418190,  0.01399511,  0.04984182,  0.03489240,  0.02505702, -0.01730158, -0.05416774, -0.04346537, -0.00563969,  0.02459393,  0.05421202,  0.08307854,  0.08538405,  0.07855762,  0.08690437,  0.08185431,  0.07665813,  0.06926253,  0.07034778,  0.07105453,  0.07852110
 -0.03626111,  0.02751111,  0.06953263,  0.07814164,  0.03356402, -0.04141564, -0.08203022, -0.09989293, -0.12501997, -0.12879031, -0.10153391, -0.06026888,  0.00420851,  0.09206065,  0.18304920,  0.23172371,  0.23416673,  0.20161678,  0.12215038,  0.00949732, -0.11118391, -0.19823588, -0.22494598, -0.19411600, -0.14253218, -0.06860197,  0.00669322,  0.07597538,  0.11587530,  0.12826168,  0.09520129,  0.01100090, -0.08273860, -0.15840391, -0.17606088, -0.15306456, -0.09930026, -0.01417144,  0.08483723,  0.18592299,  0.25318166,  0.27082058,  0.24051465,  0.17568664,  0.08654462, -0.01011894, -0.10557911, -0.18244488, -0.22171197, -0.19929402
 -0.03951293, -0.00889388,  0.00596333, -0.00533637, -0.03097543, -0.05111319, -0.05848142, -0.03890457,  0.01488827,  0.07973181,  0.13392805,  0.16946603,  0.17602292,  0.14652400,  0.08005574, -0.00865898, -0.10374986, -0.19259395, -0.25791011, -0.28502937, -0.26134963, -0.19090807, -0.09460695, -0.00210765,  0.06880909,  0.10270454,  0.10536103,  0.07884238,  0.03686373, -0.00860198, -0.03989227, -0.04206833, -0.01308671,  0.04534026,  0.11332411,  0.18481180,  0.24931771,  0.28668854,  0.28172796,  0.22787166,  0.13765017,  0.03042900, -0.07187917, -0.15493510, -0.20862677, -0.22524396, -0.20008351, -0.13796281, -0.05294518,  0.02929570
 -0.17157637,  0.08574346,  0.23122926,  0.19680680, -0.00612199, -0.20010303, -0.20383729, -0.10629864, -0.05590287, -0.02262126, -0.00764132, -0.04472948, -0.04946546, -0.00092483,  0.04009482,  0.03481617,  0.02702398,  0.03652759,  0.00549621, -0.03478180, -0.03293803,  0.05621858,  0.18427293,  0.28179803,  0.28174554,  0.23351129,  0.17570152,  0.13199981,  0.06436695,  0.00033808, -0.08775864, -0.20707628, -0.28677634, -0.33507708, -0.28507729, -0.18204343, -0.08316539, -0.00204205,  0.03235331,  0.02277966, -0.01038576, -0.03450599, -0.04625202, -0.05432435, -0.05164476, -0.02387869,  0.03155524,  0.09725344,  0.16168809,  0.21362988
  0.22899009, -0.09768544, -0.30969808, -0.18984661,  0.16430158,  0.36832585,  0.23649828, -0.03209685, -0.19310880, -0.23030061, -0.14236494,  0.03341002,  0.12483158,  0.09983136,  0.06769214,  0.03998398, -0.02440713, -0.06122158,  0.01559849,  0.09928980,  0.08100181, -0.05043640, -0.14108548, -0.08778227,  0.06626823,  0.19139765,  0.21185697,  0.10268228, -0.03532559, -0.18812514, -0.29309504, -0.28226981, -0.19837489, -0.05682876,  0.00043765, -0.02123736, -0.04040128, -0.03157628,  0.00864376,  0.06959316,  0.09360872,  0.04378514, -0.01656310, -0.01259457,  0.01174090,  0.03927225,  0.05475931,  0.08519270,  0.10313338,  0.09435588
  0.05707450, -0.00299931, -0.05740083, -0.05143963,  0.03324373,  0.12385967,  0.13212716,  0.07476026,  0.00160214, -0.07105490, -0.11208763, -0.10409689, -0.08047555, -0.06738656, -0.06613500, -0.06422366, -0.07515979, -0.09326400, -0.08510506, -0.05824655, -0.04071229, -0.05321771, -0.07425903, -0.05684763,  0.03139350,  0.15655771,  0.28141119,  0.36660987,  0.40125795,  0.36973648,  0.29229321,  0.20404487,  0.11580106,  0.03736196, -0.04522766, -0.10981983, -0.14534042, -0.15547234, -0.14046801, -0.11746927, -0.09397790, -0.08404584, -0.09179765, -0.10890424, -0.12507636, -0.13342563, -0.11798477, -0.06991304,  0.00230970,  0.07113806
 -0.17748999,  0.17943608,  0.09633324, -0.26629903, -0.30939323,  0.04784282,  0.29831331,  0.28872047,  0.23768881,  0.06707405, -0.16343079, -0.16498221, -0.01768643,  0.04454852,  0.03109293,  0.04110958,  0.00601106, -0.13588905, -0.21213115, -0.10475235,  0.12892155,  0.23183316,  0.12309429, -0.08700385, -0.21356821, -0.22178094, -0.04920254,  0.06399628,  0.08573138,  0.03987622, -0.03084754, -0.12822777, -0.23340239, -0.15064762, -0.05837824, -0.00958097,  0.04642145,  0.06503649,  0.02038214,  0.02915924,  0.13598972,  0.17744130,  0.10811533,  0.02234019, -0.03950401, -0.04113865, -0.01100652,  0.03490485,  0.07720255,  0.09803160
  0.05242415,  0.01032486, -0.12155041, -0.05048773,  0.09182035,  0.04931717, -0.01887430,  0.01816187,  0.05525348,  0.05271113, -0.01058516, -0.15148764, -0.20057583, -0.02268949,  0.24816432,  0.28644426,  0.04828749, -0.15954307, -0.16459011, -0.08616758, -0.07834014, -0.07092684,  0.06550596,  0.25088902,  0.20733121, -0.04377350, -0.23826000, -0.17779360,  0.04933213,  0.15558008, -0.00396437, -0.16357586, -0.05671938,  0.15776470,  0.22291148,  0.03010563, -0.21813514, -0.22529290, -0.01414696,  0.13915916,  0.04762539, -0.11797513, -0.07185280,  0.15851661,  0.23087240,  0.02704882, -0.21944691, -0.20367940,  0.03602416,  0.19885654
 -0.07820782,  0.11414229,  0.09374557, -0.13281783, -0.12343482,  0.09276736,  0.11936240,  0.00204766, -0.01292253, -0.00342215, -0.01118355,  0.00073720, -0.06838448, -0.18191322, -0.11469104,  0.15495868,  0.29882589,  0.12490911, -0.13302637, -0.20917861, -0.11932414, -0.07715411, -0.08585213,  0.01245135,  0.21712899,  0.27901910,  0.14030703, -0.11642620, -0.20622889, -0.03695441,  0.14956287,  0.07234126, -0.13361112, -0.09558804,  0.11097878,  0.25710466,  0.17046160, -0.10243524, -0.28114945, -0.15949406,  0.09195117,  0.11432034, -0.07368129, -0.13881094,  0.03538831,  0.21962805,  0.15617209, -0.08192081, -0.19472292, -0.05585701
  0.03704002, -0.09753700, -0.01687085,  0.06155323, -0.00838037, -0.03398406,  0.09524364,  0.17774523,  0.11726541, -0.05473381, -0.24806647, -0.27058139, -0.09962829,  0.08042809,  0.14527787,  0.12606101,  0.13902415,  0.14201888,  0.01736913, -0.20074578, -0.27865645, -0.13148202,  0.08086678,  0.13932370,  0.06523909,  0.04683153,  0.10109531,  0.08902963, -0.07111893, -0.25468918, -0.20538319,  0.06666798,  0.21127867,  0.13756782, -0.00373474, -0.04324418,  0.07473793,  0.14642937, -0.01975651, -0.25731974, -0.26114518,  0.01583855,  0.25362493,  0.19057161, -0.07485125, -0.18846157, -0.05530737,  0.11437425,  0.07469838, -0.07154746
 -0.00062699, -0.00195605, -0.04542438, -0.08302930, -0.06579701, -0.02426538,  0.00604969,  0.10188167,  0.26296665,  0.30838807,  0.15598863, -0.07491962, -0.24693652, -0.29306845, -0.21767597, -0.06015063,  0.09833190,  0.19885591,  0.21985101,  0.12182158, -0.06139364, -0.21992385, -0.24340723, -0.14691937, -0.02730956,  0.03693444,  0.09968655,  0.15416081,  0.14517147,  0.01200890, -0.16445031, -0.23180522, -0.15261821, -0.00783109,  0.04784217,  0.03657624,  0.06771478,  0.15378863,  0.18346721,  0.06457147, -0.11740128, -0.19424517, -0.08269939,  0.10215443,  0.16357861,  0.05950770, -0.05589054, -0.05121200,  0.02602059,  0.04373903
  0.16360127, -0.17383575, -0.32246352,  0.18009422,  0.27372930, -0.16340551, -0.11146088,  0.22913251,  0.10019250, -0.03198177,  0.12904878,  0.06703993, -0.21398816, -0.22478039,  0.00355860,  0.10474623,  0.02964658, -0.03534232, -0.03587695, -0.06196891, -0.06785543,  0.06712851,  0.13951810,  0.01585493, -0.09656835, -0.07187260, -0.08137559,  0.01537176,  0.19987672,  0.13133514, -0.14139603, -0.11719106, -0.00516342, -0.16830929, -0.07954954,  0.23464352,  0.17472406, -0.13942981, -0.15850287,  0.04397462,  0.15318143,  0.17942470,  0.09060146, -0.12372840, -0.20561556, -0.05275326,  0.14819072,  0.15005946, -0.01152765, -0.12869430
 -0.00627457, -0.21998517,  0.19656872,  0.30449367, -0.17799273, -0.21109977,  0.16302547,  0.05513462, -0.11652589,  0.03842610,  0.00372120, -0.19460255, -0.12477680,  0.12074642,  0.18874539,  0.03803231, -0.06973191, -0.05281105, -0.01958523, -0.03570722,  0.05085591,  0.09159360, -0.00809643, -0.11133479, -0.08908569,  0.00851384,  0.13546962,  0.22575398,  0.10469910, -0.20902767, -0.20130536,  0.05787298, -0.00485820,  0.05701006,  0.28463837,  0.11683771, -0.20599808, -0.15620985,  0.08093521,  0.13562454,  0.04121112, -0.06419198, -0.18511692, -0.16502508,  0.02402132,  0.23020502,  0.17876947, -0.02133082, -0.17802224, -0.10425123
 -0.15263375,  0.25451358,  0.01002516, -0.15731489,  0.20936058,  0.04994366, -0.40794133, -0.08553025,  0.27642657,  0.01815196, -0.15175443,  0.00710017,  0.09655415,  0.03960187,  0.03786796,  0.06412596,  0.01523929, -0.06527397, -0.10429080, -0.03649644, -0.03904241,  0.01001006,  0.08205882,  0.00629275, -0.14315706, -0.05039851,  0.20165363,  0.19829088, -0.02176599,  0.01997883, -0.07459209, -0.29454653,  0.10175591,  0.35155947,  0.03803915, -0.15469611, -0.04298547, -0.01067457, -0.08251465, -0.02497969,  0.05083984, -0.01236239, -0.08071379, -0.08180299,  0.01984432,  0.16437100,  0.24189934,  0.04658038, -0.16486983, -0.17177603
  0.03969350,  0.02614206, -0.11481804,  0.03902462,  0.01224876, -0.22425271, -0.01721923,  0.34623649,  0.17058071, -0.11606163, -0.03956048,  0.05458431, -0.00953319, -0.05972065, -0.07626922, -0.08041461, -0.10719990, -0.13487577, -0.09349380,  0.01663365,  0.12339988,  0.14140201, -0.00937559, -0.08927176,  0.10240717,  0.27429572,  0.16103401, -0.08684515, -0.13778316, -0.11842090, -0.14437309,  0.09610327,  0.30250484, -0.02037018, -0.31289865, -0.13673825,  0.04169050, -0.00287582,  0.01124363,  0.11201821,  0.12947563,  0.02846640, -0.01295349,  0.10022802,  0.23594623,  0.13976649, -0.14884929, -0.32625153, -0.15848841,  0.07377818
  0.12484300, -0.00406637, -0.07109240, -0.12169819, -0.11827551,  0.01030043,  0.07598879, -0.02866458,  0.01400929,  0.20721125,  0.26268718,  0.17999887,  0.04526249, -0.04407273, -0.06863871, -0.17764177, -0.26497251, -0.17733506, -0.03895922, -0.08201592, -0.17243795, -0.08276884,  0.15670397,  0.20452298,  0.04963514,  0.04461224,  0.13554570,  0.10659523, -0.02349522, -0.06268105,  0.04177888,  0.02085826, -0.16811092, -0.09322136,  0.06870971, -0.08461903, -0.25463923, -0.14509950,  0.00899718, -0.01433995, -0.06668579,  0.13282685,  0.36175395,  0.30221269,  0.08316790,  0.05298853,  0.10669231,  0.02307910, -0.20941283, -0.24601710
 -0.08925626,  0.08388709,  0.11936670, -0.05472135, -0.08838762, -0.02499644, -0.03834757,  0.06749157,  0.06378110, -0.14936766, -0.07509739,  0.20788133,  0.16012954, -0.06592581, -0.03175930,  0.15699391,  0.07935423, -0.18456982, -0.12823461,  0.15003169,  0.04330600, -0.23920620, -0.14992833,  0.11892278,  0.07588574, -0.18718173, -0.07650497,  0.25955990,  0.09282473, -0.21365922, -0.05700149,  0.17427962,  0.09255786, -0.15958289, -0.10865757,  0.19754409,  0.11464639, -0.23147395, -0.12844451,  0.16785573,  0.01656365, -0.27143252, -0.11511592,  0.20738323,  0.16118801, -0.10594192,  0.00507574,  0.22595534,  0.08540536, -0.15303717
 -0.11873089,  0.15398633, -0.01348275, -0.10471450,  0.11457406,  0.04832732, -0.00853397,  0.17304829, -0.05671672, -0.26535471, -0.00151930,  0.00055876, -0.25011405, -0.18360784,  0.08042143,  0.13763647, -0.06894000, -0.05412724,  0.21411235,  0.20663408, -0.04981985,  0.01632561,  0.17359913,  0.07434744, -0.13422213, -0.08125843,  0.24354592,  0.04849646, -0.35987357, -0.07150160,  0.24153791,  0.06539582, -0.05281609, -0.05639397,  0.08428470,  0.16014072, -0.06308898, -0.02130840,  0.27877568,  0.18299891, -0.09655930, -0.12540789,  0.02474160, -0.01507118, -0.21197266, -0.15934038,  0.04956104, -0.09204134, -0.14870646,  0.09207936
  0.03584299, -0.10209665,  0.10412896,  0.00004335, -0.01951196,  0.21489363, -0.01492994, -0.17252933,  0.08462625,  0.03861481, -0.21809463, -0.18681213, -0.10262841, -0.14785399, -0.24447943, -0.17865273,  0.04878723,  0.07880283,  0.01886815,  0.18083851,  0.21457523,  0.11165021,  0.15363850,  0.25497783,  0.23794079,  0.05797938, -0.13837469,  0.11410753,  0.08241002, -0.16903343, -0.04385113, -0.00774208,  0.01107041,  0.11712980,  0.06610448,  0.01243767,  0.07234414, -0.00961513,  0.03560641,  0.20261101,  0.21253084,  0.15140563,  0.02447846, -0.08416270, -0.10357201, -0.23757357, -0.19936988, -0.08835956, -0.21574212, -0.25372985
  0.08546379, -0.16650899,  0.09477383, -0.00733620, -0.08305836,  0.16508231, -0.19915140, -0.11634429,  0.23751996,  0.03121712,  0.12844099,  0.02476815, -0.31209194,  0.13827702,  0.24647393, -0.00953865,  0.02165563, -0.16521007, -0.13140074,  0.10303619,  0.00208224,  0.11380514, -0.08219692, -0.36562968,  0.09397528,  0.21491045, -0.12836898,  0.07100970, -0.09414748, -0.14658175,  0.22631993, -0.02148455, -0.06894315,  0.06285460, -0.16577243,  0.00948258,  0.11544129, -0.17120369,  0.07809493, -0.01346315, -0.18842209,  0.14783226,  0.03861501, -0.01979102,  0.12604266, -0.18399966,  0.04278007,  0.20766921, -0.06378531,  0.07687377
 -0.07561447,  0.15262288, -0.08185216,  0.04189010,  0.02680655, -0.00830902,  0.07100941, -0.23458208, -0.10187986,  0.23320773, -0.00670099, -0.01978397, -0.12728334, -0.23994347,  0.26547277,  0.13331446, -0.10093271,  0.04872025, -0.20040056, -0.00004714,  0.22493431,  0.02832245,  0.08960600, -0.09804879, -0.24490402,  0.27239948,  0.19121518, -0.15412034, -0.01416873, -0.03847381, -0.01719073,  0.11053098, -0.00206114, -0.01639985,  0.04116847, -0.10811881,  0.11567259,  0.08369173, -0.17503958,  0.19080581,  0.00695276, -0.23716411,  0.14458837,  0.02971498, -0.02750265, -0.00811201, -0.21278080,  0.13813906,  0.17397899, -0.26339947
 -0.09404676,  0.13911909, -0.01706270, -0.08593460,  0.10685504, -0.07207450, -0.05688138,  0.09196934, -0.00620914,  0.17599573,  0.02485403, -0.40250084, -0.02674045,  0.30424213,  0.04527181, -0.09610549, -0.16453354, -0.08790437,  0.06269239,  0.06807038,  0.19795027, -0.02723360, -0.34016300,  0.00087244,  0.26110315,  0.07169141,  0.05255609, -0.16826314, -0.09316431,  0.21605123, -0.03447618, -0.05210897,  0.09479797, -0.13759874, -0.02047043,  0.21437662, -0.01544892, -0.03861941, -0.01145504, -0.00636212,  0.07934366, -0.10176505,  0.05152854,  0.17932153, -0.21607059, -0.12019857,  0.21564033,  0.05761329, -0.03031778, -0.18823222
 -0.00049029,  0.00676856, -0.10941666,  0.10284655, -0.04164179, -0.10086152,  0.04088834,  0.10251487,  0.32077185, -0.02707329, -0.40669499,  0.02587737,  0.14977085,  0.02982219,  0.14797011, -0.09832686, -0.17461325, -0.02506754,  0.04378940,  0.26964657, -0.07322355, -0.34662082,  0.00341104,  0.05552480,  0.05170334,  0.14759771, -0.14991315, -0.19974962,  0.08505609,  0.04458942,  0.12344936,  0.09534216, -0.20694707, -0.06544273,  0.08392374, -0.04457946,  0.04117153,  0.01174275,  0.03884401,  0.11724012, -0.16194597,  0.01592193,  0.13317738, -0.29420292, -0.04012198,  0.24217772,  0.04302754,  0.06763686, -0.05322316, -0.02201242
 -0.11287890,  0.06652903,  0.12182415, -0.04183428, -0.07089349, -0.05067372,  0.14572337,  0.20039564, -0.11556961, -0.26623075,  0.00759352,  0.12916883, -0.12620477,  0.01210729,  0.21754100, -0.21341106, -0.26824011,  0.12522298,  0.25339773, -0.03993127, -0.19935052,  0.03569330,  0.10443525, -0.05247351,  0.11672229,  0.08586882, -0.07447403, -0.01405132,  0.00830546,  0.17735914,  0.04035668, -0.22763828, -0.06391758,  0.15619401,  0.04105118, -0.01453554,  0.14715647,  0.06692477, -0.15714025, -0.02288529,  0.15199087, -0.01001569, -0.23621321,  0.07283130,  0.23158064, -0.10017772, -0.12888593,  0.19856608, -0.02184606, -0.28511658
  0.07434054, -0.21054463,  0.20781674, -0.00767932, -0.07599001,  0.03409591, -0.24527570,  0.16386374,  0.07900729,  0.06375779,  0.00234376, -0.07189182,  0.15384958, -0.17454730, -0.01331933,  0.29130627, -0.27176802, -0.17508446,  0.23985090,  0.02910895,  0.07708617, -0.08764602, -0.12389412,  0.04837266, -0.16306772,  0.19388581, -0.02073042,  0.04584597, -0.07394634, -0.15595569,  0.16905123, -0.06805159, -0.02112786, -0.00988968,  0.12627340,  0.02237172, -0.11354555,  0.05945973, -0.13319234, -0.21541618,  0.22166561,  0.20065725, -0.05969039,  0.02435157, -0.06641692, -0.03498103, -0.08428929, -0.12554820,  0.33366873, -0.05852518
  0.08739906, -0.01353320,  0.02604487, -0.22967668, -0.08737023,  0.04107802,  0.02682950,  0.14149017,  0.06768989,  0.08539305,  0.05854676,  0.07629568, -0.04703224, -0.11555530,  0.08473115, -0.03365804, -0.04998688,  0.32359269,  0.04545713, -0.29356828, -0.04089035, -0.09320834, -0.11157086,  0.01459924,  0.08026634,  0.04501508, -0.19433777, -0.01753739, -0.08054795, -0.12216351,  0.03959346,  0.10544301,  0.17615120,  0.07863262, -0.10934988, -0.29802183, -0.21321173, -0.14558514,  0.04312923,  0.33287017,  0.22327837, -0.07054573, -0.05884107, -0.09804279, -0.28168204,  0.00334106,  0.20572084,  0.19311524,  0.08743631,  0.11288186
  0.02359909, -0.11502728,  0.06141013, -0.05538301,  0.09453820,  0.20350094, -0.13461960,  0.03599533, -0.04405211, -0.13024613, -0.09560247,  0.02875342,  0.05281878, -0.10840489,  0.15851241,  0.05772714, -0.23632422,  0.14328950, -0.00369316, -0.31549070,  0.18592781,  0.19605402, -0.04018818,  0.03277622,  0.03849279,  0.04084133, -0.25765325,  0.13507198,  0.20942332, -0.05554145,  0.09492836, -0.02955530, -0.09005832, -0.14727421, -0.04731342,  0.08133728,  0.18800330,  0.18278562,  0.07103086, -0.02342903, -0.22731356, -0.26825512,  0.07953387,  0.17991834, -0.03913536,  0.20178288,  0.16320931, -0.25297173, -0.17611884, -0.04765493
  0.04329973, -0.00421786, -0.10844499,  0.08924068, -0.17007532,  0.18533912,  0.07004074, -0.13605003,  0.09927331,  0.01868585, -0.05944736, -0.13882739,  0.12879385, -0.04746668, -0.16491957,  0.27910045,  0.02751813, -0.24626072,  0.21883862, -0.03967867, -0.31784442,  0.21023783,  0.10312273, -0.02281417, -0.07408051,  0.15798862, -0.00128498, -0.30464793,  0.19261700,  0.03335752, -0.01152690,  0.09910325,  0.03870708, -0.05374911, -0.14888273, -0.06551774, -0.04643208,  0.12263507,  0.13346052,  0.09968487,  0.05233763, -0.14972258, -0.23440169,  0.07740318,  0.08085752, -0.14196543,  0.25867062,  0.10790808, -0.12854766, -0.11142822
 -0.09891314,  0.19760045, -0.15774487,  0.22599468, -0.22441130,  0.09073768, -0.08602939, -0.03195715,  0.16250400, -0.25889073,  0.19755006, -0.00988866,  0.03061739, -0.05413775,  0.09505656, -0.10386598, -0.09430315,  0.16546285,  0.00345475,  0.00586924, -0.04352715,  0.20823453, -0.35426979,  0.16237076,  0.01096771, -0.12542079,  0.19228516, -0.17000389,  0.22047700, -0.21737227,  0.02356961, -0.00921844, -0.09768991,  0.18009996,  0.02295047,  0.09683398, -0.08452243, -0.02246187, -0.19948797,  0.07806690, -0.02172441,  0.02625088,  0.19845905, -0.11504262,  0.06044306, -0.18103626,  0.07937441, -0.14893850,  0.10704993,  0.06858523
 -0.06568072,  0.04845535,  0.11488113, -0.02446348,  0.06042838, -0.16025085,  0.05065230, -0.24202587,  0.17488328,  0.01878983, -0.19746234,  0.23004542,  0.05553450, -0.08227892, -0.07395004,  0.17959380, -0.21946653,  0.04323227,  0.19544940,  0.00205118, -0.09960612,  0.19218747,  0.00223215, -0.36159561,  0.22538270, -0.02204539, -0.00594789,  0.03081487, -0.00416662,  0.06814829, -0.26925372,  0.09356631, -0.04509365,  0.03333909,  0.20447378,  0.06172008, -0.01356471, -0.16315340, -0.11541585, -0.09105463,  0.13123390, -0.09997943,  0.23301718,  0.11066484, -0.16477523, -0.10769763, -0.07962855, -0.00528452, -0.10627071,  0.25933481
 -0.03461884,  0.04065947,  0.00659226,  0.04957296, -0.06712577,  0.05191499, -0.10345832,  0.07682567, -0.13771418,  0.21521593, -0.26965183,  0.20852603,  0.00504575, -0.12887950,  0.21024486, -0.31132686,  0.33067210, -0.28619097,  0.24073360, -0.05819859, -0.08329141,  0.18174072, -0.13906258,  0.00592041, -0.02001179,  0.03399507,  0.00098660,  0.00125433, -0.00145769,  0.00382242, -0.01276067, -0.11366574,  0.16141515, -0.15421915,  0.20029548, -0.03855740, -0.00926775,  0.01173486, -0.20561519,  0.22637059, -0.20959615,  0.14905763, -0.05544421,  0.14184556, -0.12812254, -0.02222996,  0.02245495, -0.08796519,  0.04143626,  0.06009977
 -0.00106998, -0.00269818, -0.00684074,  0.03263263, -0.01185751, -0.01763017,  0.02667833, -0.08507834,  0.15129424, -0.12016311, -0.02618095,  0.18957809, -0.32689738,  0.32521796, -0.20449534,  0.09888933, -0.01407259, -0.13473297,  0.27011403, -0.31133364,  0.27177263, -0.07738175, -0.15372958,  0.25730573, -0.18351757,  0.02089774,  0.10586409, -0.09413204,  0.01476384,  0.03977199, -0.06429602,  0.11498360, -0.13487519,  0.04122178,  0.10661226, -0.21919246,  0.27706701, -0.17669734,  0.03690836,  0.03070941, -0.05438459,  0.06500518, -0.07440482,  0.06624427, -0.05542563,  0.05886422, -0.07301198,  0.04636900, -0.01400333, -0.01066914
 -0.08065328,  0.04639371,  0.07742537,  0.07919358, -0.13063807,  0.03593281, -0.07649317,  0.10692509, -0.13339346, -0.02919803,  0.04823117, -0.10123945,  0.22900815,  0.05785920, -0.12844253, -0.08509452,  0.01332188,  0.13863018,  0.02333782, -0.03373561,  0.10587041, -0.25589576,  0.27124945, -0.10693309, -0.27741444,  0.29569859, -0.03579666, -0.13916987,  0.16001268, -0.02910822, -0.01870045, -0.20839695,  0.01121280,  0.19259047, -0.04795288,  0.19977809,  0.08532116, -0.34196274, -0.06075695,  0.11928214, -0.11216486,  0.01040371,  0.03493960,  0.23642762, -0.12601713, -0.11501800,  0.00240342, -0.01659359, -0.12955816,  0.23890435
 -0.02453166,  0.08492714, -0.12975783,  0.14403382, -0.16768434,  0.19373949, -0.21257827,  0.23990444, -0.25258377,  0.22274903, -0.18451716,  0.17897356, -0.18202999,  0.16812284, -0.16312835,  0.16905140, -0.15964880,  0.13943890, -0.11449156,  0.07221283, -0.02551826, -0.01935833,  0.05984333, -0.11561554,  0.17832803, -0.18554885,  0.15591398, -0.15064870,  0.17989398, -0.19789065,  0.18205814, -0.16801047,  0.17512079, -0.16903198,  0.15461090, -0.12532813,  0.06553917, -0.04652654,  0.09479864, -0.12425438,  0.09435313, -0.04198527,  0.02008724, -0.02722476,  0.00865825,  0.03714702, -0.07318850,  0.09578109, -0.07048885,  0.01628378
  0.14525573, -0.29293610,  0.12862588, -0.04880669,  0.10695726, -0.10401664,  0.07196408, -0.00225197, -0.02935863,  0.19449984, -0.11685347, -0.04275566,  0.02230678,  0.08225623,  0.03549021, -0.05223853, -0.09746624,  0.12465274, -0.14113579,  0.19872520, -0.19187515,  0.09016116, -0.14964434,  0.25866259, -0.26037178, -0.05195793,  0.11548458, -0.00383020, -0.10798656,  0.01666019,  0.13188282, -0.05592421, -0.06625645, -0.03636644,  0.01754702, -0.15708556,  0.29060091, -0.01298905, -0.24260488,  0.04785023,  0.17664891, -0.18398712,  0.00642641,  0.05464500,  0.13964448, -0.19728868,  0.17307202, -0.04619223, -0.20268060,  0.26487769
  0.08764535, -0.07044368, -0.16628687,  0.21273657, -0.13407467,  0.13465249, -0.11611192, -0.01173602,  0.09866516,  0.01257609,  0.10490755, -0.20491589,  0.11425433, -0.08369218,  0.13279794, -0.03305482, -0.03147551, -0.08135854,  0.12815725, -0.13318547,  0.19594170, -0.20816524,  0.13723692, -0.10572511,  0.16212695, -0.29880269,  0.15534045,  0.06628465, -0.16355022,  0.02261540,  0.05084516,  0.11438389, -0.13420732,  0.00638181, -0.04917186, -0.05880135,  0.03529131,  0.24597893, -0.30630163,  0.07353932,  0.08277934,  0.00429752, -0.15023950,  0.13689521, -0.05841393,  0.07628527, -0.12572054,  0.19335919, -0.28043058,  0.21990100
 -0.01673544,  0.12254113, -0.27231294,  0.25912568, -0.10418486, -0.11147691,  0.28040054, -0.28060919,  0.15797132,  0.04340906, -0.12636014,  0.14987300, -0.15597445,  0.07786222,  0.05572547, -0.07630240,  0.00575572,  0.01217239, -0.02153714,  0.03900512,  0.01242908, -0.09399672,  0.04247707,  0.03069346, -0.05474102,  0.05293841, -0.14139360,  0.18663696, -0.07745955, -0.14437474,  0.27107018, -0.21346107,  0.08743505,  0.03873593, -0.14753743,  0.11505911, -0.04932977,  0.05234980,  0.00798772, -0.18325674,  0.23941144, -0.07081376, -0.15035122,  0.25259481, -0.20521961,  0.05335814,  0.13353054, -0.18731386,  0.08905572,  0.01514636
 -0.06139080,  0.18684850, -0.14586630, -0.07041721,  0.27423504, -0.27474952,  0.07528911,  0.05323485, -0.18163671,  0.23202044, -0.12453778,  0.00403112,  0.09110802, -0.18381978,  0.10795570,  0.04181020, -0.06047039,  0.00459543,  0.03604771, -0.09266603,  0.17200203, -0.02646162, -0.06796355, -0.01328418,  0.08187013, -0.03832505, -0.00987008, -0.03594365,  0.17520928, -0.26096738,  0.08251172,  0.18544236, -0.24249919,  0.18094810, -0.04101834, -0.04563753,  0.02475781, -0.03071462,  0.14154612, -0.14029928, -0.07546382,  0.28628921, -0.25556602,  0.04572489,  0.14401239, -0.26737232,  0.13932658,  0.02957011, -0.10973914,  0.06027605
 -0.01274147, -0.07122657,  0.13501038,  0.11080074, -0.18609984, -0.10364146,  0.16467733,  0.10887698, -0.17586489, -0.13726402,  0.10657014,  0.15356060, -0.03552660, -0.22594084, -0.03803309,  0.23531073,  0.09718290, -0.22230347, -0.15993180,  0.19641833,  0.19610881, -0.09844374, -0.15880476,  0.02623665,  0.16543225,  0.02205531, -0.07517165, -0.05668859,  0.02170289,  0.16738774, -0.04020585, -0.21520788,  0.01380553,  0.30262116,  0.00468833, -0.29156013,  0.04944349,  0.19344794,  0.00338286, -0.05187213, -0.09313288, -0.01281529,  0.15916039,  0.03634087, -0.21528742, -0.06385707,  0.21416180,  0.02628502, -0.15425978, -0.01481673
 -0.03500287,  0.03299111,  0.13821115, -0.16991535, -0.09180034,  0.15263752,  0.10924347, -0.17539339, -0.12728305,  0.18308147,  0.06965612, -0.03608395, -0.14684199, -0.04027556,  0.21872072,  0.07755974, -0.22563287, -0.10536722,  0.20255790,  0.13420658, -0.11218445, -0.17659860,  0.10677072,  0.06915156,  0.07624325, -0.21482584,  0.08624111, -0.04374349,  0.13470427, -0.02497267, -0.18558736,  0.03277881,  0.19404167,  0.08596644, -0.36180076,  0.06103808,  0.26976356, -0.11328603, -0.08084878,  0.00710397, -0.06126800,  0.17067521, -0.00209185, -0.14908539, -0.06140266,  0.17812862,  0.08627118, -0.26083097,  0.06864258,  0.05573615
  0.14166426, -0.29730614,  0.13583140,  0.05183793, -0.03458747,  0.01313596, -0.05052151,  0.04336432,  0.07601371,  0.04623414, -0.26487502,  0.19349217, -0.01221211, -0.00811824, -0.01793308, -0.08306692,  0.08134534,  0.07332185, -0.07871820, -0.14684000,  0.12799846, -0.07970477,  0.16007511, -0.14980148,  0.13417120, -0.20092377,  0.32304238, -0.21366078, -0.08143541,  0.16240504,  0.03866769,  0.00689674, -0.20657151,  0.17138567, -0.15277783,  0.13821583, -0.09834255, -0.04534604,  0.06484347,  0.09871953, -0.00621853, -0.09569084, -0.01976609,  0.07621093,  0.06271083, -0.15082617,  0.19874335, -0.20844696,  0.28612133, -0.20275982
  0.04776715, -0.10947861,  0.06914606,  0.01948078, -0.03833388,  0.01991028,  0.00640771, -0.07262410,  0.13486852, -0.08042862, -0.01331788, -0.02508817,  0.15105176, -0.22243063,  0.13845245, -0.03358494, -0.05552247,  0.15784305, -0.20726728,  0.12458357, -0.10247133,  0.18460743, -0.17788239,  0.11005200, -0.00878585, -0.09162081,  0.20021785, -0.16872356,  0.00693885,  0.08556251, -0.01311233, -0.03248278,  0.01830498, -0.01089910, -0.00677174, -0.01396720,  0.09115307, -0.22675783,  0.28518582, -0.10916369, -0.07248011,  0.19208282, -0.28535314,  0.31409012, -0.28249783,  0.24221108, -0.22113889,  0.16660204, -0.02959054, -0.05475597
 -0.02713900,  0.09610502, -0.17017677,  0.23271440, -0.25437356,  0.21336264, -0.13495753,  0.08319034, -0.11028018,  0.13311336, -0.10068559,  0.00991295,  0.09878033, -0.17005404,  0.16411159, -0.08244915,  0.00899838, -0.00537750,  0.05196144, -0.06771969,  0.04630717,  0.00636186, -0.07675441,  0.11363824, -0.08642344,  0.05934065, -0.09714292,  0.18903161, -0.26479795,  0.27724638, -0.22489379,  0.12869156, -0.05891788,  0.05384311, -0.04202940, -0.02571866,  0.14605725, -0.25383972,  0.29066334, -0.26274681,  0.18257796, -0.11214170,  0.10392214, -0.13669002,  0.14522461, -0.11052397,  0.05587782, -0.01300889, -0.01283608,  0.01064447
 -0.01004848,  0.06938937, -0.17235953,  0.17031543, -0.06448609, -0.03427432,  0.07866128, -0.02985625, -0.00789387,  0.03581682,  0.00977959, -0.13473639,  0.14513972,  0.03588983, -0.21213080,  0.23629716, -0.21685063,  0.17315762, -0.07106278, -0.00557473, -0.07554743,  0.08715903,  0.01005881, -0.09450530,  0.11276946, -0.04582887, -0.08379689,  0.24866871, -0.28690845,  0.13806961,  0.04931640, -0.07590750,  0.01746061, -0.04162412,  0.10236401, -0.15903646,  0.18770942, -0.12314809, -0.10006213,  0.32995923, -0.33895252,  0.23005362, -0.12593203,  0.02395617,  0.06034216, -0.06806481,  0.09939633, -0.15027455,  0.19420651, -0.11707114
 -0.03447993,  0.05409662,  0.02137011, -0.02228691, -0.08876916,  0.17192849, -0.14688343,  0.01209410,  0.03970145, -0.03984471, -0.03845032,  0.19927768, -0.24056368,  0.08077423,  0.04439729,  0.02548904, -0.14032360,  0.20559507, -0.23301061,  0.18795210,  0.03356008, -0.12802298,  0.04157485,  0.06705927, -0.13467949,  0.13208553, -0.07483932, -0.01355021,  0.00990376,  0.16106840, -0.35140127,  0.26431963,  0.00646996, -0.12752925,  0.09019747,  0.06996865, -0.22577885,  0.26668692, -0.12293305, -0.03616304, -0.05774778,  0.23292172, -0.26056397,  0.15894172, -0.01600308, -0.15135100,  0.17157873, -0.07842513, -0.06640756,  0.08099040
 -0.00302417, -0.00674307,  0.04006172, -0.05001330,  0.02339256, -0.01070702,  0.05329835, -0.13748298,  0.19659268, -0.21197451,  0.17367917, -0.10357613,  0.07919976, -0.12794358,  0.17328051, -0.14176004,  0.06576336, -0.00306043, -0.01498844, -0.02864582,  0.13629908, -0.20870746,  0.18755342, -0.11906930,  0.06294831, -0.05036411,  0.07414355, -0.10878334,  0.10317834, -0.03934276, -0.00893812, -0.06593876,  0.23070704, -0.35169403,  0.36777294, -0.28617583,  0.17418833, -0.10689102,  0.11538187, -0.14088404,  0.08711082,  0.00725412, -0.04344475, -0.00628055,  0.10744751, -0.20695925,  0.23109016, -0.16848969,  0.06430339, -0.00276452
 -0.02071661,  0.06986182, -0.06212045, -0.01617018,  0.04631517,  0.03978719, -0.16249620,  0.17804579, -0.09008854, -0.03718869,  0.13787208, -0.11079510, -0.04705403,  0.12533711, -0.02152987, -0.11892894,  0.15202818, -0.08248815, -0.05221826,  0.20850444, -0.22710576,  0.05854718,  0.11382079, -0.14695509,  0.07853537,  0.03002566, -0.08870403,  0.04554338,  0.08198469, -0.12795882, -0.04924740,  0.31094398, -0.35467322,  0.15777737,  0.09718534, -0.24943904,  0.21454010, -0.04989275, -0.06000284, -0.02176381,  0.16710442, -0.13531116, -0.04627986,  0.20434556, -0.25442316,  0.14587958,  0.06250574, -0.21491483,  0.20574439, -0.08377199
