  0.19886777,  0.21081776,  0.22124115,  0.23014178,  0.23743511,  0.24277140,  0.24615302,  0.24748681,  0.24670660,  0.24416824,  0.23982504,  0.23364068,  0.22576395,  0.21642347,  0.20583159,  0.19429039,  0.18191623,  0.16875017,  0.15496691,  0.14075425,  0.12633224,  0.11163348,  0.09743084,  0.08381145,  0.07077933,  0.05875488,  0.04816372,  0.03877622,  0.03046155,  0.02308287,  0.01654822,  0.01089042,  0.00616645,  0.00224258, -0.00109055, -0.00386641, -0.00615790, -0.00794884, -0.00932986, -0.01056642, -0.01161546, -0.01245898, -0.01318491, -0.01377928, -0.01403300, -0.01397479, -0.01346738, -0.01248391, -0.01107803, -0.00954021
 -0.35226328, -0.32056288, -0.28570342, -0.24745808, -0.20618522, -0.16374572, -0.12059598, -0.07771831, -0.03630827,  0.00421693,  0.04264305,  0.07768133,  0.10893680,  0.13639500,  0.15986018,  0.17927280,  0.19454056,  0.20533461,  0.21147751,  0.21266606,  0.20929294,  0.20051986,  0.18924765,  0.17560778,  0.15962000,  0.14324289,  0.12868358,  0.11537605,  0.10312283,  0.09150984,  0.08034756,  0.07007542,  0.06128591,  0.05367947,  0.04658527,  0.04010205,  0.03417868,  0.02909406,  0.02453517,  0.01937530,  0.01369991,  0.00779472,  0.00142914, -0.00531116, -0.01147469, -0.01701393, -0.02107057, -0.02325072, -0.02348011, -0.02273763
 -0.37789726, -0.28844615, -0.19759458, -0.11079533, -0.03208031,  0.04097238,  0.10449748,  0.15755011,  0.19990600,  0.22308294,  0.22821292,  0.21863902,  0.19558954,  0.15957885,  0.11223434,  0.05385547, -0.01056306, -0.07377880, -0.13132071, -0.17898712, -0.21356005, -0.22614061, -0.22738832, -0.21592210, -0.18938072, -0.15609237, -0.12743869, -0.10206032, -0.08020409, -0.06153762, -0.04606930, -0.03595963, -0.03393232, -0.03866960, -0.04643045, -0.05650517, -0.06729643, -0.07928303, -0.09072573, -0.09584660, -0.09521138, -0.08899122, -0.07503110, -0.05390644, -0.03118664, -0.00770041,  0.01184567,  0.02414041,  0.02754558,  0.02642353
 -0.24803039, -0.15725813, -0.06567349,  0.02542557,  0.11093935,  0.17610135,  0.21581592,  0.22479690,  0.19844846,  0.14703661,  0.07441952, -0.01340184, -0.10345723, -0.18151676, -0.23765820, -0.26534437, -0.25772898, -0.21549349, -0.14716768, -0.06638871,  0.01837729,  0.08929640,  0.15138229,  0.19607023,  0.21585188,  0.21633280,  0.20818768,  0.18815988,  0.15594366,  0.11062405,  0.05466613, -0.00328400, -0.05232736, -0.08768157, -0.10845237, -0.11083716, -0.09416161, -0.05862221, -0.01032538,  0.03756055,  0.07755366,  0.10628966,  0.11830057,  0.10986222,  0.08508801,  0.04693461,  0.00539727, -0.03181062, -0.05789657, -0.07282216
  0.33205648,  0.15341809, -0.01048970, -0.13285637, -0.19560031, -0.20876272, -0.17160058, -0.09837062, -0.01269880,  0.08491015,  0.16826179,  0.20952887,  0.20098021,  0.15072762,  0.07141589, -0.02027639, -0.10390107, -0.16249856, -0.18421663, -0.17354903, -0.13490508, -0.09676084, -0.04011463,  0.01540035,  0.04954813,  0.07525103,  0.11742791,  0.16475059,  0.20940214,  0.23897855,  0.24430619,  0.22557120,  0.18942840,  0.13707508,  0.06843343, -0.00368303, -0.06541813, -0.09835214, -0.09757242, -0.07397340, -0.02859319,  0.03339465,  0.09224729,  0.13397099,  0.15829575,  0.15308972,  0.12335163,  0.07902829,  0.03200278, -0.01844913
 -0.02556519, -0.03684500, -0.01031722,  0.03401334,  0.07355712,  0.09347865,  0.08049089,  0.03265046, -0.03663481, -0.10913306, -0.15805334, -0.15984904, -0.11015837, -0.02407353,  0.07481842,  0.16870274,  0.22598868,  0.21796405,  0.14135032,  0.02266829, -0.10754020, -0.21372167, -0.27065723, -0.25532280, -0.16872114, -0.03822805,  0.09727455,  0.20593763,  0.26234247,  0.25798724,  0.19709359,  0.09416766, -0.02610035, -0.13137062, -0.19441784, -0.20358118, -0.16309093, -0.08892444,  0.00171503,  0.09033570,  0.15851847,  0.18770239,  0.17214122,  0.11839499,  0.04208086, -0.03438200, -0.09255145, -0.11861840, -0.10693130, -0.06271171
  0.02865691, -0.02626249, -0.06427776, -0.06905528, -0.03981391,  0.01402045,  0.07421821,  0.12076032,  0.13616916,  0.10672573,  0.03327924, -0.06395258, -0.15030197, -0.19546916, -0.18636113, -0.13171524, -0.03353438,  0.09133090,  0.20217863,  0.25658057,  0.24047931,  0.16367339,  0.03933039, -0.10269704, -0.21661480, -0.27010156, -0.25629572, -0.18222803, -0.06789327,  0.05625257,  0.16173136,  0.22471374,  0.22904642,  0.17441466,  0.07939485, -0.02830948, -0.12009833, -0.17742060, -0.19376505, -0.16560556, -0.10267363, -0.01848403,  0.06676767,  0.13293150,  0.16288914,  0.15268688,  0.10729213,  0.03925719, -0.03071525, -0.07685378
 -0.36238935, -0.06847845,  0.14920192,  0.26206294,  0.28606387,  0.20969841,  0.08471743, -0.06092245, -0.21546924, -0.27374257, -0.21411449, -0.08277298,  0.04418682,  0.10863844,  0.09692998,  0.08106710,  0.05541114, -0.01229619, -0.08554834, -0.09666787, -0.04739979, -0.04774896,  0.00418292,  0.09231308,  0.10057460,  0.03033570, -0.00179723,  0.01507510,  0.05910068,  0.09681037,  0.09876686,  0.08988129,  0.12152777,  0.17653205,  0.18253291,  0.12013095,  0.00315645, -0.10528137, -0.15355116, -0.18386842, -0.17976902, -0.11962116, -0.01505430,  0.07149505,  0.12834753,  0.14609090,  0.16355371,  0.18207245,  0.18224823,  0.11224792
  0.11570886, -0.02574944, -0.09835267, -0.10600313, -0.07693492, -0.02054131,  0.04415337,  0.06775378,  0.04057311, -0.00602426, -0.01329239,  0.02289005,  0.03177418, -0.02359542, -0.08405901,  0.00948968,  0.15125195,  0.16293515,  0.05168683, -0.01934695, -0.02477979,  0.00009044,  0.02314218,  0.04563328,  0.04597960,  0.02699393,  0.00126438, -0.03884037, -0.10011109, -0.13784192, -0.13251469, -0.11647777, -0.12041339, -0.13070234, -0.12242859, -0.09393693, -0.06160755, -0.03833746, -0.00967943,  0.03424429,  0.13184440,  0.21607306,  0.22773233,  0.18738630,  0.15027733,  0.14209471,  0.18924977,  0.31884235,  0.45302695,  0.47158216
  0.01117178, -0.09070934, -0.10613105, -0.05494285,  0.03228280,  0.11064209,  0.15538316,  0.15684633,  0.11321948,  0.05156188, -0.00820832, -0.05214249, -0.06202709, -0.03197124,  0.01509244,  0.03714557,  0.02103168, -0.01471389, -0.04266609, -0.05997651, -0.06751318, -0.08450137, -0.08930641, -0.07267949, -0.05149628, -0.04410235, -0.04241372, -0.03445109, -0.00433271,  0.04375307,  0.09008424,  0.12237110,  0.15513367,  0.20923704,  0.27897156,  0.33955970,  0.36775933,  0.36259971,  0.33335847,  0.28532927,  0.22008858,  0.14914130,  0.09119535,  0.06637735,  0.07500350,  0.08616400,  0.07976213,  0.05393218,  0.01829978, -0.02565569
  0.01306399, -0.01533072, -0.06801352, -0.02622427,  0.09509053,  0.14507707,  0.03334882, -0.12922891, -0.16015834, -0.03299003,  0.10045782,  0.10532642, -0.00679987, -0.10706100, -0.07840534,  0.09811309,  0.19961721,  0.02858010, -0.24012040, -0.22363808,  0.08658904,  0.28514442,  0.12818792, -0.14070362, -0.18401828,  0.00152824,  0.13821543,  0.04866050, -0.13039897, -0.12319811,  0.08567931,  0.21264639,  0.06792655, -0.16284293, -0.17868652,  0.02179463,  0.14235571,  0.01560538, -0.15733949, -0.11106953,  0.12732369,  0.23556262,  0.03278144, -0.24959758, -0.23679026,  0.07049937,  0.27993191,  0.14877757, -0.10547503, -0.16985929
  0.03350940, -0.07223596, -0.03394066,  0.08706704,  0.10015147, -0.03970398, -0.14233342, -0.08408125,  0.04973457,  0.11216944,  0.04850111, -0.05645254, -0.09018695, -0.02094957,  0.07694957,  0.13280473,  0.01681529, -0.17377908, -0.14050085,  0.14846492,  0.28387929,  0.03364094, -0.24004752, -0.17229157,  0.09572307,  0.19737337,  0.03586614, -0.15801279, -0.11867023,  0.10121300,  0.17475482, -0.03947167, -0.26537958, -0.19004917,  0.08041493,  0.17695510, -0.01297073, -0.19025123, -0.08665250,  0.14425433,  0.19497955, -0.03353269, -0.24246831, -0.11007881,  0.22975184,  0.31844299,  0.06444600, -0.13962032, -0.03808692,  0.15110191
 -0.01322683,  0.03155956,  0.01429097, -0.03889425, -0.02954497,  0.02400613,  0.01434284, -0.03973533, -0.04259124, -0.00212217,  0.01716949, -0.00073639, -0.01154367,  0.02594660,  0.07949814,  0.02515498, -0.09703576, -0.08532133,  0.07844718,  0.16450796,  0.08407260,  0.00655551,  0.00216787, -0.03768787, -0.14746839, -0.17684599, -0.01241461,  0.21930726,  0.26312100,  0.06311500, -0.16096030, -0.21178025, -0.16087304, -0.17323836, -0.20507504, -0.08270052,  0.17199792,  0.30378009,  0.16157959, -0.09120166, -0.22412449, -0.17991402, -0.06696659,  0.03891725,  0.17953356,  0.34671246,  0.36193958,  0.13707110, -0.11272185, -0.12528002
 -0.00759656,  0.00298698,  0.05667811,  0.00352065, -0.08603818, -0.04554747,  0.06730371,  0.07029686, -0.01073248, -0.03544416, -0.00348511,  0.01460874, -0.02263510, -0.07314984, -0.03889179,  0.11686266,  0.12171413, -0.09547006, -0.20380702, -0.01371901,  0.14651514,  0.05694779, -0.03426900,  0.07001708,  0.14075313, -0.03970567, -0.27271470, -0.21066469,  0.10763300,  0.30665133,  0.18148398, -0.02931576, -0.04017535,  0.05328262, -0.03527274, -0.25531268, -0.26737662,  0.02541012,  0.29483737,  0.23602440,  0.00388013, -0.12312891, -0.11124697, -0.14805624, -0.23585251, -0.14349100,  0.15854886,  0.32421816,  0.14974938, -0.12292253
 -0.12355043,  0.02470854,  0.14910901,  0.08604710, -0.05313217, -0.08678833, -0.05215283, -0.04481298, -0.05275254, -0.01567033,  0.08089658,  0.15566863,  0.10093677, -0.05897815, -0.14445543, -0.04932564,  0.11705001,  0.10772717, -0.06993883, -0.08648087,  0.13672157,  0.19226086, -0.12799839, -0.34142628, -0.08638378,  0.24221117,  0.17291838, -0.08196611, -0.11288353,  0.00315112, -0.05863350, -0.23190334, -0.17927592,  0.09451345,  0.22027183,  0.05851503, -0.09181570,  0.00039268,  0.13430752,  0.02250418, -0.18352323, -0.06149262,  0.30644091,  0.37200011,  0.05512121, -0.11361654,  0.03524634,  0.08255085, -0.12094221, -0.20310232
 -0.02168127,  0.05303399, -0.00601240, -0.06237436, -0.01145071,  0.05473095,  0.02636866, -0.05420503, -0.05552694,  0.03315580,  0.09570619,  0.03583799, -0.08726712, -0.10554167,  0.01827931,  0.15610416,  0.07142014, -0.14006020, -0.11064884,  0.16809862,  0.17668353, -0.17842958, -0.31396330,  0.03618793,  0.31816896,  0.12130080, -0.16567609, -0.09663578,  0.08779251, -0.01165440, -0.22913639, -0.14414968,  0.16085722,  0.22524210, -0.00875587, -0.12195309,  0.04827805,  0.13304642, -0.09804473, -0.29855414, -0.05583524,  0.31415184,  0.26250117, -0.07870690, -0.14949416,  0.05367376,  0.06470635, -0.13924176, -0.15396068,  0.07859281
  0.21907600,  0.03621805, -0.23913918, -0.24110605, -0.02432368,  0.09302703,  0.16787910,  0.22566784,  0.08156213, -0.12578553, -0.16830849, -0.10528437, -0.06761529, -0.01935720,  0.05793564,  0.04855450,  0.04342935,  0.04641885, -0.03223197, -0.14891741, -0.06356747,  0.07508973,  0.08536647, -0.05253048, -0.03412954,  0.16666434,  0.17713170, -0.10435045, -0.14679049,  0.14811710,  0.23918952, -0.05083990, -0.18819592,  0.02924110,  0.12406782, -0.06505746, -0.07754757,  0.17112563,  0.10826007, -0.29453376, -0.38129333, -0.06587118,  0.00327215, -0.16571300, -0.06697317,  0.10579834, -0.03580454, -0.19389563, -0.01758997,  0.17684391
 -0.01629038, -0.07859221,  0.03434351,  0.13472054,  0.03329055, -0.07598402, -0.04431973,  0.00726307, -0.02094243, -0.03827400,  0.01634920,  0.05193138,  0.04614174,  0.04485748,  0.00769138, -0.11388986, -0.08426021,  0.11372154,  0.08834107, -0.16334172, -0.08935632,  0.23281104,  0.12478826, -0.21465727, -0.10380088,  0.15651079, -0.03541497, -0.22028996,  0.09940458,  0.29134637, -0.09002973, -0.28338078,  0.11880890,  0.28987627, -0.12071187, -0.26426980,  0.12078833,  0.19872518, -0.14272394, -0.08422042,  0.26447766,  0.14047131, -0.22998403, -0.12151650,  0.18923899,  0.09568897, -0.13308025, -0.04115098,  0.10427514, -0.00544650
  0.13576453,  0.01734667, -0.08659728, -0.15957668, -0.12209335,  0.03389322,  0.20384121,  0.17689351, -0.02443073, -0.09597710, -0.05071313, -0.04801350, -0.05810747, -0.03561672, -0.02224270,  0.03560391,  0.17495701,  0.07133982, -0.22219999, -0.17645511,  0.19540675,  0.13832500, -0.17825785, -0.11091930,  0.18601626,  0.11118201, -0.09937130,  0.02366792,  0.18232197, -0.04690799, -0.19603016,  0.08242331,  0.20646359, -0.11852738, -0.23440824,  0.11589787,  0.23993102, -0.05284262, -0.15646761,  0.01162338, -0.07869048, -0.31419505, -0.17726802,  0.18559560,  0.18188522, -0.14249895, -0.20279471,  0.01113275,  0.07256860, -0.04392406
 -0.14546388,  0.17911865,  0.10327969, -0.11065964, -0.00719126, -0.00810864, -0.14300273,  0.02589486,  0.19544683,  0.04439797, -0.10866979, -0.05976859,  0.02150333,  0.05088258, -0.00154495, -0.17483564, -0.00596336,  0.30387045,  0.07860457, -0.31340934, -0.07427178,  0.15783555, -0.01449356, -0.06019180,  0.13624717,  0.02911020, -0.18836741, -0.03278088,  0.21294924,  0.04034313, -0.16738390, -0.01434358,  0.10191226, -0.03287520,  0.00907808,  0.14382723, -0.06503417, -0.21694322,  0.07290663,  0.20806706, -0.04908574, -0.04495743,  0.08534645, -0.15275497, -0.19044470,  0.23614985,  0.27261777, -0.19786448, -0.21114917,  0.18426426
 -0.04110989,  0.02349432, -0.01793206,  0.06260513,  0.03352961, -0.08451584, -0.02553848,  0.07936348,  0.01218734, -0.09600001, -0.03731855,  0.08636342,  0.09059822, -0.04127315, -0.13112633,  0.06949793,  0.23184781, -0.03792734, -0.30691729, -0.06084529,  0.17463061,  0.09947339,  0.02634201,  0.04643513, -0.13533369, -0.24957425,  0.04157923,  0.31009252,  0.05864281, -0.24992125, -0.16367710,  0.01571008,  0.07599060,  0.19088346,  0.17248595, -0.16753501, -0.29723933,  0.02928898,  0.21968891,  0.05848536,  0.02803503,  0.06462209, -0.11155688, -0.11384493,  0.20381438,  0.21644470, -0.17807010, -0.24847807,  0.04614601,  0.07162336
 -0.11945883,  0.05335492,  0.04427129, -0.00926152,  0.11374407,  0.10060216, -0.08815483, -0.08978472, -0.02237891, -0.07579182, -0.02601558,  0.10510934,  0.09639202,  0.06860578,  0.11816766, -0.07176556, -0.29802877, -0.16465719,  0.07734222,  0.12386501,  0.17785555,  0.14055032, -0.11878463, -0.25712463, -0.05597627,  0.14138174,  0.09381416, -0.04765474, -0.11075131, -0.09480246,  0.06268708,  0.30481440,  0.29876528, -0.03978981, -0.27590279, -0.19188102, -0.01691786,  0.14609905,  0.26585794,  0.13873599, -0.12064423, -0.08347070,  0.10077654,  0.02803522, -0.07932675, -0.02504433, -0.06212100, -0.09920245,  0.13827527,  0.28663441
  0.01184122, -0.01477446, -0.13248579,  0.12143806,  0.20273993, -0.10473475, -0.13258945,  0.04746695, -0.07440886, -0.09525564,  0.14086607,  0.14632925,  0.01497323,  0.04933929, -0.02339800, -0.31888381, -0.09671411,  0.24329060,  0.06859655, -0.07656732,  0.12792232,  0.02827723, -0.21264159, -0.02253565,  0.18523356, -0.06938544, -0.22621418,  0.04838994,  0.15154887,  0.00014770,  0.10042827,  0.15334237, -0.18717317, -0.26172446,  0.09123425,  0.13614480, -0.01362752,  0.14786343,  0.10694547, -0.20236069, -0.12211943,  0.21705084,  0.04473981, -0.17094752,  0.03443015,  0.01641725, -0.20596020,  0.04173687,  0.25450498, -0.18709035
 -0.25545794,  0.21850876,  0.26444816,  0.02835092, -0.15875002, -0.25341496, -0.08268632,  0.19782509,  0.13765765,  0.03981577,  0.04283672, -0.06615126, -0.17484639, -0.06786936,  0.00311443, -0.06919729,  0.10002481,  0.23748764,  0.03744367, -0.08994017,  0.01357612, -0.21155993, -0.19223606,  0.11697574,  0.14356050,  0.07573838,  0.22511723,  0.03924786, -0.31352013, -0.14857398,  0.17868323,  0.13194996,  0.05761949,  0.06730749, -0.13215665, -0.18637710,  0.08785222,  0.17728136, -0.01671766, -0.06889597,  0.02050435, -0.06172645, -0.16236994, -0.07242446,  0.10417239,  0.10870726,  0.09676246,  0.08889940, -0.00719550, -0.11976908
 -0.08947380,  0.18748815, -0.12835463, -0.06240801,  0.19342485, -0.02719710, -0.11268450,  0.06774760, -0.05935454, -0.14076207,  0.11704670,  0.15212551,  0.06828132,  0.04021458, -0.20605251, -0.21472774,  0.20810951,  0.07559027, -0.20450385,  0.19157391,  0.09724023, -0.26147992,  0.06277470,  0.21226674, -0.21756939, -0.07682234,  0.14138465, -0.15910975, -0.07513652,  0.31948675,  0.03108191, -0.18987166,  0.10711019, -0.00977742, -0.21560373,  0.11897243,  0.21289855, -0.09996166, -0.01098193,  0.14611589, -0.08622242, -0.08051569,  0.12083441, -0.01975136, -0.08339569,  0.07622204, -0.06753772, -0.15756856,  0.08867341,  0.02092553
  0.03170816, -0.03760475,  0.05218034, -0.15932443, -0.01923620,  0.24978217,  0.00900809, -0.16338844,  0.02589937, -0.04240612, -0.11429770,  0.09809469,  0.17622667,  0.08797980, -0.00315885, -0.21644214, -0.09371309,  0.13632227, -0.07889790, -0.11230976,  0.25961540,  0.07545670, -0.19881756,  0.11358934,  0.09083961, -0.31238354, -0.05688551,  0.16990883, -0.10120407,  0.02254306,  0.28243440, -0.12263191, -0.23612215,  0.15542150,  0.04141508, -0.17054944,  0.14525862,  0.13465694, -0.19318575,  0.02967452,  0.18521805, -0.07473382, -0.04352946,  0.16463407, -0.07526462, -0.15413636,  0.05122427, -0.06653171, -0.14788449,  0.19626489
  0.06787062, -0.00417031, -0.09752476, -0.10156663,  0.18599514, -0.00963097, -0.18265470,  0.14821506,  0.10221874, -0.11306710,  0.12789605,  0.00483846, -0.43533309, -0.02153729,  0.48188740,  0.05884871, -0.24106032,  0.04958743, -0.05805290, -0.11466965,  0.17007233,  0.08169809, -0.06333815,  0.02753209, -0.10063268, -0.11719366,  0.17149364,  0.15313928, -0.03574186, -0.00405761, -0.10739800, -0.21444492,  0.04628791,  0.18881638,  0.03410039,  0.01776865, -0.04324321, -0.18200285, -0.07023032,  0.08959675,  0.00264497, -0.01079617,  0.10161726, -0.00347644, -0.10955219, -0.05328370,  0.00045823,  0.14026330,  0.15355360, -0.10715848
 -0.05753347,  0.01748375,  0.14112616, -0.10979322,  0.02275028,  0.13747418, -0.20986574, -0.07625493,  0.19031844, -0.08373708, -0.06352253,  0.40452972,  0.01970268, -0.53778420, -0.13216126,  0.37465884, -0.03867091, -0.04388850,  0.19408942, -0.09088863, -0.15487393,  0.03193739, -0.00508063,  0.02192423,  0.07398952, -0.05078665, -0.06024418,  0.06345831,  0.03108346,  0.05343127,  0.08789941, -0.02261686, -0.07299859,  0.00382979, -0.03231347,  0.05766106,  0.13028293, -0.00674778, -0.03505804, -0.00567206, -0.03398130, -0.10954248,  0.00587432,  0.00209123, -0.00079263,  0.05828621, -0.08596437, -0.14282051,  0.24052180, -0.06271303
  0.14083106, -0.14782796, -0.14102965,  0.06378048,  0.18301398,  0.13889895, -0.06711389, -0.26644927, -0.11219941,  0.31402251,  0.29382882, -0.06396039, -0.17332019, -0.18921541, -0.21120824, -0.13718080,  0.16779227,  0.15940682,  0.14436813, -0.04025065, -0.03720556, -0.14002324, -0.08919535, -0.08704399,  0.03507328,  0.07751409,  0.19447940,  0.15853485,  0.13227887,  0.00392411, -0.03604620, -0.00006898,  0.09571236,  0.17616961,  0.09544481, -0.04607054, -0.04879830,  0.05123748,  0.05138370,  0.03397545, -0.14215129, -0.23334171, -0.22479480, -0.08681891, -0.09003152, -0.09203376,  0.05684224,  0.09803412,  0.04580723,  0.22168989
  0.00169754, -0.09833256, -0.01960830,  0.19141251,  0.16580012, -0.07762415, -0.36465632, -0.15990752,  0.30438093,  0.35620978, -0.11495891, -0.31529186, -0.05317031,  0.07534097,  0.06086167,  0.11256461,  0.19603356, -0.05857395, -0.20884648, -0.16704625,  0.01960885,  0.10228572,  0.13407499,  0.09680268, -0.00701931, -0.10473367, -0.11994616, -0.06654667, -0.01113539,  0.05290171,  0.06017961,  0.04815718, -0.00921262, -0.05144377, -0.14634052, -0.07759717,  0.11846882,  0.17774197,  0.00974447, -0.10026447, -0.14818507, -0.00903362,  0.19682920,  0.20203346,  0.02651234, -0.07566729, -0.07402427, -0.08852868,  0.08040229, -0.01355404
 -0.09192358,  0.15111976, -0.04449071, -0.15006504,  0.07924653,  0.13753142,  0.13893446, -0.28241863, -0.22402210, -0.00178740,  0.34109950,  0.07330356, -0.25216868, -0.01632360,  0.15733436,  0.09441242, -0.05856499,  0.23076821, -0.15508938, -0.05155674, -0.24656157,  0.10271549,  0.08131305,  0.20177017,  0.04678827,  0.00320265, -0.21599268, -0.16801640, -0.13593634, -0.01428621,  0.06661697,  0.02219000,  0.01323308, -0.10861681, -0.01169441, -0.12537987, -0.09786089,  0.02720885,  0.17845454,  0.03041299,  0.04710614, -0.05571528,  0.03423938,  0.19018197,  0.26660993,  0.10635075, -0.12061581, -0.09498833, -0.16789066,  0.00582140
  0.06612982, -0.19808319,  0.24703860, -0.22843921,  0.29199218, -0.28035823,  0.11102469, -0.04880197,  0.10025789, -0.00559223, -0.04842141, -0.01110289, -0.00450566,  0.11366451, -0.23715509,  0.22517186, -0.22483634,  0.20915773, -0.16654238,  0.11665459, -0.03380086,  0.00631448, -0.01317568, -0.03224652,  0.03157550, -0.06341527,  0.13016668, -0.11594599,  0.17845176, -0.15755993,  0.16162777, -0.14087671,  0.14795672, -0.10212191,  0.05174255, -0.00735151,  0.01808055,  0.04664079, -0.05922954,  0.03768804, -0.11114195,  0.10334815, -0.12880848,  0.12477810, -0.21959273,  0.18601410, -0.18653758,  0.17306579, -0.09049314,  0.05151016
 -0.02201917,  0.09686524, -0.12382513,  0.05735917,  0.10304097, -0.23049125,  0.18097263, -0.14783513,  0.19931057, -0.01112711, -0.01278545, -0.19025633,  0.25166305, -0.20141558,  0.02144680,  0.04218732, -0.15381794,  0.17180114, -0.16994430,  0.21262562, -0.14095668,  0.19263405, -0.25815312,  0.13414194, -0.20186014,  0.19003567, -0.09293021,  0.22535011, -0.05364897,  0.06662304, -0.01481853, -0.04677905,  0.06388738, -0.03364318,  0.12387945, -0.08813253,  0.16330828, -0.12494805,  0.06776861, -0.15082361,  0.13545000, -0.18903488,  0.14652453, -0.22231725,  0.04432368, -0.13973844,  0.07049816,  0.05233622,  0.05393151,  0.02983369
  0.03881792, -0.07340549,  0.10430042, -0.13633805,  0.00916840,  0.16801604, -0.22267741,  0.23554259, -0.19634294,  0.09007596,  0.03046153, -0.05662755, -0.13730809,  0.37223244, -0.37793543,  0.23943767, -0.18882466,  0.12510405, -0.06164396,  0.09008110, -0.08668928,  0.11777314, -0.16639212,  0.11281650, -0.12129565,  0.12897093, -0.04893983,  0.05075580, -0.01524686,  0.00951713, -0.07695183,  0.08953264, -0.10470562,  0.11063239, -0.05764042,  0.06233345, -0.09412416,  0.06039546, -0.00250115, -0.07744487,  0.11842536, -0.10474333,  0.02887470, -0.03101154,  0.02567859, -0.12225878,  0.22401862, -0.22641789,  0.20320987, -0.11055908
  0.02756805, -0.12958343,  0.22999606, -0.19416433,  0.05878971,  0.06569429, -0.10471359, -0.01031986,  0.23902274, -0.43418197,  0.45495859, -0.28772514,  0.07128371,  0.05881206, -0.03400057, -0.09224644,  0.21036299, -0.24151253,  0.17375063, -0.09017615,  0.01918196,  0.02518223, -0.03526178,  0.07313783, -0.10064239,  0.07932953, -0.04319354, -0.03656912,  0.07896603, -0.05214632,  0.01802960,  0.02125217, -0.00396767, -0.06695446,  0.09179120, -0.08391525,  0.08460220, -0.09200059,  0.14565412, -0.18221899,  0.12495106, -0.00696467, -0.08860932,  0.12931144, -0.08297579,  0.00839288,  0.02891124, -0.05410102,  0.02322617,  0.00551742
 -0.10699969,  0.23902804, -0.10036582, -0.16581344,  0.21773659, -0.12284631, -0.01868254,  0.23078959, -0.37099810,  0.18113881,  0.15452881, -0.33587696,  0.31418665, -0.15510743,  0.00045241,  0.14912491, -0.08397524, -0.09018357,  0.15694908, -0.17525903,  0.12900681, -0.06934393,  0.12095466, -0.10546440,  0.04980807,  0.00106145, -0.13102883,  0.10381675, -0.03861969, -0.04378536,  0.07750047, -0.04381251, -0.09286478,  0.08743144, -0.02278203, -0.00847589, -0.02473110,  0.05768569, -0.09819600,  0.04164176,  0.13865421, -0.14717602,  0.11244743,  0.07229669, -0.13768173,  0.17546590, -0.15027118,  0.03505219,  0.03082003, -0.02540954
 -0.05308812,  0.12376368, -0.11651548,  0.09531296, -0.09014927,  0.10894763, -0.15974404,  0.14947267, -0.10191284,  0.08556447, -0.05908144,  0.07180987, -0.10541113,  0.11091875, -0.09851532,  0.06557109, -0.01687625, -0.03714730,  0.02494555, -0.02112866,  0.02662766, -0.01636931,  0.07978801, -0.12511598,  0.12540273, -0.17013820,  0.15130434, -0.15610107,  0.20524565, -0.18041202,  0.21057061, -0.20795905,  0.19412689, -0.22700691,  0.25166025, -0.24129158,  0.25699141, -0.22021009,  0.20780601, -0.22178159,  0.21238575, -0.17886759,  0.15251265, -0.11077329,  0.07783955, -0.08046661, -0.00579170,  0.03572470, -0.03346595,  0.04870984
 -0.10855252,  0.23701555, -0.15211144, -0.05051576,  0.25225852, -0.29170433,  0.09078342,  0.04795093,  0.01189235, -0.08756213,  0.07210519,  0.07450739, -0.18290058,  0.16253691, -0.12516927,  0.02312840,  0.17214361, -0.28301602,  0.14102766,  0.08059288, -0.26004379,  0.29462484, -0.09441297, -0.09738883,  0.16559266, -0.16710740,  0.02361787,  0.03849289,  0.01951519,  0.00942279,  0.00219610,  0.08166101, -0.13772594,  0.03988100,  0.10552592, -0.16316856,  0.14601040,  0.05165703, -0.22778731,  0.24100375, -0.14703150,  0.06072772, -0.00299098, -0.00984699,  0.06752399, -0.17638872,  0.12584284, -0.05280184, -0.01678649,  0.08195047
  0.02933109,  0.01840254, -0.21630789,  0.31056942, -0.20244400, -0.03153370,  0.21975730, -0.13338017, -0.06143468,  0.01543303,  0.08248913, -0.11276922,  0.06593201,  0.06799080, -0.12238985,  0.18831002, -0.15918580, -0.00115371,  0.20617853, -0.26329337,  0.11083407,  0.09445661, -0.24753242,  0.25581604, -0.06438742, -0.07648790,  0.11918245, -0.12068031,  0.00811308, -0.07218480,  0.07477497, -0.07473228, -0.00531561,  0.09502713, -0.10798732, -0.05685776,  0.16355680, -0.23295261,  0.12027940,  0.11565910, -0.20520058,  0.18807844, -0.10202374,  0.12562188, -0.11373453,  0.13946358,  0.02677667, -0.16165017,  0.12648338, -0.11191723
 -0.08751896,  0.20552350, -0.16584650,  0.05803534, -0.00935058,  0.09890469, -0.21680311,  0.11027213,  0.08525420, -0.08590752,  0.05294339, -0.03522313,  0.01644424,  0.00088330, -0.08009089,  0.07678084, -0.05196049,  0.04590962, -0.10520801,  0.13175094, -0.07365344, -0.00476749,  0.11449544, -0.14685818,  0.00387818,  0.12956893, -0.23172875,  0.21251754,  0.01905055, -0.13895383,  0.24909705, -0.15121834, -0.04940201,  0.22323314, -0.24916575,  0.16590401,  0.06365202, -0.17404457,  0.18159179, -0.07674908, -0.14077650,  0.28415855, -0.28608472,  0.09628950,  0.06901691, -0.18043249,  0.00026717,  0.17427737, -0.17698119,  0.13973222
 -0.01900744,  0.06065345, -0.08835148,  0.05133820,  0.05665928, -0.09602148,  0.01664018,  0.03672851, -0.02592765,  0.03500405, -0.03972832,  0.02149198,  0.01434206, -0.02078938, -0.01890217,  0.01249796,  0.02460297, -0.07195982,  0.07635275, -0.01717528, -0.07767019,  0.14987610, -0.11186638, -0.02815689,  0.16546798, -0.21361483,  0.08522230,  0.14037239, -0.28092481,  0.27655782, -0.05274171, -0.20447037,  0.33889579, -0.24367464, -0.01029979,  0.23560873, -0.25134759,  0.10122439,  0.13578909, -0.26757168,  0.17627391,  0.03796005, -0.24002878,  0.27547239, -0.15586380, -0.04840349,  0.12794805, -0.09574959,  0.02106283,  0.02756134
 -0.11661086,  0.29661485, -0.28081560,  0.16523132, -0.09831346,  0.11612050, -0.15099276,  0.00496190,  0.19751779, -0.12892416,  0.01000514,  0.04197278, -0.06097376,  0.03948021, -0.12236190,  0.14662979, -0.12233888,  0.07404753, -0.05325448,  0.01368371,  0.06019066, -0.04404409, -0.01192713,  0.05029208, -0.13183440,  0.06249577,  0.07038283, -0.08897170,  0.10176661,  0.13775124, -0.27493228,  0.29054048, -0.14072560, -0.06780370,  0.21064611, -0.09464065, -0.03483173,  0.16618122, -0.13259255, -0.06025138,  0.14015895, -0.06330047, -0.13650667,  0.21291949, -0.24524985,  0.11913120, -0.15847594,  0.21890204, -0.13044938,  0.10985259
 -0.01932376,  0.05534044, -0.04858174,  0.04095208, -0.08075513,  0.09198725, -0.09290043,  0.11926903, -0.09042934,  0.04919071, -0.02596954,  0.00150204,  0.02602266, -0.12964713,  0.17810662, -0.12666747,  0.05689931,  0.03303336, -0.10156413,  0.12254049, -0.06296702, -0.01437358,  0.00624097,  0.05499205, -0.17714615,  0.25719351, -0.16114746,  0.03534462,  0.12239023, -0.20637276,  0.17412190, -0.16291774,  0.18605278, -0.23814514,  0.28094926, -0.17609542, -0.01132109,  0.15980799, -0.25258918,  0.20049297, -0.11609405,  0.11208989, -0.18807348,  0.21136996, -0.15964759, -0.00199337,  0.19017802, -0.22752613,  0.20813367, -0.09119608
  0.07730556, -0.14916514, -0.10918569,  0.32281432, -0.01356305, -0.19560618, -0.02700308,  0.17567717, -0.01587649, -0.24396035,  0.20414056,  0.01639037,  0.07099976, -0.20820147,  0.08325060,  0.05367340, -0.06982018,  0.09713389, -0.07848567,  0.02171944, -0.06881158,  0.02513362,  0.01946324,  0.05688993,  0.04025463, -0.12308052,  0.10809978, -0.23845890,  0.24214235, -0.19981375,  0.14863181,  0.02505719, -0.04880255,  0.08016440, -0.20187745,  0.18767344, -0.18195589,  0.22370058, -0.10422133, -0.01426591,  0.11584150, -0.20191797,  0.12609566,  0.03619143,  0.01003685, -0.12456466,  0.21168146, -0.15717362, -0.15024640,  0.17627465
  0.15283993, -0.32338684,  0.06474352,  0.20393321,  0.00569891, -0.15461203, -0.05183472,  0.25354078, -0.18594251, -0.04926188,  0.05387923,  0.09538736, -0.02637026, -0.08816149,  0.05849032, -0.00959363, -0.03939219,  0.12760738, -0.12250410,  0.08713793, -0.09511640, -0.03719750,  0.13332293, -0.10802946,  0.14631247, -0.03169841, -0.13685323,  0.15946676, -0.20990441,  0.16141511, -0.14531817,  0.20964458, -0.11452750,  0.01796265,  0.05703379, -0.26230521,  0.32313292, -0.22045083,  0.13560042, -0.01248690, -0.04652938, -0.02318976, -0.03885294,  0.18864257, -0.20603711,  0.12881847,  0.06561181, -0.12641035, -0.08866600,  0.09100029
 -0.04753108,  0.09953499,  0.03711696, -0.20064241,  0.09704992,  0.05243016, -0.05354166,  0.05076992, -0.12320991,  0.21641459, -0.16861512, -0.01906087,  0.12268929, -0.17154656,  0.22509916, -0.20016649,  0.11358869, -0.01377298, -0.09715159,  0.18948715, -0.19249564,  0.18864747, -0.17249311,  0.07634790, -0.00447102, -0.09945772,  0.25543753, -0.27987470,  0.23013124, -0.09865399, -0.08678772,  0.16475069, -0.21742895,  0.18995113, -0.07763005,  0.01874709,  0.04163240, -0.15284452,  0.18406332, -0.17468208,  0.09141733,  0.08408874, -0.19058698,  0.16157053, -0.09778626,  0.03534059,  0.00052515, -0.00334166,  0.09701552, -0.08790059
  0.05231153, -0.05071111, -0.08944243,  0.05026506,  0.17518720, -0.22278470,  0.10192179, -0.00371545, -0.02123909,  0.06199006, -0.23561026,  0.33988968, -0.24924666,  0.12231386, -0.00720641, -0.10520358,  0.17344140, -0.17312411,  0.17427656, -0.12107006,  0.03793969, -0.01553077, -0.07234012,  0.18168522, -0.22089431,  0.29421068, -0.24566412,  0.07707568,  0.04852659, -0.17873290,  0.14224408, -0.03331982, -0.03286970,  0.10646811, -0.12077890,  0.03377965, -0.01697520, -0.01822521,  0.09429322, -0.15117513,  0.20540321, -0.19858158,  0.04084139,  0.12978681, -0.17252297,  0.14789257, -0.03877758,  0.03857556, -0.10685312,  0.03023459
  0.14488810, -0.07153045, -0.21762134, -0.13602578,  0.40190259, -0.02637813, -0.14374416,  0.04760721,  0.03431875, -0.07950728, -0.19266405,  0.07963833,  0.22692481, -0.07297939, -0.02192518,  0.08104569, -0.07331280,  0.05855114,  0.12935137, -0.17067729,  0.13769382, -0.22165758, -0.00205246,  0.14481922,  0.02935261,  0.09868807,  0.02124298, -0.18670042, -0.09284172, -0.04822551, -0.17278751,  0.07555101,  0.08678521, -0.05697932,  0.04879865, -0.19815336, -0.04557975, -0.04626280,  0.07603167,  0.06204198, -0.02136854,  0.08990052, -0.14027236,  0.05788026,  0.29141616, -0.19968135,  0.27151006,  0.02306318, -0.21827153, -0.16543927
 -0.12122177,  0.17908291,  0.02451912, -0.07640555,  0.04608635, -0.20683812,  0.29505055, -0.23826021,  0.11315921,  0.02190500,  0.01777328,  0.02962957, -0.12930215,  0.03609070,  0.01226858,  0.04493586, -0.10740872,  0.09036218, -0.08797469, -0.04525346,  0.23412824, -0.27219916,  0.32452248, -0.24564012,  0.00376485,  0.00009288, -0.00389045, -0.00257778,  0.13449202, -0.00530847, -0.02422142,  0.09426166, -0.15332537,  0.05667520,  0.02958664,  0.03202929,  0.04097227, -0.04167380,  0.07473943, -0.16462876,  0.11897687,  0.02247798, -0.10520206,  0.10589976, -0.04962857, -0.19329383,  0.24089316, -0.29957444,  0.28669041, -0.01614797
 -0.13314644,  0.01046038,  0.29357654, -0.04006812, -0.05664869, -0.16080906,  0.00772574,  0.17250437, -0.21756626,  0.17797869,  0.05843166,  0.06317901, -0.08845144, -0.15619096,  0.05214065,  0.07893830, -0.04946275, -0.06368285,  0.03862264, -0.18671211,  0.18646087,  0.05304598, -0.04331564,  0.21368283, -0.34595714, -0.01742535, -0.00259852, -0.01437126,  0.13679101,  0.20618759, -0.02896026,  0.06637459, -0.02211943, -0.16910183,  0.10575436,  0.08468021,  0.09468275,  0.01640702,  0.02711458, -0.06966390, -0.11683452,  0.20004399, -0.07139135, -0.04710960,  0.11440307, -0.28560399, -0.03614272,  0.02855135, -0.13225325,  0.39463359
