 -0.14355075, -0.07934215, -0.37497921,  0.31443050, -0.24168019, -0.37740588,  0.02742027,  0.03950268,  0.34805953, -0.03167002,  0.00375160, -0.12565439,  0.04173559, -0.12091762,  0.01434160,  0.12187816, -0.21638507,  0.10615153, -0.12213408, -0.09438664,  0.08204012,  0.04538235, -0.04718714, -0.29048385,  0.03277518,  0.06353465, -0.03957919, -0.07935315, -0.11759105,  0.06976462,  0.26614154, -0.00572964, -0.01215845, -0.08411972, -0.05546063, -0.02890851, -0.04503614, -0.02408836, -0.05910326,  0.07877366,  0.01778844,  0.13028195,  0.13389055,  0.12434378,  0.05417447,  0.04801654,  0.04092507,  0.01442271
 -0.14355723, -0.10993563, -0.34257826,  0.26015316, -0.16132203, -0.20570751, -0.00575641, -0.02953116,  0.05098123, -0.03763365, -0.07694021, -0.01279193, -0.00179808, -0.06657699,  0.00426108,  0.06209698,  0.04697071, -0.02969620,  0.08440348,  0.12568383, -0.05087109,  0.08718749,  0.10218358,  0.21485624, -0.09789613,  0.02127742,  0.11579206,  0.13099689,  0.09126664,  0.06042101, -0.35137873, -0.08334171, -0.09625020,  0.15727612,  0.17733421,  0.10055749,  0.12831716,  0.14455127,  0.10901978, -0.23640746, -0.08676334, -0.32076098, -0.24173272, -0.20416882, -0.03896262, -0.14299399, -0.03030697, -0.06855040
 -0.14356724, -0.13711188, -0.30644410,  0.19538808, -0.07550445, -0.02704317, -0.04563688, -0.05493915, -0.15884763,  0.05572776, -0.07890740,  0.05325400, -0.07928405,  0.06954409, -0.05814438, -0.04078064,  0.20528741, -0.14966421,  0.09001397,  0.01015117, -0.03034873, -0.12025143,  0.12678781,  0.30378938,  0.16826541, -0.10254964, -0.04104053, -0.10202521, -0.00071167, -0.16021878, -0.12943954,  0.26211881,  0.25149200, -0.02483722, -0.22691147, -0.05262029, -0.13697555, -0.25414759,  0.08443370,  0.26422081,  0.12622808,  0.20512386,  0.01192293, -0.03763556, -0.14159633,  0.14904908, -0.14623228,  0.05676743
 -0.14358049, -0.16071974, -0.26643297,  0.12642372,  0.01228435,  0.11816313, -0.07339070, -0.03886707, -0.25748841,  0.11457705,  0.04488021,  0.02894582, -0.03283420,  0.17501250, -0.03968179, -0.07974799,  0.19932095, -0.04754731,  0.02181669, -0.08007960, -0.08419281, -0.18906015, -0.17144668, -0.01582205, -0.05013661, -0.09621256, -0.26011330,  0.05455715,  0.07607968, -0.18801036,  0.02402052, -0.27107933, -0.12928250, -0.12947283,  0.14827344, -0.17962233,  0.09199869,  0.10323511, -0.34246676, -0.16187501, -0.02393557,  0.02071343,  0.12791721,  0.17217924,  0.15539746, -0.04495451,  0.25435967,  0.12837832
 -0.14359642, -0.18035365, -0.22288227,  0.05693330,  0.09689065,  0.20427790, -0.07475914,  0.00435827, -0.27217829,  0.02840332,  0.16243957,  0.02898797,  0.07816150,  0.12617071,  0.04097214, -0.06578558,  0.07567823,  0.07009234,  0.03958458,  0.08958955, -0.03099888,  0.00814704, -0.12378393, -0.16636132, -0.11925358,  0.09588604,  0.14705630,  0.21685624,  0.03210402,  0.01044127,  0.39233274,  0.17334043, -0.08402929,  0.18746316, -0.01243162,  0.25432778, -0.08778882,  0.18744205,  0.28804390,  0.12126233, -0.09304782,  0.04700654,  0.04850169,  0.02709000,  0.05318403, -0.06394567, -0.14503274, -0.27597095
 -0.14361556, -0.19550114, -0.17774284, -0.01566255,  0.16473701,  0.24105891, -0.04211268,  0.05696356, -0.19496350, -0.12204703,  0.11861328,  0.07353652,  0.07471924, -0.03241004,  0.07444726, -0.04010859, -0.08528946,  0.03592608,  0.03453523,  0.01540449,  0.14163042,  0.08270224,  0.11571446, -0.16787084,  0.09449431,  0.05448432,  0.24512284, -0.21982820,  0.05946573,  0.33698239,  0.10207228, -0.21933599,  0.08143960, -0.25157024, -0.10287361,  0.00343505,  0.08014490, -0.29551308, -0.01387201, -0.14830978,  0.07160264, -0.23024581, -0.09472517, -0.11362830, -0.11581511,  0.13470253,  0.01430684,  0.22416415
 -0.14363802, -0.20622518, -0.13163680, -0.08508730,  0.20889318,  0.21890724,  0.01685086,  0.09548754, -0.07418136, -0.15107686, -0.04377588,  0.04533426, -0.01558547, -0.16775362,  0.00062870,  0.02899161, -0.21511070,  0.00474768, -0.10464238, -0.16510158,  0.11425101,  0.08022379, -0.02554757, -0.08466217, -0.03611136, -0.03746272, -0.13540727, -0.16831559, -0.08765856,  0.24258089, -0.33772299,  0.24371873, -0.08479506,  0.25948334,  0.08598514, -0.30597437, -0.05910599,  0.16971642, -0.14082989,  0.11735764,  0.00277149,  0.23590217, -0.05831175, -0.05013458, -0.00845028, -0.16296456,  0.04111468, -0.13148633
 -0.14366477, -0.21271952, -0.08589020, -0.14708190,  0.22119144,  0.15052129,  0.08370850,  0.10055184,  0.05668948, -0.02255765, -0.14943921, -0.05633611, -0.04533411, -0.14663169, -0.08006954,  0.12185070, -0.19294145,  0.05873353, -0.16115543, -0.01889823, -0.06785983,  0.15038551, -0.06427434,  0.13360318, -0.08332086,  0.00213253, -0.02472211,  0.21010537, -0.29193928, -0.22921179, -0.21676217, -0.09332045,  0.21361887, -0.16643934,  0.09224378,  0.39198511,  0.07600354,  0.00159944,  0.04225841,  0.03029546, -0.02006566, -0.04491805,  0.17723896,  0.21554223,  0.08678627,  0.16681843, -0.09359993,  0.11222896
 -0.14369684, -0.21525821, -0.04199346, -0.19837484,  0.19526538,  0.06180703,  0.13700816,  0.06416312,  0.19674154,  0.11562539, -0.10878007, -0.09950362, -0.01146523, -0.00378646, -0.04165215,  0.14520930, -0.05752512,  0.05905078, -0.03452841,  0.12920438, -0.08860135,  0.05908434,  0.14883810,  0.15149040,  0.11614391, -0.01064585,  0.07201442, -0.06442192, -0.06762521, -0.39673282,  0.25617492, -0.00798980, -0.22898072, -0.00573040, -0.32143968, -0.27657678, -0.10272990, -0.00103589,  0.09497188, -0.14376134,  0.01022818, -0.10696090, -0.12938944, -0.13786073,  0.01836219, -0.14500371,  0.21854894, -0.09806810
 -0.14373315, -0.21425367,  0.00065876, -0.22803328,  0.14132936, -0.04988310,  0.15324396, -0.00766480,  0.25570200,  0.12851376,  0.02035341, -0.06057624,  0.00993455,  0.05991912,  0.06270609,  0.08476996,  0.06980527, -0.02036027,  0.07333109,  0.06986273,  0.02975523, -0.09761041,  0.10895041,  0.02411817,  0.09243768,  0.05068162, -0.35672890, -0.16265735,  0.31408014,  0.02687112,  0.20342083, -0.05036981,  0.01872541,  0.09473020,  0.46593299,  0.05127719,  0.09240797, -0.10714809, -0.00137443,  0.06043844, -0.03057233,  0.02373016, -0.04085896, -0.02164022, -0.12710776,  0.02933324, -0.33835726,  0.01610293
 -0.14377338, -0.20963416,  0.04086217, -0.23677276,  0.06686338, -0.14807143,  0.12173474, -0.08859498,  0.20555883,  0.01152127,  0.09543323, -0.01644996, -0.02367894,  0.00857464,  0.08627006, -0.01505695,  0.17298749, -0.06607605,  0.11095684, -0.04138855,  0.04208788, -0.11240640, -0.04630959, -0.04163183,  0.01241992,  0.11896698, -0.15522287,  0.38068579,  0.20323278,  0.31676192, -0.13692871,  0.08051721,  0.03035596,  0.08213131, -0.40960565,  0.19114191, -0.06348797,  0.07242528, -0.10516411,  0.00887168,  0.05042890,  0.00119596,  0.05197691, -0.07341310,  0.04427081,  0.12189850,  0.28118854,  0.11316649
 -0.14381725, -0.20141389,  0.07732194, -0.22815382, -0.01946177, -0.19591185,  0.05039182, -0.14799004,  0.08175561, -0.11321810,  0.03783279, -0.02564187, -0.06962786, -0.02526388, -0.01703658, -0.08274324,  0.17534368, -0.06852698,  0.11428584, -0.10126738, -0.05934013, -0.11706234,  0.01270512, -0.05841662,  0.05257637, -0.14580837,  0.44446711,  0.21805425, -0.10327107,  0.09958923, -0.02535021,  0.00177249,  0.13705514, -0.32937309,  0.20267697, -0.31715569,  0.04656470,  0.03786296,  0.08437687,  0.03853127, -0.01319311,  0.09564519, -0.03759129,  0.21608086,  0.03446258, -0.21657682, -0.11210320, -0.11901443
 -0.14386498, -0.19012816,  0.10940809, -0.20213762, -0.10745961, -0.18598887, -0.04145517, -0.16764761, -0.04565489, -0.10928847, -0.08454844, -0.05958265, -0.03270562,  0.03512120, -0.11062200, -0.06377745,  0.05888043, -0.06310915,  0.03087927, -0.06689229, -0.10828882, -0.16957001, -0.03285457, -0.09137836, -0.19467563, -0.23246375,  0.26527777, -0.40248523, -0.15673039, -0.05452853, -0.02216831, -0.09065697, -0.22087724,  0.35680032, -0.01072522,  0.21556877, -0.03371275, -0.07531515, -0.11325640, -0.01583108, -0.01802431, -0.04533177,  0.18666352, -0.09627856,  0.05955004,  0.23431955, -0.01134038, -0.00691776
 -0.14391905, -0.17713848,  0.13638870, -0.15458091, -0.19180776, -0.13868491, -0.13775601, -0.15056715, -0.08893292,  0.06855657, -0.12438068,  0.04671374,  0.12213069,  0.15985228, -0.07301743, -0.01838678,  0.00351499,  0.02074170, -0.11427613,  0.16491232,  0.03729792,  0.08293030, -0.30528483, -0.07983722, -0.25815176,  0.26820879, -0.16240055, -0.31686455, -0.02961082, -0.06256068, -0.04460705,  0.15572792,  0.25037577, -0.28266373, -0.06409949,  0.05254919,  0.04201727,  0.15273534,  0.07287186, -0.03206549, -0.01071151, -0.00573099, -0.20705401, -0.06182432, -0.15762427, -0.15478462,  0.09823939,  0.01517376
 -0.14397605, -0.16201851,  0.15866468, -0.09219657, -0.25335613, -0.05658383, -0.20785575, -0.08565392, -0.07086928,  0.20355472,  0.02560178,  0.18965666,  0.12289697,  0.12227321,  0.11268689, -0.01580883, -0.02759948,  0.13555035, -0.05061278,  0.09619119,  0.21674384,  0.33206882, -0.04303143, -0.04000386,  0.22142403,  0.18222402,  0.00541296,  0.19493534, -0.05519517, -0.09440076, -0.19251030, -0.22650463, -0.13527462,  0.24475873, -0.00683411, -0.23469218, -0.04857756, -0.20900020,  0.06325310,  0.07768756,  0.03491594,  0.00895487,  0.12433266,  0.07259051,  0.13688552,  0.04999401, -0.16467984,  0.05744708
 -0.14403190, -0.14422339,  0.17706841, -0.02259437, -0.27414411,  0.04030454, -0.22015926,  0.02324576, -0.04135441,  0.06925565,  0.21497476,  0.11626450, -0.10014548, -0.11966516,  0.17094860, -0.04381844, -0.15606526,  0.06003042,  0.08140926, -0.25359527,  0.04957749,  0.17575316,  0.29548947, -0.00757655,  0.16187310, -0.22445171, -0.00993517,  0.04097175,  0.09855484, -0.21639246,  0.08351422,  0.29666014,  0.02957427, -0.13747231,  0.14031169,  0.23683877,  0.02873680,  0.10827508, -0.20325976, -0.11974670, -0.01764837, -0.00346541, -0.04474692, -0.08306843, -0.08860781,  0.05875774,  0.18096943, -0.11197340
 -0.14408705, -0.12433091,  0.19116485,  0.04900095, -0.25408242,  0.12147091, -0.16534617,  0.13977348, -0.00459133, -0.20505235,  0.15892864, -0.10129024, -0.21024701, -0.19911914, -0.04209585, -0.04959276, -0.18845055, -0.11371085, -0.05863881, -0.14069800, -0.27214868, -0.06185725,  0.06329865,  0.11755011, -0.20589932,  0.01741376, -0.14343459, -0.00867044,  0.25283797,  0.00704896,  0.07555818, -0.33051440,  0.06282166,  0.06454606, -0.23741001, -0.10926552,  0.00373827,  0.08405209,  0.23042818,  0.12915428, -0.03523140,  0.02116221, -0.01394871,  0.06561666,  0.00199335, -0.13765452, -0.15886447,  0.14021191
 -0.14414434, -0.10353075,  0.19980125,  0.11864867, -0.20564854,  0.16308089, -0.06179642,  0.21642623,  0.05666259, -0.23376484, -0.13818119, -0.12775278, -0.01641809,  0.07694738, -0.19050713, -0.03261619, -0.01421012, -0.03522985, -0.24448444,  0.29288539, -0.16411521, -0.08762056, -0.12067534,  0.16688177,  0.08705146,  0.11555270,  0.04512826,  0.13888020,  0.09022076,  0.19956865,  0.08409763,  0.30344423, -0.13291880, -0.05859399,  0.22360950, -0.06476600, -0.05569410, -0.25111064, -0.10486900, -0.08288738,  0.09004546, -0.06172284,  0.04875706,  0.01206683,  0.13135673,  0.16811387,  0.13097454, -0.09117503
 -0.14420239, -0.08194922,  0.20306066,  0.17904147, -0.13404250,  0.16118233,  0.06388113,  0.23298541,  0.09263515,  0.05053495, -0.28884802,  0.00410475,  0.14636481,  0.23076499,  0.03927025, -0.02026445,  0.05635667,  0.16084108, -0.01497834,  0.16604129,  0.18227359, -0.17493901,  0.10482913,  0.04402799,  0.16400520, -0.30279651,  0.01803662,  0.02419234, -0.17687284,  0.18748512,  0.04616841, -0.24941896,  0.12126855,  0.04646006, -0.14678698,  0.13095194,  0.07122762,  0.26009966, -0.11982536,  0.01384609, -0.09370455,  0.14837542,  0.00844270, -0.01513864, -0.20134858, -0.14675303, -0.06653907, -0.03710159
 -0.14425998, -0.05972157,  0.20102974,  0.22306534, -0.04800854,  0.12479103,  0.18027404,  0.18653170,  0.08108036,  0.27911730, -0.07459569,  0.02245829,  0.05463320, -0.04111280,  0.25832063, -0.06230487,  0.00696265,  0.01398130,  0.30559605, -0.16452232,  0.13992798, -0.19637333, -0.02806965, -0.02013000, -0.30338866, -0.01654642, -0.04929411, -0.07414344, -0.16660217,  0.01871897, -0.06444943,  0.20806281, -0.14823177, -0.10898713,  0.06807518, -0.09926286, -0.05472402, -0.05851856,  0.27574832,  0.04887990,  0.01343587, -0.19184220, -0.04542733,  0.03729076,  0.24698478,  0.08952238,  0.00780947,  0.18951054
 -0.14431735, -0.03755220,  0.19395700,  0.24895465,  0.04000297,  0.06075081,  0.25286732,  0.08474057,  0.03707762,  0.15942047,  0.22944723, -0.05748833, -0.03438512, -0.26703094,  0.01031745, -0.12357067,  0.11675794, -0.25092342,  0.13573259, -0.02053126, -0.03999032,  0.09248257, -0.23789817,  0.01151613,  0.02612554,  0.28355535,  0.08632361, -0.04734011, -0.17614476, -0.09335037,  0.00560815, -0.17886141,  0.14717369,  0.14015326,  0.00384941,  0.05363259,  0.05652357, -0.16935029, -0.22049406, -0.07548322,  0.10105394,  0.09189749, -0.02144182, -0.03469258, -0.20956092, -0.05943608,  0.04969562, -0.32505431
 -0.14437631, -0.01611792,  0.18064927,  0.25070920,  0.10849391,  0.00694656,  0.25940358, -0.04521547,  0.05678207, -0.12366701,  0.22793042,  0.03524150,  0.07794773, -0.00320867, -0.32130090, -0.10754981,  0.23560935, -0.08065837, -0.16115075,  0.02065683, -0.02329279,  0.22200255,  0.01189472, -0.21671431,  0.22687382, -0.04384693,  0.01143244, -0.07621906,  0.05871258, -0.13736733, -0.11122490,  0.14068244, -0.16060043, -0.09194034, -0.02341980,  0.01069881, -0.05524011,  0.26202011,  0.07013778, -0.02513649, -0.16186379, -0.00326415,  0.04907168, -0.09830228,  0.02218906,  0.02953861, -0.17695473,  0.35688369
 -0.14443272,  0.00427270,  0.16472940,  0.23816315,  0.16664352, -0.05729429,  0.19553589, -0.16545790,  0.01293473, -0.20148487, -0.01101252,  0.22769886,  0.14740478,  0.25851997, -0.17549572,  0.04290762, -0.06153650,  0.21343523, -0.08768910, -0.17013109, -0.04067382, -0.00007124,  0.21923097, -0.13399076, -0.16578742, -0.07139454, -0.06103869,  0.05632152,  0.16506161, -0.11732831, -0.04399645, -0.10339839,  0.22838955,  0.12379764,  0.04349256, -0.01479553,  0.08981394, -0.21349158,  0.09667140,  0.16431042,  0.11494894, -0.07306778, -0.14600571,  0.07728941,  0.09423930,  0.02433780,  0.25962846, -0.23578301
 -0.14448607,  0.02355299,  0.14653386,  0.20969836,  0.20780440, -0.10600552,  0.07773582, -0.24130237, -0.07422026, -0.02229939, -0.14853796,  0.24194179, -0.04244821,  0.09926043,  0.21307127,  0.13794429, -0.34812245,  0.06480061,  0.04723960, -0.02037886, -0.14602309, -0.13190392, -0.04978605,  0.13010080, -0.08098219,  0.17220739,  0.15551286,  0.05344805,  0.18695074, -0.01643954, -0.00823176,  0.08310783, -0.16593705, -0.11616309, -0.09032990,  0.00376809, -0.14267645,  0.03636298, -0.21420320, -0.21123294,  0.04451990,  0.10816021,  0.21870909,  0.01631944, -0.17185754, -0.08367879, -0.27670208,  0.06220160
 -0.14453673,  0.04150380,  0.12600344,  0.16460060,  0.22263775, -0.11482206, -0.06069522, -0.25067755, -0.08855453,  0.13528217, -0.04645610,  0.00962702, -0.27826172, -0.14965018,  0.24297097,  0.03545700, -0.15349154, -0.13737822, -0.13396419,  0.27657019,  0.03668324,  0.00781738, -0.17700573,  0.08695165,  0.19501169, -0.17049638,  0.06914236, -0.06893994,  0.04938292,  0.08826712,  0.11751210, -0.06535457,  0.15501284,  0.06623304,  0.09006110, -0.05565562,  0.15864890,  0.12908165,  0.13566003,  0.17821861, -0.20265600,  0.05869205, -0.08741894, -0.09525823,  0.21996844,  0.18014121,  0.23915140,  0.06031714
 -0.14458279,  0.05790876,  0.10538398,  0.11233416,  0.21711385, -0.10507260, -0.18224424, -0.19043372, -0.03053732,  0.06144851,  0.10471335, -0.24839601, -0.21086980, -0.08307654, -0.04315095, -0.10501373,  0.13157887,  0.08174487, -0.17573173,  0.10836934,  0.28174875,  0.11419772,  0.05511024,  0.08856404, -0.15145497, -0.25340025, -0.19177542, -0.00177896, -0.07088982,  0.13237265,  0.01204671,  0.02918831, -0.20154811, -0.06176930, -0.07045618,  0.10633380, -0.17807251, -0.14240307, -0.01572669, -0.01365549,  0.21532104, -0.20501494, -0.01075108,  0.28202187, -0.14117144, -0.22964496, -0.06983939, -0.08128956
 -0.14462194,  0.07277047,  0.08726828,  0.06438308,  0.20367309, -0.11393960, -0.25786250, -0.07889651, -0.01469397, -0.13050141,  0.07436045, -0.28669535,  0.11137318,  0.09099590, -0.13703816, -0.08719578,  0.04034724,  0.19661838,  0.17045595, -0.20671221,  0.08714172,  0.07065759,  0.09763892,  0.28248616, -0.08880463,  0.16127922, -0.12070821,  0.07631429, -0.24958330,  0.07887612,  0.16026194,  0.01031909,  0.12628706,  0.00985319,  0.01744339, -0.15048813,  0.16615046,  0.05545720,  0.01412511, -0.21678124, -0.07187719,  0.18163409,  0.09072466, -0.32610052,  0.13551182,  0.15301957, -0.09177294,  0.02052278
 -0.14465598,  0.08607427,  0.07081785,  0.02123722,  0.17734938, -0.13316459, -0.27323566,  0.05125096, -0.04373205, -0.15526076, -0.11623941, -0.07494830,  0.31030101,  0.02819117,  0.04029935,  0.00473024, -0.06402845, -0.15586286,  0.27998260, -0.11367453, -0.26456358,  0.00612473, -0.01712161,  0.01026337,  0.30467931,  0.12697322, -0.09359060, -0.01771550, -0.15069297,  0.02697299, -0.00922026, -0.05998403, -0.20847144, -0.01242019,  0.06635941,  0.12113425, -0.15653286,  0.00872868,  0.00121406,  0.26571643, -0.15316188, -0.11643358, -0.22237294,  0.24236897, -0.16927095, -0.02002891,  0.15598216,  0.06408430
 -0.14468555,  0.09793683,  0.05574600, -0.01583368,  0.13803315, -0.15453659, -0.22776529,  0.16769823, -0.10254602,  0.04526714, -0.19096813,  0.12152455,  0.18373413, -0.21106002,  0.07486186,  0.05123567,  0.08604099, -0.28321395, -0.10530568,  0.08681085, -0.16832698, -0.12044256,  0.14807793, -0.35009062,  0.07012356, -0.08372800, -0.15388518,  0.07508774, -0.05393092, -0.04587875,  0.01910753,  0.09422625,  0.15036029,  0.05237800, -0.06705118, -0.02406055,  0.18883583, -0.01133863,  0.05030977, -0.17533212,  0.31226248, -0.11846988,  0.18395101, -0.14767076,  0.16382839, -0.16791555, -0.14273211, -0.04112173
 -0.14471109,  0.10855316,  0.04165708, -0.04690987,  0.08683979, -0.16470005, -0.13300450,  0.24466902, -0.14991658,  0.20429997, -0.01060453,  0.09171488, -0.02777144, -0.26033911, -0.15878085,  0.11356242,  0.14039656,  0.12449509, -0.23288145,  0.02107571,  0.12419952, -0.28545762,  0.18465493, -0.12263950, -0.16688932,  0.14886135,  0.09461722,  0.11063567,  0.07944617, -0.06043270, -0.08526753, -0.11314704, -0.09175450, -0.06998646,  0.04462045, -0.02049343, -0.20531953, -0.03897939,  0.00236688, -0.06478365, -0.26338114,  0.23707802, -0.23469507,  0.00050164, -0.13834084,  0.26272325,  0.01596566, -0.04320619
 -0.14473316,  0.11797784,  0.02829788, -0.07120889,  0.02643470, -0.15494244, -0.01120400,  0.26469832, -0.15172376,  0.09290464,  0.20657323, -0.03809386, -0.03876432, -0.04095946, -0.27077357,  0.26036990, -0.07355556,  0.26490082,  0.13430443, -0.01506740,  0.16602195, -0.18922720, -0.17723087,  0.13133640,  0.12824568,  0.05670021,  0.18764248, -0.06857317,  0.14026016, -0.05311104, -0.01821874,  0.13721768,  0.07806033,  0.10905663, -0.00162474, -0.00266052,  0.23131274,  0.02788469, -0.08368842,  0.24762294,  0.04747224, -0.24977518,  0.21975649,  0.00953138, -0.02962560, -0.24175397,  0.07268993,  0.13769979
 -0.14475204,  0.12611542,  0.01603767, -0.08559740, -0.03555963, -0.12709935,  0.10706482,  0.22121478, -0.13613495, -0.14876328,  0.17119094, -0.02004490,  0.05556129,  0.13916283, -0.03605612,  0.35862294, -0.09149556, -0.14159381,  0.24983512,  0.08987187,  0.11122154,  0.16114443, -0.24381578,  0.04121567,  0.01080147, -0.29580796, -0.07032218, -0.04571871,  0.09846559,  0.00709181, -0.04527715, -0.12244920,  0.00885704, -0.10349515, -0.02373637,  0.04843197, -0.24578668,  0.05091961,  0.06946776, -0.20543304,  0.21577074,  0.19155658, -0.18104803,  0.01755138,  0.21627287,  0.14277139, -0.09628941, -0.13662212
 -0.14476743,  0.13303868,  0.00553361, -0.08784235, -0.08776051, -0.08650930,  0.19208303,  0.12414377, -0.16331086, -0.20501780, -0.06923572,  0.10231306, -0.03165794,  0.07717042,  0.20532334,  0.26392554,  0.20701064, -0.25062886, -0.07614500, -0.03692628,  0.07915056,  0.29477482,  0.08399494,  0.08599357, -0.24629308, -0.04952906, -0.06794994,  0.07076435, -0.08545892,  0.04407814,  0.17108646,  0.10300222, -0.06336895,  0.04652919, -0.02793977, -0.12302054,  0.21352659, -0.13839869,  0.01799410,  0.01089557, -0.33434143, -0.02128743,  0.21497827,  0.09448451, -0.26587472, -0.00061072,  0.10915187,  0.06160935
 -0.14477968,  0.13897942, -0.00350604, -0.08062231, -0.12432421, -0.03000039,  0.22509747, -0.00046887, -0.21487451, -0.02064741, -0.19975736,  0.05659764, -0.25092045, -0.03122333,  0.11707895,  0.07867573,  0.26666627,  0.16894091, -0.14450055, -0.21531710, -0.12434495,  0.12232332,  0.13055751,  0.09425409,  0.11127895,  0.24577891, -0.01152338, -0.08837459, -0.11865708,  0.13868019,  0.14626777, -0.12004470, -0.00555659, -0.07001955,  0.08187530,  0.12401235, -0.22092388,  0.14233035, -0.15304590,  0.19672535,  0.20764634, -0.08438869, -0.11244588, -0.16044598,  0.27717431, -0.11316931, -0.05353545,  0.01488325
 -0.14478926,  0.14423455, -0.01177517, -0.06942704, -0.14359553,  0.04764305,  0.20449300, -0.11883161, -0.21709765,  0.12749953, -0.08045398, -0.20349363, -0.26355331,  0.02800026, -0.07745497,  0.00625692, -0.07930629,  0.26091694,  0.12851665, -0.01012563, -0.25813276, -0.02999855,  0.03322671, -0.23161185,  0.23722833,  0.03509675, -0.15217024, -0.02004856, -0.07879447,  0.11259700, -0.10730102,  0.09579424, -0.05880536,  0.08014809, -0.08742278, -0.04997374,  0.25906140,  0.00073492,  0.24680662, -0.27806504,  0.03802390,  0.05380932, -0.04467431,  0.23874796, -0.18228477,  0.16523913, -0.00192483, -0.06116245
 -0.14479638,  0.14884858, -0.01921100, -0.05600231, -0.14286527,  0.13157113,  0.14099175, -0.20406328, -0.14664119,  0.03488760,  0.07328711, -0.39061968,  0.02631317,  0.08639726, -0.01512746,  0.06415502, -0.24882627, -0.12620922,  0.09592181,  0.20610361,  0.02433570, -0.10630310,  0.19890428, -0.25155239, -0.06973076, -0.00295419, -0.05120070,  0.16439218, -0.07748632, -0.08065807, -0.11409931, -0.02728771,  0.12566414, -0.05734819,  0.08939256,  0.00527393, -0.26893720, -0.17763562, -0.12809609,  0.13241405, -0.22314619, -0.03028203,  0.09091229, -0.28559816,  0.04121602, -0.21135475,  0.02763259,  0.05751143
 -0.14480234,  0.15259731, -0.02612912, -0.04140800, -0.12500769,  0.20237875,  0.05121706, -0.24236762, -0.01434392, -0.13636568,  0.01128452, -0.26933550,  0.29049376, -0.08582707,  0.16156125,  0.10519426,  0.02001998, -0.16214324, -0.15637637, -0.01348791,  0.27735989, -0.16696037,  0.09907918,  0.07017352, -0.01094117,  0.15334739,  0.13006774, -0.00257225,  0.10585406, -0.18287479, -0.01733421,  0.02402972, -0.11729913, -0.00163361, -0.08494960, -0.03396068,  0.28026839,  0.23597507, -0.10752311,  0.11375665,  0.24374446, -0.01775979, -0.15943112,  0.18102190,  0.02452598,  0.21745588, -0.09862896, -0.04065572
 -0.14480720,  0.15548173, -0.03224726, -0.02590531, -0.09048734,  0.23797628, -0.04432300, -0.22886988,  0.10734775, -0.10703809, -0.17512809, -0.00275689,  0.22732954, -0.32990657,  0.05585500,  0.09571318,  0.21199840,  0.17188057, -0.00677519, -0.17495972,  0.07799844, -0.04163626, -0.22891401,  0.07106355,  0.12662752, -0.08256069,  0.02637493, -0.06502714,  0.19212058, -0.03506756,  0.01932739, -0.03296963,  0.14785112,  0.09381170,  0.11198696,  0.05778217, -0.26201842, -0.10869091,  0.25697647, -0.24448143, -0.06820457,  0.07789520,  0.20053153, -0.00154886, -0.05439341, -0.15928583,  0.18233753,  0.06638382
 -0.14481206,  0.15739334, -0.03800386, -0.01132022, -0.04646870,  0.23024184, -0.12770397, -0.17347221,  0.18291329,  0.13309180, -0.19826534,  0.16266737, -0.00266574, -0.21310499, -0.27046281,  0.11316863,  0.08280506,  0.08598564,  0.26462013,  0.04906434, -0.12099409,  0.20551637, -0.12640160, -0.08167442, -0.14163711, -0.15803297, -0.02685762,  0.05762560,  0.09968780,  0.08711205,  0.05533589,  0.02698348, -0.12698758, -0.15686392, -0.17842167, -0.01891931,  0.20657504, -0.11464201, -0.26354944,  0.21362943, -0.16053708, -0.01605342, -0.11635556, -0.08236033,  0.11890390,  0.05375822, -0.20116023, -0.13606205
 -0.14481676,  0.15886020, -0.04438339, -0.00572725, -0.00270837,  0.19967981, -0.17755990, -0.08436786,  0.23677350,  0.27012184,  0.03394650,  0.13503772, -0.12416908,  0.18555766, -0.26255752,  0.18363563, -0.02857261, -0.25603410,  0.06861007,  0.01534918, -0.04397335,  0.11017678,  0.19461689, -0.00676288, -0.13037873,  0.09667029,  0.15270694, -0.01652431, -0.08364203,  0.15493697,  0.07061428, -0.03582450,  0.13067884,  0.12517401,  0.17212754, -0.09726289, -0.18145651,  0.27088682,  0.06238565, -0.02597540,  0.25226728, -0.03590899,  0.12851113,  0.09986283, -0.16969532,  0.12299417,  0.16176272,  0.13271453
 -0.14482045,  0.16005852, -0.05107571, -0.00953767,  0.03545654,  0.14482821, -0.18106960,  0.01871522,  0.26204027,  0.09139713,  0.25798016,  0.03258162, -0.11256944,  0.32812884,  0.13446510,  0.18029853,  0.07405774, -0.10372224, -0.23800409, -0.16022503, -0.08154917, -0.13475420, -0.00317353,  0.01984997,  0.10019559,  0.08358983,  0.07615253, -0.16692625, -0.08516457,  0.05227624, -0.20001827,  0.02780673, -0.12548683, -0.07158116, -0.08705437,  0.22461433,  0.18722725, -0.22441383,  0.09129131, -0.08042898, -0.16143045,  0.18848382, -0.06679166, -0.00860056,  0.20996987, -0.24562011, -0.01797458, -0.06757764
 -0.14482303,  0.16094502, -0.05785049, -0.02159868,  0.06259735,  0.07138071, -0.14001195,  0.10764845,  0.22147639, -0.21254741,  0.17451639, -0.00051881, -0.15171624,  0.12098015,  0.34263139, -0.01419964,  0.15768389,  0.25628456, -0.04490738,  0.08702263, -0.15212043, -0.06699024, -0.19083673, -0.14961016, -0.02655318, -0.05817428, -0.02600066, -0.00374328, -0.07486354, -0.16744466, -0.11395667,  0.02583461,  0.21783701,  0.04940907, -0.02947099, -0.22251858, -0.16745568,  0.11092264, -0.13435263,  0.04042828, -0.05665151, -0.32866953, -0.00192579, -0.06220343, -0.16021158,  0.24461571, -0.14313780, -0.09550235
 -0.14482557,  0.16132610, -0.06514608, -0.04192509,  0.07094966,  0.00321670, -0.06954742,  0.15826017,  0.12316680, -0.25603562, -0.14027013,  0.00834250, -0.23573302,  0.01861486,  0.11543896, -0.28374605,  0.05248427,  0.11084294,  0.24672468,  0.25772885,  0.09877517,  0.11177029,  0.05056211, -0.13892410, -0.11739427,  0.10180653,  0.09635818,  0.00294425,  0.11053629, -0.22019569, -0.07259451, -0.05726209, -0.17491687, -0.03617170,  0.10823175,  0.11898303,  0.14243851, -0.03374839,  0.07764105,  0.11627476,  0.24609911,  0.35734775,  0.03950367, -0.08323181, -0.05778984, -0.10821701,  0.17925064,  0.17328348
 -0.14482831,  0.16108110, -0.07289878, -0.06813794,  0.05719710, -0.04376604,  0.01035635,  0.16270953,  0.03497880,  0.02736106, -0.28833412, -0.07337113, -0.14002792,  0.14388319, -0.08938421, -0.37494709, -0.11057590, -0.19674139,  0.04473121, -0.14771844,  0.24306973,  0.10403978,  0.02378916, -0.02665779,  0.06643111,  0.11461686,  0.09900414, -0.09327182,  0.25692825, -0.06695830,  0.03182604,  0.07528412,  0.22834184,  0.12691645, -0.11995603,  0.00707704, -0.09747572,  0.01155882, -0.11747908, -0.18736683, -0.26756671, -0.14954987, -0.03146188,  0.25815570,  0.22635286, -0.02267213, -0.10681451, -0.08262727
 -0.14483042,  0.16011118, -0.07999078, -0.09366359,  0.02661501, -0.07233367,  0.07906136,  0.12287279, -0.01437375,  0.27422347, -0.07874186, -0.15683415,  0.15794880,  0.13959080,  0.01818664, -0.27522602, -0.13206810, -0.06193977, -0.25091274, -0.28466679, -0.10585430,  0.12502832, -0.19701404,  0.06261373, -0.01132361, -0.18551297,  0.06297287,  0.07918122,  0.19559224,  0.06334764, -0.08233708, -0.10709725, -0.15831677, -0.19598219,  0.04446588, -0.04289677,  0.03376064,  0.01801924,  0.14951435,  0.17896573,  0.12204528, -0.03242343,  0.15730478, -0.30100787, -0.22589943,  0.11444154,  0.03528269, -0.15577151
 -0.14483227,  0.15840403, -0.08641386, -0.11681762, -0.01825904, -0.06751657,  0.12008014,  0.04883275, -0.00339523,  0.18723782,  0.20219156,  0.00320580,  0.32001947, -0.05820737,  0.11972533, -0.22051008, -0.05161935,  0.16668658, -0.11869165,  0.15776198, -0.32313715,  0.12182582,  0.04405758,  0.16177860, -0.17551970, -0.16621568,  0.11535009,  0.00472562, -0.02243317,  0.07680155,  0.08709843,  0.12720748,  0.14074330,  0.21666420,  0.00158226, -0.00655563,  0.00138824, -0.07596266, -0.19001858, -0.07019722,  0.04364520,  0.16023868, -0.23145671,  0.17863893,  0.08182416, -0.09377790, -0.00543749,  0.32478031
 -0.14483312,  0.15598191, -0.09118325, -0.13247556, -0.06624317, -0.03580081,  0.12269183, -0.03710466,  0.02545234, -0.06689598,  0.22626275,  0.30343192,  0.14810553, -0.14395863, -0.03400228, -0.24863194, -0.07929155,  0.03380106,  0.06685677,  0.28525809, -0.00254079, -0.10884172,  0.22396336,  0.21848931,  0.03902900,  0.08624253, -0.16991821, -0.21805670, -0.07936931,  0.10770713, -0.08451617, -0.08045524, -0.06889311, -0.20899958, -0.03706698, -0.00187911, -0.03688574,  0.12825315,  0.09669967,  0.02792126, -0.11311061, -0.06242385,  0.33312452,  0.09133672,  0.12516599,  0.05202397,  0.06949126, -0.30957275
 -0.14483213,  0.15313874, -0.09370942, -0.13811965, -0.10614340,  0.00980346,  0.08898404, -0.10448018,  0.04847248, -0.15701977,  0.04573314,  0.36661614, -0.12247139, -0.00800713, -0.17225657, -0.18870321, -0.21836553, -0.12619195, -0.08178027, -0.10488413,  0.20901235, -0.26438461, -0.22042742,  0.05124586,  0.08642481, -0.06641578, -0.14711861,  0.23788456, -0.29591291, -0.06817368,  0.20531039,  0.00634961, -0.08123366,  0.09985121,  0.04354171,  0.02360894,  0.02992268, -0.08619181,  0.04751586, -0.06094912,  0.05855817, -0.08911111, -0.26462849, -0.14879779, -0.12504762, -0.04078195, -0.07648794,  0.15180734
