 -0.14058770, -0.14059388, -0.14060499, -0.14061944, -0.14063690, -0.14065903, -0.14068507, -0.14071441, -0.14074776, -0.14078417, -0.14082472, -0.14087037, -0.14091994, -0.14097190, -0.14102630, -0.14108562, -0.14114667, -0.14120620, -0.14126464, -0.14132461, -0.14138441, -0.14144381, -0.14150042, -0.14155526, -0.14160764, -0.14165521, -0.14169616, -0.14173146, -0.14176143, -0.14178753, -0.14181028, -0.14182924, -0.14184416, -0.14185614, -0.14186618, -0.14187412, -0.14187978, -0.14188311, -0.14188561, -0.14188879, -0.14189321, -0.14189725, -0.14190052, -0.14190306, -0.14190457, -0.14190543, -0.14190500, -0.14190330, -0.14190047, -0.14189711
  0.05278697,  0.08572378,  0.11582632,  0.14256437,  0.16557167,  0.18455657,  0.19928253,  0.20940113,  0.21502319,  0.21665034,  0.21454201,  0.20901200,  0.20017214,  0.18819705,  0.17366416,  0.15801807,  0.14074342,  0.12116765,  0.09993116,  0.07832320,  0.05648943,  0.03442488,  0.01315882, -0.00675436, -0.02541525, -0.04259724, -0.05801925, -0.07194627, -0.08462267, -0.09595872, -0.10602515, -0.11492039, -0.12265661, -0.12925779, -0.13490648, -0.13973747, -0.14398896, -0.14767617, -0.15059160, -0.15285038, -0.15418387, -0.15500437, -0.15557171, -0.15583404, -0.15545675, -0.15440858, -0.15263395, -0.15014970, -0.14710252, -0.14395144
 -0.37270485, -0.34431590, -0.31210429, -0.27557269, -0.23504540, -0.19270576, -0.14896779, -0.10480131, -0.06165387, -0.01898277,  0.02165658,  0.05864784,  0.09164687,  0.12074065,  0.14554301,  0.16532789,  0.18047875,  0.19118532,  0.19706731,  0.19721821,  0.19226629,  0.18140941,  0.16784378,  0.15151331,  0.13260246,  0.11346093,  0.09659919,  0.08135453,  0.06753804,  0.05451624,  0.04204725,  0.03068185,  0.02108176,  0.01279841,  0.00504023, -0.00203834, -0.00841145, -0.01377750, -0.01869748, -0.02451169, -0.03124743, -0.03829301, -0.04576772, -0.05357301, -0.06072250, -0.06720225, -0.07203266, -0.07481019, -0.07545384, -0.07497892
 -0.30653075, -0.25646506, -0.19714642, -0.13269491, -0.06710016,  0.00064981,  0.06596681,  0.12736595,  0.18178746,  0.21754508,  0.23316806,  0.22972238,  0.20842330,  0.17067733,  0.11783133,  0.04638225, -0.03285321, -0.10583453, -0.16751789, -0.21683441, -0.24849014, -0.25234422, -0.24105403, -0.21562430, -0.17360076, -0.12386472, -0.07872374, -0.03717829,  0.00030138,  0.03211712,  0.05736115,  0.07384644,  0.07892358,  0.07376956,  0.06283278,  0.04813013,  0.03315369,  0.01851888,  0.00547159, -0.00007846,  0.00008638,  0.00764347,  0.02532544,  0.05150355,  0.07847759,  0.10406588,  0.12289255,  0.13129892,  0.12782562,  0.11808824
 -0.24670011, -0.16823510, -0.08493226,  0.00270788,  0.08903481,  0.15766588,  0.20284883,  0.21920438,  0.20073330,  0.15602725,  0.08729244, -0.00016738, -0.09163454, -0.17115258, -0.22924912, -0.26367150, -0.26311715, -0.22339379, -0.15422404, -0.07362102,  0.01109705,  0.08333238,  0.14689113,  0.19156502,  0.21114114,  0.21184486,  0.20371323,  0.18314837,  0.15008401,  0.10260495,  0.04339869, -0.01799604, -0.07028607, -0.10891980, -0.13262443, -0.13689078, -0.12026664, -0.08325888, -0.03381428,  0.01427655,  0.05216159,  0.07822201,  0.08789034,  0.07734321,  0.04990508,  0.00854833, -0.03652458, -0.07789615, -0.10841699, -0.12657069
  0.38816626,  0.21121764,  0.02941031, -0.11954370, -0.20737293, -0.23989910, -0.21281131, -0.14380558, -0.05817866,  0.04754596,  0.14075668,  0.18770748,  0.17848572,  0.12296787,  0.03976788, -0.03970767, -0.10104057, -0.13792133, -0.13799400, -0.10299531, -0.04659399, -0.00928405,  0.03762298,  0.07471387,  0.07901993,  0.07271390,  0.09209461,  0.12376190,  0.15760053,  0.18083999,  0.18232326,  0.15977032,  0.11794817,  0.05630452, -0.02683100, -0.11613078, -0.19520256, -0.24024096, -0.24242085, -0.21392796, -0.15189897, -0.06796144,  0.00831994,  0.05944318,  0.08865320,  0.08234108,  0.04736866, -0.00282438, -0.05163052, -0.09968738
  0.00038555, -0.02562583, -0.01373104,  0.02056359,  0.05695650,  0.07967839,  0.07402194,  0.03484180, -0.02773159, -0.09665205, -0.14735679, -0.15643506, -0.11650149, -0.03876902,  0.05592260,  0.15130558,  0.21624690,  0.22023364,  0.15642172,  0.04681633, -0.08080553, -0.19265611, -0.26021836, -0.25849191, -0.18501267, -0.06205049,  0.07470932,  0.19182421,  0.26113919,  0.27031173,  0.21998988,  0.12199393, -0.00056738, -0.11555932, -0.19396181, -0.22021545, -0.19450046, -0.12931504, -0.04058896,  0.05285834,  0.13194786,  0.17573982,  0.17421080,  0.13067787,  0.05933949, -0.01855926, -0.08361231, -0.11983255, -0.11820034, -0.08111040
  0.00271442, -0.04473482, -0.07475085, -0.07212724, -0.03733967,  0.02103507,  0.08456880,  0.13511296,  0.15510633,  0.12602086,  0.04775195, -0.05823300, -0.15373198, -0.20536111, -0.19991551, -0.15288133, -0.05979854,  0.07028220,  0.19379944,  0.25989388,  0.25341724,  0.18681663,  0.06533545, -0.08275344, -0.20644331, -0.27205038, -0.27380632, -0.21388717, -0.10799132,  0.01466060,  0.12635493,  0.20235380,  0.22311021,  0.18456808,  0.10330322,  0.00496185, -0.08226798, -0.14118922, -0.16630958, -0.15079998, -0.10420095, -0.03493970,  0.04181541,  0.10712273,  0.14050568,  0.13692441,  0.09834367,  0.03382758, -0.03758601, -0.08686044
  0.36920697,  0.05454292, -0.16692738, -0.27177183, -0.28481626, -0.19725789, -0.06183700,  0.07666040,  0.20439665,  0.23840704,  0.18371864,  0.08460602, -0.02262292, -0.10320013, -0.11862885, -0.05934651,  0.02586115,  0.08619924,  0.09900166,  0.07909496,  0.03211211,  0.03887925, -0.00038053, -0.06614942, -0.06759075, -0.00914317,  0.00888059, -0.02585492, -0.09494785, -0.14648153, -0.14708363, -0.13467825, -0.16692372, -0.21942760, -0.21652635, -0.14318568, -0.02265637,  0.08336720,  0.13938940,  0.18780904,  0.23027705,  0.21414124,  0.12556652,  0.03381309, -0.02499817, -0.03665850, -0.02930232,  0.01140889,  0.07551082,  0.15568117
 -0.01955464,  0.01990788,  0.07124615,  0.02124111, -0.10064662, -0.13990132, -0.02104374,  0.13267552,  0.14646602,  0.01175486, -0.11115823, -0.09807597,  0.02105736,  0.11063736,  0.06596198, -0.11056203, -0.19055246, -0.00199934,  0.25283953,  0.20529025, -0.11215641, -0.28226204, -0.09814157,  0.16526200,  0.18320425, -0.01430817, -0.14013324, -0.03814872,  0.13246492,  0.10449211, -0.10870456, -0.21524639, -0.05213768,  0.16870155,  0.15710519, -0.05599167, -0.16471200, -0.02575620,  0.13986352,  0.07983652, -0.15123087, -0.22853619, -0.00320272,  0.26482369,  0.21726714, -0.10015022, -0.28222089, -0.12065132,  0.13481474,  0.18023713
 -0.03528653,  0.03379583, -0.00219966, -0.08127158, -0.05888916,  0.07862117,  0.16344858,  0.07909174, -0.08793343, -0.16349914, -0.08105813,  0.05737462,  0.10388601,  0.01521686, -0.10463496, -0.10292939,  0.07507227,  0.22320104,  0.09539518, -0.19633713, -0.26337138,  0.00535276,  0.25553023,  0.19019982, -0.05267577, -0.15009520, -0.02297924,  0.11199668,  0.04094428, -0.14817447, -0.17396466,  0.03791337,  0.22197680,  0.13179286, -0.11262058, -0.19657552, -0.04894868,  0.07309647, -0.02590266, -0.19560522, -0.16191568,  0.10196462,  0.28578646,  0.12744202, -0.19762272, -0.26797240, -0.00340822,  0.23919946,  0.19115143, -0.00376305
  0.02248254, -0.10441434, -0.08406718,  0.04335990,  0.09503868,  0.03354033,  0.01210991,  0.03221860, -0.00679910, -0.07147664, -0.08482168, -0.03419720,  0.01200344, -0.00695612, -0.06027404,  0.04504009,  0.17877358,  0.08924203, -0.11635696, -0.11622300,  0.02458540,  0.02104470, -0.03663602,  0.05278430,  0.21156010,  0.21303469,  0.00364595, -0.24428882, -0.27674781, -0.06737276,  0.11763013,  0.07689795, -0.04274800, -0.00489196,  0.11421831,  0.04860263, -0.22843783, -0.41271064, -0.28253978, -0.00701818,  0.17905766,  0.15451975,  0.04262027,  0.01537954,  0.02710419, -0.07990940, -0.16493363,  0.01355007,  0.31146545,  0.34192497
  0.00790832, -0.00308261, -0.05701170, -0.00380378,  0.08598187,  0.04570971, -0.06692614, -0.06983845,  0.01100889,  0.03548782,  0.00337461, -0.01478998,  0.02246508,  0.07305400,  0.03887891, -0.11673009, -0.12149142,  0.09552565,  0.20358392,  0.01339335, -0.14677321, -0.05723290,  0.03408633, -0.06992507, -0.14049110,  0.03985566,  0.27262284,  0.21038179, -0.10786679, -0.30660957, -0.18115590,  0.02975219,  0.04062541, -0.05273316,  0.03594283,  0.25594425,  0.26780868, -0.02511761, -0.29453617, -0.23567115, -0.00346719,  0.12351690,  0.11144162,  0.14803382,  0.23571837,  0.14322277, -0.15890640, -0.32443537, -0.14970443,  0.12297527
  0.14170651, -0.04425392, -0.18665901, -0.11203337,  0.05934408,  0.11883061,  0.09141354,  0.06147726,  0.03031140, -0.02305826, -0.10819239, -0.16525541, -0.10177727,  0.06138924,  0.15215531,  0.07802034, -0.08415618, -0.10609591,  0.05348045,  0.10227905, -0.09314803, -0.17993551,  0.10900251,  0.33302261,  0.09580700, -0.23876678, -0.17462752,  0.09466517,  0.14131108,  0.00695015,  0.01723860,  0.14802257,  0.09593716, -0.14847384, -0.25039910, -0.07098992,  0.10495788,  0.02781501, -0.13857565, -0.08918528,  0.10458720,  0.02998420, -0.29055160, -0.32738226,  0.02570309,  0.22170723,  0.06119347, -0.02290202,  0.15609094,  0.23188349
  0.01552326, -0.05776400,  0.00586935,  0.06857813,  0.01980352, -0.05082672, -0.03139586,  0.04137657,  0.04206224, -0.04241164, -0.09937894, -0.03457522,  0.09158746,  0.11077404, -0.01459076, -0.15393509, -0.07326158,  0.13690319,  0.11522685, -0.15282786, -0.16339731,  0.18398046,  0.31810544, -0.02936764, -0.31646059, -0.12839718,  0.16056056,  0.10399147, -0.07693383,  0.00940632,  0.21139286,  0.12187747, -0.18257272, -0.25173482, -0.02249477,  0.09634398, -0.06295195, -0.14690108,  0.07573842,  0.27412660,  0.04113582, -0.32217495, -0.27030678,  0.07831189,  0.16612830, -0.02637197, -0.04164794,  0.15569082,  0.17018144, -0.06205599
 -0.03537855,  0.07006753,  0.10128611,  0.05504840, -0.02816488, -0.08953305, -0.10676143, -0.03113385,  0.10133471,  0.15107799,  0.08924809,  0.00235567, -0.02859607, -0.00845024,  0.00434935, -0.07475739, -0.12994094, -0.03568699,  0.06282018, -0.03175466, -0.17007954, -0.09712713,  0.05559293,  0.06999148, -0.02289959, -0.06061216, -0.02701092, -0.01590697, -0.05442626, -0.02365485,  0.14398854,  0.31903659,  0.32726911,  0.19549824,  0.09679020,  0.07503184,  0.03619824, -0.01602770,  0.05700765,  0.24982681,  0.30027496,  0.12590807, -0.08153685, -0.19646910, -0.27198070, -0.31750222, -0.29265491, -0.21098056, -0.13546243, -0.09496850
  0.22935425,  0.06919521, -0.21576147, -0.26824729, -0.07300726,  0.07266381,  0.18291394,  0.26495519,  0.13878260, -0.06601085, -0.14212611, -0.11986594, -0.09571082, -0.04107992,  0.04823954,  0.05141784,  0.05145693,  0.04385070, -0.04992727, -0.17983942, -0.10575880,  0.01865355,  0.05106354, -0.04906326, -0.03386626,  0.14595767,  0.17897980, -0.08003168, -0.15554157,  0.12185729,  0.28535739,  0.07029672, -0.09106579,  0.08373056,  0.21978654,  0.07727444,  0.01444368,  0.21461469,  0.20828903, -0.14951022, -0.31115856, -0.06989679,  0.02254563, -0.14253171, -0.12156527,  0.01261692, -0.07974024, -0.22498212, -0.09932813,  0.08760947
 -0.02932028, -0.06881729,  0.02213624,  0.13819006,  0.07173092, -0.06366100, -0.08469605, -0.02374045, -0.01270960, -0.03887413,  0.00147328,  0.05248105,  0.05526227,  0.05232987,  0.02598203, -0.11332908, -0.13144613,  0.08770745,  0.14295555, -0.11390427, -0.12896026,  0.20588394,  0.18120253, -0.18168429, -0.15176156,  0.14651680,  0.02420921, -0.22725082,  0.01978919,  0.30239289, -0.00160811, -0.30135650,  0.01745392,  0.28862296, -0.06189824, -0.32795345,  0.00271735,  0.20729778, -0.09268842, -0.15629117,  0.18375516,  0.19979427, -0.16851054, -0.20209765,  0.10894704,  0.14917551, -0.07647468, -0.07859464,  0.08647923,  0.06308430
  0.11154161,  0.00924798, -0.03879568, -0.10400400, -0.12973031, -0.01510883,  0.16941576,  0.17913326,  0.00421545, -0.05930301, -0.01985757, -0.03268196, -0.05300621, -0.02850674, -0.02374982, -0.00903721,  0.13246027,  0.10919756, -0.17416836, -0.23668778,  0.11844014,  0.17544924, -0.13858377, -0.17593453,  0.13471859,  0.14369688, -0.10962129, -0.04413106,  0.20650190,  0.04965891, -0.19748838,  0.03304880,  0.29233823,  0.03142648, -0.20968341,  0.09018100,  0.32178138,  0.04622672, -0.14353814,  0.07095679,  0.08012322, -0.23288934, -0.23631870,  0.13871506,  0.20707579, -0.13888120, -0.24317529, -0.01518048,  0.05185747, -0.09717282
 -0.14494005,  0.16324183,  0.09067885, -0.10145178,  0.01109628,  0.00093902, -0.14624684,  0.01278600,  0.17923241,  0.02978415, -0.11534215, -0.05414006,  0.03460248,  0.05811339, -0.00644956, -0.17447694,  0.00277693,  0.30487269,  0.07447060, -0.30277224, -0.06260530,  0.16249012, -0.00640492, -0.04408179,  0.13923449,  0.01224367, -0.20137586, -0.02509005,  0.22096349,  0.03269606, -0.18467208, -0.04148605,  0.06544453, -0.05558396,  0.00751958,  0.13188973, -0.09783169, -0.24569368,  0.05339675,  0.18554428, -0.06093229, -0.03672169,  0.09402342, -0.14958336, -0.17702290,  0.25937762,  0.28849461, -0.18430417, -0.19178797,  0.19500007
 -0.04060845,  0.02749016, -0.02020239,  0.05733241,  0.03517791, -0.07906519, -0.02320899,  0.07874769,  0.00757114, -0.10255924, -0.03809770,  0.08991126,  0.09087178, -0.04143042, -0.12486835,  0.07025974,  0.22058246, -0.05049803, -0.30897293, -0.05205213,  0.18978915,  0.10663545,  0.01773958,  0.03328716, -0.13609941, -0.23828013,  0.05200478,  0.30976997,  0.05027955, -0.25627970, -0.15691278,  0.03467452,  0.08922624,  0.18289158,  0.15197415, -0.18121451, -0.29758835,  0.03706554,  0.22599658,  0.05310245,  0.00990421,  0.05022115, -0.11258494, -0.11096409,  0.19983543,  0.20422548, -0.19285155, -0.25432322,  0.05556678,  0.08652568
 -0.09278523,  0.04941790,  0.00593559, -0.03305333,  0.12668126,  0.12347010, -0.07605493, -0.09804901, -0.05012742, -0.10287908, -0.03850557,  0.09738535,  0.09239060,  0.07242185,  0.12051014, -0.08376787, -0.28892420, -0.14516096,  0.07311054,  0.12134930,  0.21004538,  0.16706707, -0.12252672, -0.24743451, -0.01510046,  0.15559154,  0.06849718, -0.05218500, -0.08113745, -0.08469229,  0.04737069,  0.27638385,  0.23189912, -0.13009867, -0.32087408, -0.19962115, -0.05438344,  0.07505307,  0.18747214,  0.05099818, -0.21259310, -0.12733679,  0.10123368,  0.02543433, -0.10054834, -0.04342236, -0.06728268, -0.09043698,  0.15896982,  0.32014375
 -0.00835705,  0.01611134, -0.09912350,  0.12279025,  0.16623740, -0.14755719, -0.13332591,  0.08194823, -0.05124299, -0.07618499,  0.15542957,  0.13062415, -0.02049519,  0.02783942, -0.03019749, -0.31604030, -0.06874065,  0.27146490,  0.06610143, -0.09431473,  0.11410887, -0.00718919, -0.22967171, -0.00377463,  0.19763883, -0.06206824, -0.19448920,  0.05874958,  0.12032703, -0.00949128,  0.12711362,  0.16811474, -0.17951535, -0.23933835,  0.09732399,  0.13133138,  0.01122187,  0.17854334,  0.10263779, -0.21212677, -0.11077860,  0.21004562,  0.01163744, -0.18529369,  0.04470798,  0.01279354, -0.20927223,  0.04847700,  0.23731467, -0.22198955
 -0.27501227,  0.20453402,  0.27333325,  0.01010520, -0.14863620, -0.20652760, -0.07961348,  0.16932815,  0.12938468,  0.01197766, -0.00694407, -0.07432874, -0.14222028, -0.03748065,  0.02013103, -0.05424719,  0.09379972,  0.21936697,  0.03336029, -0.06906389,  0.03689462, -0.19884595, -0.17423526,  0.13432654,  0.13808623,  0.07640249,  0.24291035,  0.02099068, -0.35614665, -0.16619869,  0.15040941,  0.08396802,  0.05425711,  0.06793338, -0.19609332, -0.25333200,  0.05020863,  0.11465078, -0.05927456, -0.05279364,  0.01826604, -0.09734493, -0.14193964, -0.02900312,  0.11082915,  0.14965970,  0.17106387,  0.09938172, -0.01138401, -0.05506719
 -0.08909611,  0.18991978, -0.13559112, -0.04361549,  0.19404539, -0.05518466, -0.11218672,  0.08427294, -0.06230635, -0.13213292,  0.13209061,  0.14127446,  0.04705924,  0.02551116, -0.20747689, -0.18634009,  0.21868841,  0.05719659, -0.19419186,  0.20312954,  0.06422977, -0.26694833,  0.08733936,  0.19558259, -0.22849780, -0.04122089,  0.14458922, -0.17586357, -0.05607910,  0.31859805, -0.00157059, -0.17421303,  0.13257322, -0.02795917, -0.21400386,  0.14352772,  0.19667398, -0.11386184,  0.01193897,  0.14056907, -0.10813763, -0.07123398,  0.12407752, -0.04035933, -0.07697035,  0.08842850, -0.07847151, -0.15126487,  0.10475868, -0.00128701
  0.03589333, -0.01859851,  0.02863636, -0.16629994,  0.00226977,  0.24991409, -0.00116183, -0.16425844,  0.01779546, -0.04644039, -0.08908434,  0.12426625,  0.18405181,  0.07278360, -0.04257343, -0.23219780, -0.06508733,  0.13451949, -0.10228774, -0.08995240,  0.25907071,  0.05122222, -0.18257184,  0.12765282,  0.05664797, -0.32511541, -0.05176965,  0.15834087, -0.07947625,  0.07717407,  0.28746576, -0.14159279, -0.22647672,  0.15331002,  0.03836625, -0.13035428,  0.18042003,  0.12957056, -0.18885592,  0.04383398,  0.17136546, -0.08258127, -0.03287403,  0.15470063, -0.09696071, -0.16679888,  0.01861462, -0.09678516, -0.13848064,  0.20079663
  0.06906422, -0.00319826, -0.09329812, -0.10813613,  0.18676127, -0.00088732, -0.19138138,  0.14070523,  0.11026214, -0.11253347,  0.12899804,  0.02443453, -0.43490133, -0.04956345,  0.47152690,  0.07326239, -0.24068567,  0.04808787, -0.05185761, -0.11972839,  0.16462793,  0.08443891, -0.06381359,  0.02788847, -0.09967641, -0.12460844,  0.16759532,  0.16119992, -0.02713987,  0.00447603, -0.09957792, -0.21773326,  0.03920455,  0.19112775,  0.03864690,  0.02482987, -0.03272719, -0.17978837, -0.07467424,  0.08772356,  0.00076671, -0.01798258,  0.09905363, -0.00432457, -0.11522877, -0.05990965, -0.00937335,  0.13082814,  0.16181779, -0.10458769
 -0.06756702,  0.01840596,  0.15018755, -0.10127692,  0.01192048,  0.13123652, -0.20201191, -0.07685580,  0.18616933, -0.08290864, -0.07526417,  0.39947481,  0.03773632, -0.53557155, -0.15084779,  0.37931380, -0.02501148, -0.04573011,  0.20143065, -0.08428993, -0.16750185,  0.02555283,  0.00057397,  0.02295777,  0.08451386, -0.03433112, -0.06510026,  0.04926195,  0.02322202,  0.04313276,  0.08442572, -0.01114485, -0.07303583, -0.01263979, -0.04525148,  0.04761927,  0.12074420, -0.00733564, -0.03402021, -0.01541214, -0.03978983, -0.10968189,  0.00138320,  0.00133687,  0.01310850,  0.07477340, -0.07641605, -0.14310478,  0.23788465, -0.06429539
  0.12737406, -0.14269397, -0.13169521,  0.07413468,  0.17459928,  0.12208326, -0.07403032, -0.26280383, -0.10275171,  0.31752548,  0.27843369, -0.08041796, -0.17632596, -0.20052156, -0.21659144, -0.12190980,  0.19111187,  0.16171075,  0.14113953, -0.03983162, -0.03860714, -0.13797365, -0.07807512, -0.07605178,  0.04536780,  0.08790803,  0.19728150,  0.15819113,  0.12893956, -0.00423605, -0.04616914, -0.01122563,  0.07580908,  0.15014732,  0.07216816, -0.06736640, -0.06827207,  0.02596571,  0.01479223, -0.00515092, -0.17053570, -0.24878079, -0.23213708, -0.09038824, -0.08718606, -0.08702139,  0.06461448,  0.10586627,  0.05348786,  0.23001179
 -0.00433102, -0.09269863, -0.01313382,  0.19310193,  0.15631482, -0.08833751, -0.36268268, -0.14734286,  0.31123209,  0.34767713, -0.12821415, -0.31695649, -0.04619011,  0.07679154,  0.06326445,  0.11655389,  0.19552569, -0.06562341, -0.21210955, -0.16305904,  0.02412629,  0.10602690,  0.13689257,  0.09674811, -0.00899421, -0.10532755, -0.12104972, -0.06572085, -0.01031399,  0.05327518,  0.05899666,  0.04490431, -0.01639650, -0.05983242, -0.14976297, -0.07652580,  0.11860985,  0.17065987, -0.00217205, -0.11009621, -0.14952756, -0.00488490,  0.19950744,  0.19859752,  0.02342106, -0.07698624, -0.07429790, -0.08719950,  0.08167841, -0.01415194
 -0.08532703,  0.14326588, -0.04878818, -0.14669009,  0.08765961,  0.14276614,  0.12898320, -0.28938522, -0.22011719,  0.01060360,  0.34430774,  0.06888738, -0.25428531, -0.01312724,  0.15574971,  0.09157092, -0.05643536,  0.22964274, -0.15525306, -0.05732643, -0.24536219,  0.10116314,  0.08046668,  0.19956337,  0.04560216, -0.00065759, -0.21574262, -0.16802280, -0.13403945, -0.01164820,  0.06937237,  0.02677354,  0.01961087, -0.09974904, -0.00927926, -0.12213158, -0.09114669,  0.03887714,  0.18868986,  0.03909527,  0.04819917, -0.05476238,  0.03750760,  0.19478378,  0.26507446,  0.10307347, -0.12215737, -0.09814624, -0.16601004,  0.00432301
  0.06517934, -0.19725864,  0.24717179, -0.22843274,  0.29154673, -0.28116590,  0.11197582, -0.04884602,  0.10008786, -0.00671465, -0.04897916, -0.01119253, -0.00424377,  0.11261865, -0.23685373,  0.22581045, -0.22442655,  0.21004301, -0.16676635,  0.11733566, -0.03438012,  0.00658308, -0.01303142, -0.03122019,  0.03217773, -0.06234880,  0.13000405, -0.11602808,  0.17761680, -0.15830537,  0.16094268, -0.14176044,  0.14695563, -0.10382131,  0.05064861, -0.00901434,  0.01659309,  0.04450843, -0.06109815,  0.03576008, -0.11210094,  0.10227122, -0.12922046,  0.12432182, -0.21885756,  0.18685060, -0.18589039,  0.17370594, -0.09051513,  0.05175808
 -0.03082835,  0.10616836, -0.12145836,  0.05807162,  0.09596025, -0.23563180,  0.18717781, -0.14638675,  0.19713699, -0.01794870, -0.01449216, -0.18773749,  0.24914102, -0.20832487,  0.02795214,  0.04359570, -0.14857160,  0.17198008, -0.17148049,  0.21429422, -0.14189263,  0.19353982, -0.25100571,  0.13624147, -0.19753898,  0.19089925, -0.09423459,  0.22320237, -0.05513661,  0.06420409, -0.01650058, -0.05163997,  0.05641848, -0.04546926,  0.11895781, -0.09468627,  0.15557845, -0.13494084,  0.05541235, -0.16114367,  0.12877328, -0.19077441,  0.14314236, -0.22242988,  0.04714320, -0.13617097,  0.06869187,  0.05676553,  0.05022904,  0.03571867
  0.04517997, -0.07922121,  0.10009886, -0.13521804,  0.01561133,  0.16756041, -0.22181486,  0.22930188, -0.18970066,  0.09214307,  0.03162751, -0.06080934, -0.12977702,  0.37064831, -0.37819203,  0.23637246, -0.19243822,  0.12624818, -0.06133544,  0.09035245, -0.08723773,  0.11820784, -0.17401746,  0.11337609, -0.12557936,  0.13058745, -0.04896973,  0.05418793, -0.01614172,  0.01148848, -0.07587027,  0.09141866, -0.09738824,  0.11746134, -0.05279269,  0.06441198, -0.08620782,  0.06402130,  0.00782309, -0.07148530,  0.12374460, -0.10515707,  0.03278340, -0.03343211,  0.02478164, -0.12418018,  0.22480185, -0.22701973,  0.20469356, -0.11492821
  0.02957281, -0.13228556,  0.22878512, -0.19305085,  0.06006987,  0.06546621, -0.10349115, -0.01342075,  0.24169653, -0.43496439,  0.45354442, -0.28761619,  0.07343353,  0.05700774, -0.03263832, -0.09393047,  0.21095189, -0.24058037,  0.17425599, -0.09027037,  0.01911112,  0.02418605, -0.03662565,  0.07417173, -0.10012802,  0.08032971, -0.04260376, -0.03675521,  0.07735166, -0.05257342,  0.01718617,  0.02116752, -0.00250286, -0.06623711,  0.09101049, -0.08476191,  0.08450553, -0.09260971,  0.14648566, -0.18084099,  0.12377365, -0.00681005, -0.08885053,  0.12907518, -0.08256034,  0.00986159,  0.02961727, -0.05331426,  0.02307239,  0.00373215
 -0.10734434,  0.23866520, -0.09931317, -0.16658771,  0.21768685, -0.12263617, -0.01918769,  0.23132826, -0.37091779,  0.17928169,  0.15522807, -0.33664742,  0.31410548, -0.15488580, -0.00004448,  0.14952640, -0.08290854, -0.09022517,  0.15743284, -0.17517600,  0.12879211, -0.06934389,  0.12114802, -0.10447276,  0.05016104,  0.00219871, -0.13123844,  0.10345319, -0.03908734, -0.04462426,  0.07668437, -0.04406759, -0.09410293,  0.08636896, -0.02396909, -0.00974560, -0.02640273,  0.05633754, -0.09978765,  0.03994696,  0.13789474, -0.14788016,  0.11150124,  0.07283062, -0.13760509,  0.17627699, -0.14928550,  0.03495437,  0.03121292, -0.02553397
 -0.05470962,  0.12406006, -0.11487009,  0.09408790, -0.09064578,  0.10922883, -0.16117609,  0.15175545, -0.10321594,  0.08211341, -0.05920862,  0.07080162, -0.10598262,  0.11106087, -0.09975610,  0.06735057, -0.01444492, -0.03634053,  0.02564692, -0.02048074,  0.02601092, -0.01662134,  0.08115243, -0.12294368,  0.12743051, -0.16742653,  0.15107443, -0.15734812,  0.20403110, -0.18332385,  0.20859538, -0.20951548,  0.19065091, -0.23079908,  0.24827829, -0.24565841,  0.25199624, -0.22450649,  0.20226505, -0.22683567,  0.20998034, -0.18167075,  0.15042426, -0.10991880,  0.07849776, -0.07806287, -0.00315830,  0.03606678, -0.03265374,  0.04869907
 -0.12043170,  0.24307031, -0.12944792, -0.07518569,  0.25993052, -0.28666586,  0.06556758,  0.06810438,  0.01472584, -0.09677702,  0.06513196,  0.08400565, -0.19386237,  0.15338671, -0.11524239,  0.01255259,  0.18893732, -0.27692808,  0.11726659,  0.10866399, -0.26961325,  0.28529678, -0.06528186, -0.11511408,  0.16992359, -0.15151315,  0.01019307,  0.04771746,  0.02140193,  0.01043484, -0.00819882,  0.08530956, -0.14875875,  0.01969944,  0.10763330, -0.16449082,  0.11758624,  0.06447371, -0.25535007,  0.21408187, -0.13544612,  0.04010858, -0.00415413, -0.01502728,  0.07416591, -0.18522521,  0.12628975, -0.03527821, -0.02802662,  0.10032108
  0.03161486,  0.02745158, -0.23145425,  0.29746352, -0.16263120, -0.06020634,  0.23164566, -0.13672102, -0.05772669,  0.01461688,  0.08485319, -0.10408042,  0.05610982,  0.08526972, -0.13105482,  0.18064876, -0.14214188, -0.03289132,  0.22453600, -0.25824776,  0.08473437,  0.11987204, -0.26135737,  0.24010446, -0.04317694, -0.09905441,  0.12400290, -0.11629898,  0.00414930, -0.06791579,  0.07663922, -0.06476059, -0.00489704,  0.10841517, -0.09054257, -0.06943020,  0.18765332, -0.22010847,  0.11417317,  0.15388465, -0.20989056,  0.19179918, -0.08822301,  0.11531394, -0.10007335,  0.12097794,  0.03800718, -0.16869194,  0.12446922, -0.11679459
 -0.11080837,  0.24609363, -0.19710304,  0.09560692, -0.04633021,  0.11267478, -0.23089229,  0.11790249,  0.09895865, -0.10629634,  0.05858627, -0.03353521,  0.00474340, -0.00313774, -0.09094648,  0.10270850, -0.06838538,  0.06377954, -0.11483791,  0.13042029, -0.06047604, -0.00856904,  0.11225388, -0.12177098, -0.02375938,  0.14631536, -0.21992528,  0.19092133,  0.04181338, -0.13125424,  0.21365789, -0.12100492, -0.07504635,  0.19331716, -0.22369839,  0.14227186,  0.04594301, -0.15900039,  0.13984510, -0.09588223, -0.13471764,  0.27200697, -0.31374758,  0.13617076,  0.02305875, -0.15438885, -0.01172523,  0.18843066, -0.17998318,  0.15969913
 -0.02056710,  0.06427902, -0.09361900,  0.05534261,  0.05469463, -0.09444785,  0.01389820,  0.03840878, -0.02446149,  0.03135663, -0.04069694,  0.02218915,  0.01402095, -0.02162226, -0.01976201,  0.01480094,  0.02419350, -0.06962900,  0.07574643, -0.01644429, -0.07752996,  0.14896718, -0.11219944, -0.02470704,  0.16416133, -0.21015564,  0.08630650,  0.13703628, -0.27937925,  0.27511180, -0.05737631, -0.20169939,  0.33634547, -0.24846056, -0.00723380,  0.22947239, -0.25473331,  0.10233533,  0.12873483, -0.26928726,  0.17642891,  0.03492354, -0.24357027,  0.28083201, -0.16072148, -0.04416984,  0.12901973, -0.09459811,  0.02083625,  0.02762055
 -0.11298389,  0.26358205, -0.23822649,  0.17056283, -0.12731722,  0.09882759, -0.11010274, -0.00178937,  0.16576651, -0.11502804,  0.01208526,  0.04059424, -0.06859643,  0.02625986, -0.09916014,  0.13802053, -0.11404967,  0.07543965, -0.04525631, -0.00662164,  0.07658532, -0.04097289, -0.02481403,  0.08830676, -0.14910862,  0.05556633,  0.09984586, -0.12665385,  0.11694892,  0.13865513, -0.29538282,  0.29748133, -0.14259756, -0.11626029,  0.24028069, -0.12526941, -0.05079802,  0.18166427, -0.18319772, -0.05440875,  0.13921316, -0.10169263, -0.10081050,  0.20287927, -0.26324613,  0.14850692, -0.14831706,  0.17166239, -0.08514905,  0.09903663
 -0.02340336,  0.03562201, -0.00504176,  0.04164836, -0.10410385,  0.07393337, -0.06411886,  0.11800683, -0.11419123,  0.06311502, -0.00969071, -0.00542971,  0.01742160, -0.13884118,  0.19106810, -0.13032181,  0.05895178,  0.02966289, -0.10253085,  0.11283194, -0.05492349, -0.00482305,  0.00698771,  0.06202658, -0.18594821,  0.24077095, -0.15289494,  0.03052734,  0.13512653, -0.20545941,  0.19064545, -0.17510429,  0.18290135, -0.24339370,  0.26865983, -0.15752507, -0.01264139,  0.15736485, -0.25662249,  0.19541932, -0.12474276,  0.10909781, -0.16662611,  0.19054273, -0.15343121, -0.01018382,  0.19166197, -0.25394645,  0.22827880, -0.07634210
  0.06724886, -0.15442452, -0.07514109,  0.31911937, -0.03350128, -0.20668359, -0.00523766,  0.17020803, -0.02943980, -0.23235170,  0.21406052,  0.01055617,  0.05890243, -0.20735283,  0.08379909,  0.05706191, -0.06873262,  0.09323617, -0.07718149,  0.01322101, -0.06015594,  0.03380797,  0.02108931,  0.05953266,  0.03655354, -0.13845312,  0.11626792, -0.23664664,  0.24462304, -0.18754752,  0.15003082,  0.02146310, -0.06068706,  0.07821139, -0.21559617,  0.20130958, -0.18133919,  0.21045958, -0.10237718, -0.03040225,  0.10888628, -0.20276971,  0.13829347,  0.01891141,  0.01385311, -0.12653630,  0.20099187, -0.16288567, -0.13904126,  0.19276796
  0.14407825, -0.32053001,  0.08252277,  0.20688339, -0.01342431, -0.15578356, -0.04445969,  0.25350521, -0.19124397, -0.04327292,  0.06854443,  0.08804639, -0.03265847, -0.09123172,  0.06080650, -0.00723359, -0.04464542,  0.12827458, -0.12951837,  0.08719687, -0.09061323, -0.03293182,  0.13770208, -0.11311431,  0.13848145, -0.04051084, -0.13503999,  0.16507844, -0.20327678,  0.17251232, -0.14109723,  0.20898360, -0.11486125,  0.01234187,  0.06384514, -0.25277914,  0.32876102, -0.21459365,  0.13190683, -0.01024335, -0.05212223, -0.01619333, -0.03502334,  0.18214627, -0.20872893,  0.12158946,  0.05919300, -0.13302847, -0.07956221,  0.10532862
 -0.05258182,  0.09986766,  0.04953403, -0.19987483,  0.08453189,  0.05382673, -0.05080833,  0.05220515, -0.12791011,  0.21949494, -0.15862943, -0.02710829,  0.12221980, -0.17512944,  0.22685277, -0.19790946,  0.10944043, -0.01048298, -0.10380331,  0.19227397, -0.19194262,  0.19195377, -0.16879204,  0.07087868, -0.00353172, -0.10880535,  0.25981523, -0.27714775,  0.23079980, -0.08903109, -0.08880626,  0.16644334, -0.22004702,  0.18601909, -0.07387815,  0.02069931,  0.04687835, -0.15440773,  0.18236906, -0.17427456,  0.08480158,  0.09011849, -0.19016095,  0.15762169, -0.09850364,  0.03189435, -0.00271007, -0.00730633,  0.10345318, -0.08041080
  0.04789851, -0.05194353, -0.07605291,  0.05361746,  0.16538795, -0.22877063,  0.10543809,  0.00391935, -0.03225901,  0.07261317, -0.22978500,  0.34103843, -0.25495783,  0.11375386,  0.00325262, -0.11167036,  0.17351060, -0.17292787,  0.16448944, -0.11425674,  0.03359514, -0.00726951, -0.07235884,  0.17938555, -0.22927230,  0.28799717, -0.24360047,  0.07758561,  0.05975603, -0.17264075,  0.14393168, -0.02408137, -0.04137417,  0.11077252, -0.11632501,  0.03911408, -0.00402308, -0.01864684,  0.10129473, -0.15493858,  0.20772139, -0.19368935,  0.03807248,  0.13667029, -0.18608522,  0.14665910, -0.04304256,  0.03066918, -0.10096593,  0.04280448
  0.16894649, -0.08045418, -0.25711482, -0.10624435,  0.41426253, -0.02308764, -0.16620775,  0.06476796,  0.04622829, -0.08236226, -0.18331276,  0.09663396,  0.23292432, -0.08335941, -0.00178231,  0.05381515, -0.08087478,  0.05852931,  0.10785970, -0.14397620,  0.10910596, -0.21791753, -0.00966223,  0.12405653,  0.01624614,  0.10333173,  0.00604510, -0.18333540, -0.06707082, -0.05974227, -0.14832425,  0.10075852,  0.10738182, -0.02058078,  0.08303610, -0.18061876, -0.01229137,  0.01026190,  0.10205666,  0.10814242,  0.01923181,  0.08836002, -0.13515131,  0.09135092,  0.25016143, -0.19651627,  0.26972533,  0.00991020, -0.23112318, -0.17189670
  0.14202956, -0.01364662, -0.30466394,  0.06945239,  0.04553162,  0.15962614, -0.01945847, -0.15466701,  0.21870613, -0.16694432, -0.03671146, -0.05027921,  0.07947363,  0.14518296, -0.03153473, -0.10372835,  0.04184377,  0.05702363, -0.06202690,  0.20904042, -0.20851449, -0.03757120,  0.03454633, -0.23200323,  0.31612362,  0.01420842, -0.01191884,  0.02710997, -0.10331872, -0.20195423,  0.05868714, -0.04416948,  0.03869109,  0.19819300, -0.06931626, -0.05243606, -0.05596990,  0.04072853, -0.00332147,  0.10908434,  0.15002741, -0.19398635,  0.08142783,  0.06962692, -0.15856126,  0.28289189,  0.01770331, -0.04024780,  0.12616860, -0.37605781
  0.12162886, -0.17904758, -0.02377020,  0.08573601, -0.05062776,  0.20278713, -0.29742792,  0.24588869, -0.11548020, -0.01514271, -0.00910458, -0.02393569,  0.12404728, -0.04218422, -0.00412099, -0.05222047,  0.10335691, -0.09319116,  0.07981630,  0.05000538, -0.23773344,  0.27696222, -0.32647618,  0.24109640, -0.01961130, -0.00149683, -0.00129685,  0.00683937, -0.11981477,  0.00995273,  0.03413521, -0.08487260,  0.15797984, -0.04869544, -0.01492602, -0.01916072, -0.02561573,  0.06186675, -0.06550396,  0.17655414, -0.10839549, -0.01712937,  0.10705792, -0.09808537,  0.03552510,  0.18685427, -0.24661693,  0.29421396, -0.28927865,  0.02870120
