 -0.14161960, -0.14161416, -0.14161285, -0.14161296, -0.14161407, -0.14161598, -0.14161681, -0.14161302, -0.14160520, -0.14159569, -0.14158558, -0.14157506, -0.14156345, -0.14155112, -0.14153806, -0.14152363, -0.14150940, -0.14149549, -0.14148179, -0.14146840, -0.14145502, -0.14144155, -0.14142833, -0.14141519, -0.14140402, -0.14139257, -0.14138188, -0.14137183, -0.14136251, -0.14135327, -0.14134438, -0.14133587, -0.14132747, -0.14131955, -0.14131256, -0.14130669, -0.14130086, -0.14129450, -0.14128827, -0.14128200, -0.14127613, -0.14127038, -0.14126516, -0.14125989, -0.14125507, -0.14125041, -0.14124583, -0.14124121, -0.14123723, -0.14123265
  0.39023315,  0.41210148,  0.39711300,  0.36045297,  0.30539956,  0.23470903,  0.15856302,  0.09702272,  0.04953265,  0.00801981, -0.03058328, -0.06526606, -0.09272602, -0.11382883, -0.12708059, -0.13149513, -0.13089719, -0.12734356, -0.12196462, -0.11556146, -0.10766449, -0.09945503, -0.09144997, -0.08394937, -0.07762070, -0.06886834, -0.06308387, -0.05939614, -0.05775687, -0.05454303, -0.05259681, -0.05063695, -0.04844084, -0.04635553, -0.04485531, -0.04391876, -0.04199339, -0.03673066, -0.03152881, -0.02637355, -0.02143915, -0.01751712, -0.01645044, -0.01533555, -0.01510373, -0.01524185, -0.01560659, -0.01644036, -0.01912304, -0.02007600
 -0.08143191, -0.03520410,  0.01522056,  0.06458257,  0.10954783,  0.14745512,  0.17784179,  0.20101592,  0.21794367,  0.22810410,  0.23131582,  0.22755895,  0.21847825,  0.20502884,  0.18772796,  0.16957899,  0.14893686,  0.12741461,  0.10652509,  0.08645129,  0.06805730,  0.05242062,  0.03864261,  0.02738193,  0.01255080, -0.00056867, -0.01210539, -0.02280000, -0.03322352, -0.04365501, -0.05316066, -0.06273854, -0.07178775, -0.08130700, -0.09243670, -0.10581836, -0.11856901, -0.13017209, -0.14050172, -0.14913519, -0.15769017, -0.16488625, -0.17103207, -0.17642767, -0.18224100, -0.18795106, -0.19339223, -0.19793282, -0.20295945, -0.20656687
 -0.58184314, -0.29573663, -0.07086421,  0.12284258,  0.25094350,  0.27545008,  0.20472982,  0.15318327,  0.14240752,  0.13907005,  0.11809132,  0.07442517,  0.02349554, -0.03720504, -0.09100584, -0.12255348, -0.13989173, -0.14832929, -0.14968663, -0.14506378, -0.13122557, -0.11746290, -0.10420876, -0.09344925, -0.08211816, -0.04900286, -0.02533199, -0.00873051, -0.00568946,  0.00460994,  0.00513079,  0.00398290,  0.00103203, -0.00231116, -0.00895713, -0.02023413, -0.03574513, -0.03253540, -0.02335766, -0.00602864,  0.02323863,  0.05666194,  0.07320286,  0.08994025,  0.10595480,  0.12315943,  0.13808532,  0.14598785,  0.13434062,  0.11956098
 -0.18827635, -0.08386030,  0.01149422,  0.09287961,  0.13669554,  0.13031974,  0.07858685,  0.02197053, -0.02643338, -0.06660698, -0.09865760, -0.12076718, -0.12826852, -0.12040312, -0.09046971, -0.04336873,  0.01779925,  0.08254708,  0.14263140,  0.18719376,  0.20696033,  0.19143031,  0.14450485,  0.07498514,  0.00909242, -0.04710501, -0.09705485, -0.13904935, -0.17066045, -0.18322582, -0.18214697, -0.16405154, -0.13626939, -0.09613044, -0.04192093,  0.02575087,  0.09352474,  0.16083011,  0.21450515,  0.24871221,  0.26087746,  0.24170140,  0.18621960,  0.10737803,  0.01912292, -0.06642106, -0.14241756, -0.19925590, -0.22802139, -0.22686430
  0.08540876,  0.02831818, -0.01684153, -0.07336977, -0.10906081, -0.08780327, -0.00053217,  0.07347504,  0.10401704,  0.09416025,  0.06008472,  0.01237601, -0.03730588, -0.07525478, -0.10717982, -0.12096880, -0.12963643, -0.12091269, -0.08564169, -0.03158710,  0.03497129,  0.11709227,  0.19601702,  0.26932641,  0.27653595,  0.24609699,  0.20269871,  0.14521777,  0.08221319,  0.00571561, -0.05910297, -0.11913238, -0.16674948, -0.20736546, -0.24271756, -0.27051074, -0.25957316, -0.22121866, -0.15497465, -0.06893704,  0.00716573,  0.07837857,  0.14971315,  0.19807489,  0.20450276,  0.16847951,  0.09827622,  0.01583178, -0.06491388, -0.12296141
  0.02789239,  0.03087713,  0.01362763, -0.03517890, -0.08509502, -0.09366281, -0.03815418,  0.04550152,  0.11725161,  0.14649829,  0.12178691,  0.04745683, -0.04851045, -0.12944430, -0.17182219, -0.15357977, -0.09045466, -0.00107781,  0.09107945,  0.15338576,  0.16900526,  0.14378733,  0.08520188,  0.01500912, -0.08907411, -0.19046124, -0.25098852, -0.25195152, -0.18433456, -0.06617297,  0.08110711,  0.21234998,  0.29226372,  0.29614037,  0.21900435,  0.07796779, -0.07053825, -0.18398111, -0.23104019, -0.20137548, -0.12223714, -0.01427485,  0.09706710,  0.17337283,  0.18368753,  0.12678043,  0.02803332, -0.06483121, -0.11859133, -0.10928262
 -0.01008099,  0.00183875,  0.02249985,  0.04245442,  0.03143339, -0.01884601, -0.08036496, -0.10209967, -0.06936733,  0.00478059,  0.09072897,  0.15253825,  0.15970742,  0.10551500,  0.01210182, -0.09181993, -0.16172958, -0.18147700, -0.14673168, -0.06805868,  0.02888277,  0.11430138,  0.17223779,  0.19409100,  0.19379178,  0.13967180,  0.03395631, -0.09940795, -0.22189314, -0.29328359, -0.29617539, -0.22181292, -0.09400281,  0.05580563,  0.18930939,  0.26789257,  0.26017377,  0.17640651,  0.04497110, -0.08793129, -0.17714231, -0.20823714, -0.17578781, -0.09049200,  0.01772378,  0.10682574,  0.14304373,  0.11633437,  0.04898091, -0.03125990
  0.22389714, -0.02654985, -0.31398381, -0.24349952,  0.11411250,  0.35113222,  0.23234435, -0.01451891, -0.19410301, -0.22640181, -0.10664507,  0.08094054,  0.19732914,  0.13424428, -0.02475620, -0.13818185, -0.10459932,  0.01783647,  0.09061902,  0.05437910, -0.02981350, -0.09158595, -0.09790008, -0.09064026, -0.00864056,  0.08399322,  0.07212555, -0.00787793, -0.05874070,  0.01516599,  0.09484174,  0.10656756,  0.02816289, -0.07796459, -0.10775434, -0.01461851,  0.11930453,  0.17102343,  0.04537700, -0.15491896, -0.22780396, -0.11172414,  0.09910083,  0.25445140,  0.23070754,  0.06543904, -0.08993763, -0.14815331, -0.11615499, -0.05568681
 -0.10139562,  0.05452451,  0.11398200,  0.01584469, -0.09353325, -0.06150014,  0.06235023,  0.11703762,  0.03488211, -0.11157162, -0.19068172, -0.12520884,  0.05067833,  0.20069188,  0.19724587,  0.03982448, -0.13583131, -0.17007499, -0.02696955,  0.15086136,  0.19404528,  0.05470115, -0.15357294, -0.26061571, -0.19568272,  0.00412825,  0.18717805,  0.19992049,  0.04781289, -0.11959122, -0.13913713, -0.00336332,  0.14351634,  0.16351320,  0.03488182, -0.12302958, -0.16388805, -0.04143664,  0.12678990,  0.17433676,  0.04343549, -0.13959118, -0.19890261, -0.06532405,  0.16081483,  0.28850671,  0.20069670, -0.02145344, -0.20097899, -0.21886143
  0.12276506, -0.07435427, -0.15578758, -0.03242477,  0.12268230,  0.12646830,  0.02852838, -0.01581079, -0.01411722, -0.04189627, -0.09589556, -0.12187813, -0.07319857,  0.03235493,  0.13546202,  0.15080830,  0.05001662, -0.10816337, -0.18708981, -0.09981505,  0.10859142,  0.26091985,  0.19773305, -0.04980765, -0.26010841, -0.26754734, -0.06858964,  0.17992025,  0.29892166,  0.20978238, -0.03539731, -0.22736645, -0.21550839, -0.02552789,  0.18079597,  0.23345343,  0.10692272, -0.09653873, -0.23151626, -0.19280261, -0.03922056,  0.08050381,  0.10138962,  0.04872192,  0.00056068,  0.02016912,  0.07435593,  0.06454554, -0.04214852, -0.16390766
 -0.09122136, -0.09434319,  0.15486716,  0.28639842,  0.12323804, -0.12945435, -0.21784952, -0.22523246, -0.19318279, -0.08094984,  0.07508456,  0.18633158,  0.15715197,  0.05827880, -0.02691910, -0.10681439, -0.08690874, -0.00882663,  0.07257160,  0.12200904,  0.06787384, -0.08322510, -0.20861795, -0.21114882,  0.02712766,  0.19168828,  0.24847817,  0.19890165,  0.10327642, -0.02504066, -0.09982597, -0.07307651,  0.00768097,  0.08800386,  0.13641889,  0.13516866,  0.01881219, -0.15913278, -0.22590179, -0.14619455,  0.04327283,  0.18746387,  0.22408890,  0.11912480, -0.01956418, -0.12520995, -0.17516904, -0.17967666, -0.07168562,  0.03193848
  0.21911008,  0.03339136, -0.28145602, -0.29769834, -0.01654690,  0.20254891,  0.17381625,  0.10916645,  0.08076508,  0.03412998, -0.01891222, -0.02891209,  0.01413579,  0.01211091, -0.05465096, -0.09959508, -0.10919617, -0.05756756,  0.00501068,  0.03322643,  0.03876672,  0.02953157, -0.00277811, -0.03423863, -0.04102401,  0.08241472,  0.15078781,  0.08278434, -0.10188821, -0.23064302, -0.23813190, -0.10404585,  0.11507649,  0.25309674,  0.19295817, -0.02285375, -0.18850180, -0.18513863, -0.06615005,  0.09598480,  0.19931343,  0.18707421,  0.04740901, -0.11609294, -0.23965481, -0.23986031, -0.08750621,  0.11315905,  0.18955327,  0.16766658
 -0.14479135,  0.29270937,  0.18284315, -0.24218214, -0.38724199, -0.12148714,  0.10021413,  0.17428366,  0.18671689,  0.16517074,  0.08449084,  0.00820708,  0.04285554,  0.10069355,  0.07305471,  0.00000964, -0.10930993, -0.12738693, -0.07214004, -0.04670123, -0.07820074, -0.10886764, -0.06961664, -0.02138935, -0.13217551, -0.11941759, -0.03490043,  0.07498160,  0.06451132, -0.01164911, -0.09241128, -0.15824335, -0.15383595, -0.04425418,  0.07970899,  0.13650980,  0.12357848,  0.13496125,  0.10340826,  0.00479572, -0.05822045,  0.04077817,  0.15172850,  0.22588045,  0.14917627, -0.07940778, -0.27686216, -0.21912869, -0.00817641,  0.21676543
  0.18903830, -0.00354779, -0.14668030, -0.10439967, -0.01876873, -0.04765506, -0.08697787, -0.05731586,  0.03315176,  0.13298282,  0.21491836,  0.22093011,  0.13191002,  0.05216790,  0.04413550,  0.03839419,  0.04651611, -0.06219708, -0.22330721, -0.31790980, -0.27774533, -0.15707637, -0.08769367, -0.08222468,  0.02651307,  0.00675525, -0.03464190, -0.09252831, -0.06188831,  0.02702612,  0.06401839,  0.06128218,  0.03960048,  0.03843621,  0.08047645,  0.09358706,  0.04356046, -0.00574425,  0.04553089,  0.21462042,  0.33436249,  0.21521684,  0.05284519, -0.03365182,  0.01331236,  0.10928236,  0.09522041, -0.09881790, -0.29735197, -0.36759087
 -0.09078230,  0.20562598,  0.14579120, -0.11977232, -0.16552707,  0.03259717,  0.09535128, -0.00990311, -0.11282283, -0.10795010, -0.02253092,  0.06254967,  0.09420346,  0.07389896,  0.08249523,  0.11375267,  0.20289109,  0.25181847,  0.21457706,  0.06903401, -0.08634301, -0.14107409, -0.10867752, -0.11571810, -0.08920228, -0.06465832, -0.04453239, -0.10603877, -0.20652372, -0.20571343, -0.13767853, -0.08386673, -0.14124530, -0.17387433, -0.08664274,  0.03754037,  0.00702371, -0.09394332, -0.21066420, -0.18238170,  0.04576754,  0.21711141,  0.16125459,  0.02465409,  0.00889222,  0.15366587,  0.28960038,  0.30439045,  0.16049799, -0.14710501
  0.29409131, -0.21873977, -0.19416362,  0.19569182,  0.16392422, -0.26513005, -0.23658746,  0.06939772,  0.20638595,  0.08671366, -0.01405675,  0.02896020,  0.10372655,  0.16155176,  0.12556954,  0.07572213,  0.06318822,  0.03958723, -0.00995177, -0.01577941,  0.00992162, -0.00463044, -0.10951762, -0.12891798, -0.08520560, -0.14560354, -0.15836992, -0.11591477, -0.03384386, -0.12356367, -0.23050374, -0.18677384,  0.02105709,  0.03050882, -0.14994472, -0.24374755, -0.03706614,  0.08386833,  0.11390386,  0.06685866, -0.06779754, -0.08968250,  0.19036549,  0.30354685,  0.11063035, -0.07397319,  0.01750727,  0.13848733,  0.13421130,  0.10393918
 -0.02825344, -0.05189010,  0.05307462,  0.06056718, -0.09293044, -0.16372960,  0.02284670,  0.23116763,  0.16266126, -0.06102521, -0.10888995, -0.01225738,  0.08495739,  0.01919634, -0.15946484, -0.15473856, -0.09620110, -0.05338302, -0.00130437, -0.04711013, -0.06106821,  0.00009847,  0.04223850,  0.11689109, -0.07935929, -0.09559826,  0.14961716,  0.22019489,  0.07781034, -0.08023229, -0.00284381,  0.21748627,  0.21354801, -0.00203632, -0.12966306, -0.04814031,  0.23359221,  0.28989146,  0.00793354, -0.16190293, -0.13121159,  0.10091570,  0.22722922, -0.04570962, -0.32997894, -0.22197180,  0.08344843,  0.20968071, -0.10101438, -0.30303683
  0.16368255, -0.16580385, -0.09447023,  0.10424150, -0.08299920, -0.19281561,  0.15422637,  0.28873097,  0.03791623, -0.04496574,  0.00336983,  0.04726975,  0.01268792, -0.14244769, -0.11813132,  0.07265919,  0.00465779,  0.08250608, -0.06976803, -0.03779349,  0.16198163,  0.04386220, -0.03344525, -0.09781374, -0.23567899,  0.21805027,  0.07673837, -0.07864386, -0.09702248, -0.10791494,  0.09829602,  0.00805794, -0.12601568, -0.10544173, -0.12987266,  0.10462230,  0.29536036, -0.13352696, -0.11525060,  0.05682738, -0.04415430,  0.10988865, -0.03766626, -0.16161636, -0.00050727,  0.08224332,  0.20076859, -0.09952428, -0.29033961,  0.41492767
 -0.13195961,  0.20604071,  0.01038612, -0.12606723,  0.21132830,  0.01248526, -0.17162166, -0.09522968, -0.14962479,  0.07361823,  0.03381490, -0.04491416,  0.13472045,  0.01357015,  0.03869914,  0.13640338, -0.20133253,  0.04729828,  0.09660831, -0.13685929,  0.04479854, -0.03142099,  0.05736069,  0.22260405, -0.28005962,  0.04894799,  0.07757420, -0.17872470,  0.16905471, -0.08861267,  0.00344772,  0.14494511, -0.19058867,  0.20478478,  0.03286325, -0.33779651,  0.13433116, -0.02535089, -0.06978834,  0.13511884, -0.13414295,  0.14508816, -0.00027913, -0.12094271,  0.23633978, -0.16097863, -0.08666628,  0.23793372, -0.18039848,  0.03320630
  0.08250223, -0.15632252,  0.09976779, -0.02543602, -0.06583591,  0.07473978, -0.07602130,  0.12658171,  0.02170053, -0.12100630,  0.13904035, -0.05299547, -0.02742617,  0.06064359, -0.15399803,  0.12793401,  0.04031317, -0.15272516,  0.14594327, -0.06809769, -0.00274695,  0.13779980, -0.15016644,  0.00904652,  0.02131275, -0.13305532,  0.27331255, -0.17712903, -0.13497527,  0.24377462, -0.20015864,  0.08950322,  0.01335960, -0.22554880,  0.23934612, -0.12625816,  0.00590263,  0.18310100, -0.27149069,  0.14203672,  0.06146990, -0.18381248,  0.22654148, -0.21872055,  0.04172797,  0.21806886, -0.23616596,  0.08224780,  0.00960154,  0.04275758
  0.06226126, -0.16294525,  0.12927575,  0.03157250, -0.11481587,  0.13239312,  0.08120116, -0.06593647, -0.18763408, -0.03425223,  0.03784521, -0.07336942,  0.12793800,  0.07859181, -0.00676125,  0.10642491,  0.03880135, -0.00421528, -0.14663840, -0.06245495,  0.11025555, -0.10089370, -0.05786350,  0.18554145,  0.13123496, -0.11171250, -0.25448277,  0.08408156,  0.16211085, -0.16158514, -0.21303337,  0.26294402,  0.07796502, -0.18323997,  0.11122675,  0.10342875, -0.17659164, -0.26238408,  0.19469140,  0.22265828, -0.32689967,  0.04693951,  0.27959055, -0.06646667, -0.05487593, -0.01690882,  0.08681539, -0.01819127, -0.12111028,  0.09946482
  0.03515736, -0.02144427, -0.00180770,  0.05691518,  0.05183987,  0.01138853, -0.10799355, -0.13115697, -0.01423932, -0.05570317, -0.00611987,  0.16103880,  0.08722356,  0.03451574,  0.01620478,  0.12576745,  0.05602713, -0.16976667, -0.10361043,  0.09331431, -0.03829583,  0.00239018,  0.17630308,  0.14717500, -0.20574899, -0.25775724,  0.11246590,  0.20442173, -0.32106125, -0.18419524,  0.26331973,  0.05146558, -0.12645071, -0.02735016,  0.10074147, -0.18506136, -0.28960295,  0.19318643,  0.15817191, -0.23023288,  0.00628946,  0.21456310,  0.06403761, -0.10704045, -0.06646333,  0.17951519,  0.00721182, -0.16259061, -0.01181491,  0.21481813
  0.08045070, -0.13452343,  0.09397642, -0.20131755,  0.16966619, -0.09558714, -0.08151344,  0.19943794,  0.11111384,  0.09989957, -0.11035994, -0.07486621,  0.11837555, -0.24756494, -0.00650803, -0.07658916,  0.10555214,  0.04411835, -0.05612214,  0.06924815,  0.06317892, -0.04292917, -0.10724545, -0.19262817,  0.26253109, -0.15718268,  0.19932386, -0.06842930,  0.08049978, -0.07752642, -0.04224705,  0.22958599, -0.30896977, -0.04628776,  0.25169541, -0.07092405,  0.12465221, -0.07681047,  0.18723820, -0.13658888, -0.09942304,  0.16183200, -0.13770384, -0.09142680,  0.15444176, -0.04875710,  0.06493928, -0.16499225,  0.23429492, -0.15102705
 -0.05982353,  0.19670167, -0.19366061, -0.01753728,  0.15779463, -0.10757169, -0.03300171, -0.08937524,  0.21865029,  0.09611579, -0.20674259,  0.09101697, -0.02563841,  0.03711906, -0.17928785, -0.06063804,  0.15296727, -0.00810030,  0.09665718, -0.14755235,  0.14106276,  0.08793952, -0.20229062,  0.00837461, -0.03312200,  0.09731832, -0.02669677, -0.00560495,  0.22792861, -0.30061889,  0.07973900,  0.17035405, -0.16785280, -0.08466712, -0.04638122,  0.31056019, -0.19297831,  0.02295739,  0.09041204, -0.10421866,  0.12080075, -0.20173582,  0.13591941, -0.12597614, -0.00782370,  0.21690034, -0.24182672,  0.16423844, -0.05696518,  0.00616079
 -0.01517536,  0.00879492,  0.09940892, -0.13712530,  0.12470227, -0.04691305,  0.01598496, -0.04755484, -0.22156900,  0.20766242, -0.01835095,  0.00371114,  0.00126362,  0.08311451,  0.08977041, -0.13638004,  0.07882215, -0.09536200,  0.04501243,  0.02473650, -0.18277088,  0.22369383,  0.02538892,  0.08949846, -0.17080140, -0.11222644,  0.23207868, -0.22057157,  0.05535644,  0.09279420, -0.21933892,  0.15580770,  0.01182848,  0.07968931, -0.24455363, -0.01015127,  0.16005144, -0.26814227,  0.20506947, -0.08816328,  0.08088927, -0.07568434,  0.05114761,  0.16810774, -0.36248067,  0.25108730,  0.02332624, -0.14604506,  0.01785085,  0.11269317
 -0.04366027,  0.13256140, -0.02966358, -0.07489069,  0.04966678,  0.14888173, -0.27151501, -0.21419167,  0.18061146,  0.21499863,  0.02226098, -0.20365193,  0.13387901,  0.14105270, -0.12233658, -0.17246768, -0.07283964,  0.27550705,  0.00949602, -0.11601156, -0.03998670,  0.20543389,  0.19056008, -0.26660287, -0.08230072,  0.00962440, -0.02123737,  0.15283274, -0.00286164, -0.05746460, -0.10926835,  0.05078942,  0.25143270, -0.33782309, -0.05300220, -0.02497560,  0.06359879,  0.07903946, -0.10976563,  0.09103785, -0.08924274,  0.13276542, -0.08358715, -0.12132240,  0.03849904,  0.08155361,  0.09087509, -0.20143963,  0.06524505,  0.10987999
 -0.03057123,  0.07289271, -0.07801021,  0.07344862, -0.06659121,  0.11263203, -0.19739531,  0.15972369, -0.02704991,  0.01171723, -0.14244915,  0.09964776,  0.05323167, -0.04458209, -0.04407766,  0.03317874, -0.00152562,  0.11509670, -0.20666759,  0.12506693, -0.06326328,  0.17886125, -0.22371079,  0.08853225, -0.00685975,  0.09647544, -0.21268754,  0.26849498, -0.22595813,  0.12909430, -0.12627512,  0.20607251, -0.11988455, -0.07867772,  0.12904312, -0.08821484,  0.11443856, -0.09498516, -0.02234864,  0.03938067, -0.00704730,  0.12513453, -0.30504360,  0.28893771, -0.14193742,  0.14462459, -0.26835379,  0.24697169, -0.08912454,  0.00059808
  0.08686130, -0.16321120,  0.00076635,  0.15780455, -0.15152695, -0.04795289,  0.17430570,  0.00353328, -0.02912221,  0.07960603, -0.06614592, -0.07022555, -0.00851041,  0.01158820,  0.04992735,  0.06552855, -0.10420680,  0.02256804,  0.05676999, -0.06120707, -0.14267341,  0.08416203, -0.00417008, -0.02507415, -0.10523121,  0.36273957, -0.21096605, -0.14871492,  0.13916507,  0.09263003, -0.13417986, -0.05019739,  0.04928853,  0.14050746,  0.01179946, -0.07472887, -0.07167781,  0.13680152,  0.14578219, -0.23481159, -0.16247872,  0.36211926,  0.01831246, -0.25424360,  0.02960241,  0.29340329, -0.24696441, -0.06894706,  0.19259939, -0.13099916
  0.04220344, -0.17894729,  0.25670653, -0.09301357, -0.04921269,  0.03519232,  0.11704402, -0.11247568, -0.03454317, -0.06674008, -0.05057636,  0.03987598,  0.08288543,  0.10332484, -0.01168695,  0.01199328,  0.10900630, -0.02589506, -0.20559644, -0.13899863,  0.10689407,  0.15977134, -0.00284910,  0.03154467,  0.03020606, -0.05008924, -0.17022897,  0.14114485, -0.07564172, -0.04701018, -0.15368149,  0.19632872,  0.09175147,  0.09271753, -0.27544467, -0.07603931,  0.14606419, -0.03005208, -0.04276238, -0.27572907,  0.42587511, -0.06079797, -0.04081667, -0.14943834,  0.36019348, -0.19459963, -0.11861081,  0.02226685,  0.03923011,  0.08924027
  0.00674767, -0.04539031,  0.05371563,  0.03563988, -0.10549871,  0.07529384,  0.02311443,  0.01375197, -0.08140115, -0.00848425, -0.04809154,  0.05155310,  0.04291903, -0.01760002,  0.04378864,  0.01113846,  0.07766463, -0.12421530,  0.00429224, -0.12283404,  0.14568185, -0.06413320,  0.10205674, -0.07800555,  0.10700426, -0.10063853,  0.06150609, -0.17366166,  0.23828301, -0.29730350,  0.24918355, -0.23813918,  0.35423909, -0.27311362,  0.17727964, -0.24356349,  0.22146019, -0.15358643,  0.07068799, -0.11215770,  0.10068476,  0.08802412, -0.15950127,  0.13766303, -0.07591450,  0.12447097, -0.24999182,  0.17547316, -0.05695189,  0.03685631
  0.04934023, -0.07028457,  0.03262277, -0.08879127,  0.04582309,  0.03718133, -0.04729043, -0.02193041,  0.05157617,  0.11936219,  0.07885760, -0.01515390, -0.23711388, -0.00242500,  0.04241840, -0.10661047, -0.15884089,  0.20897542,  0.21516426,  0.04256548, -0.13405489, -0.10234702,  0.00919790, -0.06905884,  0.03484163,  0.06726038, -0.13013700,  0.24191865, -0.06076045,  0.10399623, -0.04295018, -0.13507946, -0.06234711, -0.03820721,  0.27663273, -0.17887719,  0.14125579, -0.13708109,  0.32789381, -0.28122879,  0.11614315, -0.22789756,  0.21133281, -0.17648161,  0.01077550,  0.03784021,  0.10134753,  0.14592131, -0.31224707,  0.08695682
  0.01742864, -0.02936265, -0.04517408,  0.08234795, -0.10286779,  0.08399982,  0.02517086,  0.08391674, -0.15818012,  0.01153790,  0.13608193,  0.01963735, -0.20612350, -0.02115029,  0.01824178, -0.23447387,  0.20932909,  0.27567775,  0.06874932, -0.25923084,  0.02067747, -0.02327019, -0.03656459, -0.01845366,  0.22496137, -0.30258981,  0.11054747,  0.13078439,  0.15651625, -0.11427210, -0.17569600, -0.05330677, -0.08247830,  0.34218794, -0.08751801, -0.04920691, -0.09315088,  0.25298823, -0.12091738, -0.01760170, -0.10703082,  0.11740760, -0.16374114,  0.02680098,  0.01040168,  0.18078435, -0.03350338,  0.00572960, -0.23043790,  0.15440533
  0.03704051, -0.04635360, -0.04568714, -0.01291396,  0.03498235,  0.09137243, -0.02240153, -0.11356029,  0.02079633,  0.21337083,  0.14731513, -0.17473025, -0.45533855, -0.13253229,  0.40278540,  0.31277653, -0.10331416, -0.17051942,  0.00497396, -0.00203993, -0.01382214,  0.01425475, -0.09745661, -0.10834232,  0.09238833,  0.12336677,  0.12619918,  0.06531981, -0.13176830, -0.28144550, -0.01623091,  0.27931212,  0.07168579, -0.08652268, -0.10475796,  0.09367821,  0.08712703,  0.10982489, -0.11726349, -0.09647131, -0.08222323,  0.04884959,  0.03938893,  0.12241678, -0.00161169, -0.05156115, -0.04483142,  0.02853266, -0.03635190, -0.01769283
  0.01846472,  0.06386980, -0.01828111, -0.10299973, -0.00386198,  0.01281926,  0.04903224, -0.09308488, -0.08713490, -0.01199059,  0.24357017,  0.37800471, -0.00453602, -0.51669220, -0.26967467,  0.25696402,  0.10202513, -0.04575598,  0.04334220,  0.11063741, -0.06050421,  0.08899586,  0.03674480, -0.13939682, -0.21295376,  0.00412309,  0.00069504,  0.18464236,  0.21333022, -0.05521086, -0.25970586, -0.05194431,  0.14217731, -0.04184667, -0.05862115, -0.06859890, -0.00855594,  0.10254918,  0.13807037,  0.04239804, -0.06391887, -0.12523750, -0.06455999,  0.02683911,  0.06470401, -0.00252324,  0.04165093,  0.00549295,  0.06287870, -0.06645155
  0.09563747, -0.08721876,  0.08480900, -0.03495431, -0.10329985,  0.02915704, -0.03826526, -0.00936700,  0.00638676, -0.08825132,  0.06593051,  0.28934353,  0.08871974, -0.01616049,  0.17953785, -0.13437629, -0.44508878, -0.18209779,  0.33997029, -0.00630576,  0.03342794,  0.27263025, -0.01349889, -0.20527929,  0.12364176, -0.17668672, -0.19736883, -0.08310928,  0.13442247,  0.05575757,  0.08002319,  0.11714432, -0.19562834, -0.13070839, -0.13010834,  0.08098465, -0.13725862,  0.06464977,  0.03022550,  0.06414453,  0.08381413,  0.14330259, -0.13221590, -0.02988521, -0.10077247, -0.08130335,  0.08147572,  0.14357810, -0.03477556,  0.10519978
 -0.05456026,  0.10388353, -0.02446112, -0.07542059,  0.14631827, -0.16823106,  0.07493940,  0.10127436, -0.08747433, -0.24781863,  0.23415484,  0.08873851, -0.11896525, -0.03999144,  0.21889258, -0.09538814, -0.19797634,  0.29285418, -0.11640260, -0.26543405,  0.21635492,  0.20630385, -0.31226011,  0.24157383, -0.11618430,  0.02002000, -0.06567859,  0.04034211,  0.01559136, -0.07197216,  0.07096854, -0.02482698,  0.09702658, -0.13811065,  0.14314349, -0.13472458, -0.01315608,  0.04331633,  0.00742806, -0.03861643,  0.07230546, -0.05838310,  0.05014517,  0.03123438, -0.09946464,  0.03143255,  0.08297202, -0.23546480,  0.24956315, -0.07981257
 -0.11422749,  0.00632029,  0.09974308, -0.02911619,  0.08553021,  0.04634590, -0.11358844,  0.16746771,  0.17252452, -0.29161827, -0.37077416,  0.06373599,  0.05758711, -0.12435504,  0.06092023,  0.31581612, -0.02734102,  0.07696724,  0.18439043, -0.32506654, -0.37904390,  0.18442320,  0.08962175,  0.04869933,  0.15216267,  0.05830629,  0.03600220, -0.03895893, -0.01718703, -0.07875461, -0.06925675, -0.02929917,  0.16109397,  0.11301094,  0.09694383,  0.07348487, -0.10289889, -0.10353355, -0.02169573, -0.06802376, -0.03002129, -0.02707943,  0.02478201,  0.13148344,  0.04296709, -0.06025666,  0.06287792, -0.18200675, -0.12518920,  0.11614625
 -0.00536157,  0.04191943, -0.05103962,  0.03465322, -0.06789528,  0.09747189, -0.14837733,  0.23647891, -0.30286890,  0.26964620, -0.17895972,  0.21039859, -0.24926634,  0.29322704, -0.29009151,  0.26695992, -0.25297426,  0.17558794, -0.20922340,  0.17084033, -0.03812073,  0.09239383, -0.12051486, -0.01073626,  0.10279851, -0.11194794,  0.09634383, -0.15435888,  0.12376659, -0.04285954,  0.06009552, -0.07447484,  0.06450311, -0.03950128, -0.03753644,  0.04886425, -0.06949489,  0.06826162,  0.03659441, -0.09887777,  0.06492179,  0.00799281,  0.03031133, -0.08713734,  0.08059734, -0.11830462,  0.12016093, -0.05879026,  0.03993614, -0.01601763
 -0.08706896,  0.17273094, -0.10912503, -0.02542130,  0.17814163, -0.12128970, -0.16974127,  0.35311036, -0.08868682, -0.37829350,  0.24621743,  0.09996586, -0.23902309,  0.19831552,  0.08275969, -0.12215667,  0.10433275, -0.09425823, -0.09587226,  0.12655240, -0.14454160, -0.02276976,  0.33294415, -0.18970400,  0.04083259,  0.02076610, -0.08556140,  0.02064473,  0.01990408, -0.05190434, -0.04991439,  0.12696166,  0.05665315, -0.03845221, -0.09855564,  0.06822921,  0.02854826, -0.16855899,  0.08005660,  0.03314222, -0.07507209,  0.08310690,  0.06581780, -0.16949024,  0.13031047,  0.03319922, -0.19744789,  0.05364932,  0.06440563,  0.00161073
 -0.03102438,  0.08038178, -0.13934643,  0.13397216,  0.06037412, -0.26897706,  0.21932569,  0.10970975, -0.33602246,  0.11699953,  0.24903615, -0.38651480,  0.19820595,  0.07271667, -0.19532660,  0.09070003,  0.05392389, -0.10595518,  0.20860246, -0.14466101, -0.17174568,  0.27348674, -0.06561870, -0.07764469,  0.05424550, -0.04412003,  0.02212170,  0.13192345, -0.13389065, -0.03224816,  0.09350290, -0.01490752,  0.00826854, -0.08675581,  0.09627110,  0.07368086, -0.12621678, -0.03248925,  0.13598164, -0.08809071,  0.02783891,  0.01779412, -0.12646443,  0.09518367,  0.11891170, -0.17218446,  0.00417195,  0.09294302, -0.04174731, -0.01831381
  0.01267692, -0.09527145,  0.25385437, -0.19737594, -0.07414747,  0.26406686, -0.27340262,  0.02786544,  0.05876650, -0.05275579,  0.16415491, -0.01129622, -0.10288306,  0.09846631, -0.16426612, -0.02080958,  0.22972901, -0.11705988,  0.00508302, -0.18253702,  0.13769848,  0.27647699, -0.22022699, -0.11915318, -0.05862536,  0.18492763,  0.01983569,  0.00869179, -0.13513863, -0.00232195,  0.27865961, -0.21178723, -0.05677108,  0.19521257, -0.13885914,  0.00946811,  0.00564821, -0.08034608,  0.21600041,  0.03302574, -0.25642252,  0.06674672,  0.08652432,  0.02601777, -0.04673538, -0.08426608,  0.03691379,  0.07352248,  0.02603647, -0.09361124
  0.00748570, -0.03668208,  0.16879228, -0.36454607,  0.38417754, -0.18854511, -0.04391362,  0.11874310, -0.06730783,  0.06300263, -0.01957587, -0.03590036,  0.01221560,  0.04010385, -0.13074562,  0.20576141, -0.11365192, -0.05632372,  0.07664863, -0.11653174,  0.32958508, -0.31011314,  0.03930699,  0.00063018,  0.08644419,  0.01435206, -0.11622363,  0.07271063, -0.11182691,  0.21659775, -0.12201800, -0.11003574,  0.16897696, -0.03477117, -0.12604892,  0.14573792, -0.11522436,  0.11693399, -0.01007200, -0.09939220, -0.01643941,  0.17102987, -0.12660215,  0.06528274, -0.13968711,  0.14621820, -0.04810612,  0.05128056, -0.09692075,  0.05518504
  0.05833873, -0.03126327, -0.05957328, -0.07645060,  0.11069160,  0.07935536, -0.17241702,  0.07960688,  0.09067294, -0.05167859,  0.11706022, -0.18087319,  0.05759116,  0.01602452, -0.05185254,  0.01707037,  0.02255322, -0.22135910,  0.20399699,  0.30958501, -0.22730871, -0.03475977, -0.34416317,  0.35464732,  0.06353976, -0.10723240, -0.21174316,  0.14117429,  0.21062979, -0.17201383,  0.05007192, -0.17112896,  0.08070024,  0.03593124, -0.12574701,  0.02935628,  0.20198432, -0.02622398, -0.15351511, -0.00300572,  0.07791655,  0.09626186, -0.09433282, -0.15536271,  0.05570863,  0.14165648,  0.08597340, -0.16552484,  0.00830139,  0.04112452
  0.10049300, -0.28847248,  0.30266393, -0.19186973,  0.10584601, -0.09210838,  0.11077236, -0.01776029,  0.01168255, -0.05078526,  0.06257192, -0.01389068, -0.17932329,  0.26429384, -0.15760169, -0.07886523,  0.09592038,  0.06169871, -0.01702459,  0.11357670, -0.23242171,  0.00001127,  0.12513503,  0.00068585, -0.19734464,  0.22762956, -0.09344772, -0.03933358,  0.20783357, -0.23073822,  0.04100584,  0.11809433, -0.14630643, -0.06826417,  0.24594938, -0.04157955, -0.13755231,  0.18471817, -0.16765112,  0.07272438,  0.06661107, -0.05719667, -0.18441801,  0.26028595, -0.07046257, -0.04845832,  0.06147870, -0.00052640, -0.04267621,  0.00440233
  0.12756969, -0.21883830,  0.04000281,  0.09379169, -0.07514732,  0.07467598, -0.15524690,  0.14588675, -0.06374858,  0.12759144, -0.08051913,  0.11786644, -0.12369899, -0.03129455,  0.09986321, -0.19610652,  0.00596616,  0.05417196,  0.27479240, -0.14645237, -0.01489304, -0.17910435,  0.03770646,  0.29403874, -0.36423556, -0.05465513,  0.19885319,  0.10245808, -0.10027254,  0.01306182, -0.04623348, -0.01436268,  0.10110360, -0.18730195, -0.01646025,  0.29707089, -0.09457409, -0.13914179,  0.10815853,  0.05213971, -0.00800989,  0.02955328, -0.20806179, -0.00137885,  0.27704642, -0.09383494, -0.08582962,  0.03427743,  0.11858394, -0.12682940
  0.04955956, -0.09729185,  0.06486031, -0.03377553,  0.02393806, -0.03296714,  0.08840182, -0.21688629,  0.30126402, -0.25591345,  0.24678241, -0.15702891,  0.04137135, -0.00939071, -0.06659857,  0.11164059, -0.24043067,  0.33326631, -0.22637585,  0.18616973, -0.13050131,  0.04520434, -0.07803449,  0.06869799, -0.00687427, -0.17972414,  0.28463347, -0.14577438,  0.02760509,  0.01500922,  0.01481624, -0.07600446,  0.04898926,  0.00142248, -0.12390868,  0.21971144, -0.08092887, -0.10600840,  0.18102925, -0.07620558, -0.04059074,  0.09141933, -0.12009350,  0.02858883,  0.05138085,  0.04468823, -0.16832199,  0.21362941, -0.11489218,  0.00044236
 -0.04780942,  0.08953980, -0.01785616, -0.02811444, -0.02553233,  0.13717511, -0.22586531,  0.16631961, -0.06097097, -0.01350503,  0.06683068, -0.13695103,  0.15470049, -0.19005274,  0.23137984, -0.18936788,  0.20284288, -0.06647547, -0.19055553,  0.14429358,  0.03147733,  0.03636525, -0.09693233,  0.04974234, -0.08589328,  0.19401686,  0.01337442, -0.27643678,  0.13049035,  0.11833261, -0.13138545, -0.01477804,  0.14033037, -0.14571463,  0.06259634,  0.07293067, -0.28113164,  0.24725513,  0.06011616, -0.26980198,  0.10997478,  0.04063060,  0.00115944, -0.00130722,  0.02594907, -0.17545557,  0.15809893,  0.08639724, -0.24695610,  0.14652786
 -0.04242723,  0.14583484, -0.20152225,  0.16297746, -0.10018111,  0.05727678,  0.01906806, -0.17420671,  0.25457132, -0.20021855,  0.09961042,  0.05325421, -0.23093247,  0.28016311, -0.22714890,  0.09778271,  0.08671600, -0.18786865,  0.16252806, -0.11427325,  0.17612488, -0.11360392, -0.06957633,  0.07968531, -0.01317152,  0.01686628,  0.04226201, -0.12563085,  0.05883396,  0.14931807, -0.24925672,  0.16299188, -0.03945633, -0.06414416,  0.10379890, -0.10226812,  0.07759455, -0.07006364,  0.15521701, -0.20156288,  0.02541101,  0.18504955, -0.22374455,  0.12402833, -0.00719153, -0.12889379,  0.22050848, -0.12579708, -0.01551511,  0.03118377
 -0.03843148,  0.05699554,  0.02069307, -0.12125205,  0.19035327, -0.23704618,  0.27998598, -0.21728120,  0.05124555,  0.09442669, -0.23513940,  0.26650642, -0.20453025,  0.06128412,  0.10795812, -0.18287024,  0.20049203, -0.10391089, -0.05484631,  0.10367698, -0.12688332,  0.21697677, -0.21047720,  0.06162316,  0.08054271, -0.06438107,  0.03597059, -0.00914751, -0.09756575,  0.13463087, -0.01130654, -0.13898695,  0.19156218, -0.13488286,  0.07987408, -0.04814871,  0.01002565,  0.00774430, -0.04549734,  0.13147994, -0.25614798,  0.22027052, -0.01196286, -0.13901045,  0.16263262, -0.13123612,  0.02406140,  0.10631837, -0.14605736,  0.06967281
