 -0.02672025, -0.03186301, -0.03743863, -0.04316704, -0.04895780, -0.05485513, -0.06127743, -0.06818493, -0.07526398, -0.08199167, -0.08817501, -0.09374811, -0.09897327, -0.10388880, -0.10838895, -0.11293001, -0.11683228, -0.12035772, -0.12378511, -0.12713093, -0.13057543, -0.13436700, -0.13827775, -0.14245611, -0.14537969, -0.14831963, -0.15123803, -0.15408390, -0.15680719, -0.15934933, -0.16194895, -0.16439373, -0.16686886, -0.16911512, -0.17084720, -0.17192680, -0.17308927, -0.17436987, -0.17574102, -0.17728849, -0.17860221, -0.18001598, -0.18151957, -0.18308852, -0.18443749, -0.18571051, -0.18696624, -0.18835222, -0.18955799, -0.19108471
  0.14543683,  0.16257617,  0.18170687,  0.19956502,  0.21513656,  0.22800046,  0.23781428,  0.24271550,  0.24304490,  0.23961224,  0.23302802,  0.22358134,  0.21175883,  0.19822009,  0.18309106,  0.16728825,  0.15062218,  0.13386010,  0.11759614,  0.10195047,  0.08712734,  0.07361690,  0.06110124,  0.04978072,  0.03759632,  0.02584916,  0.01506403,  0.00490831, -0.00473229, -0.01437974, -0.02337226, -0.03219350, -0.04062255, -0.04899068, -0.05760970, -0.06663836, -0.07514436, -0.08335602, -0.09093603, -0.09782267, -0.10465422, -0.11093855, -0.11648246, -0.12175064, -0.12708898, -0.13238437, -0.13755781, -0.14235329, -0.14700173, -0.15119522
  0.37984211,  0.40029525,  0.37975176,  0.33533434,  0.27132862,  0.19162928,  0.10807493,  0.04211956, -0.00744527, -0.04974177, -0.08815289, -0.12153917, -0.14632677, -0.16351983, -0.17171346, -0.17000381, -0.16293653, -0.15276868, -0.14073844, -0.12773052, -0.11324940, -0.09852858, -0.08420588, -0.07060409, -0.05887233, -0.04490337, -0.03449727, -0.02659090, -0.02103642, -0.01397500, -0.00836216, -0.00284270,  0.00292280,  0.00848297,  0.01325799,  0.01727845,  0.02244850,  0.03116996,  0.03972611,  0.04810377,  0.05596075,  0.06252744,  0.06589854,  0.06921885,  0.07141688,  0.07308592,  0.07440853,  0.07514986,  0.07380804,  0.07439139
 -0.59412002, -0.30157161, -0.07156257,  0.12612074,  0.25740923,  0.28447211,  0.21625520,  0.16722715,  0.15869532,  0.15678041,  0.13641374,  0.09258410,  0.04111804, -0.02048611, -0.07573113, -0.10860610, -0.12795593, -0.13884256, -0.14274155, -0.14082113, -0.12951412, -0.11761239, -0.10577421, -0.09564357, -0.08607873, -0.05425084, -0.03139221, -0.01539816, -0.01280214, -0.00282117, -0.00229555, -0.00348580, -0.00642897, -0.01012281, -0.01782762, -0.03110762, -0.04851921, -0.04710703, -0.03977934, -0.02418418,  0.00295113,  0.03441926,  0.04947440,  0.06513747,  0.07999996,  0.09616292,  0.11035849,  0.11820552,  0.10685658,  0.09334803
 -0.18845162, -0.08422261,  0.01108011,  0.09265478,  0.13676853,  0.13057003,  0.07874207,  0.02198980, -0.02647049, -0.06661204, -0.09858218, -0.12059700, -0.12802400, -0.12014742, -0.09022756, -0.04317110,  0.01799804,  0.08275556,  0.14282112,  0.18734243,  0.20704921,  0.19140289,  0.14433054,  0.07461500,  0.00868158, -0.04748587, -0.09740514, -0.13936703, -0.17096000, -0.18346792, -0.18236842, -0.16425408, -0.13647435, -0.09633097, -0.04208596,  0.02565779,  0.09344498,  0.16074543,  0.21438158,  0.24852920,  0.26069718,  0.24154387,  0.18605447,  0.10720723,  0.01898228, -0.06649549, -0.14239529, -0.19914824, -0.22785488, -0.22670512
  0.08247182,  0.02404485, -0.02093625, -0.07473917, -0.10690374, -0.08387122,  0.00184475,  0.07365615,  0.10278750,  0.09254326,  0.05868956,  0.01152268, -0.03773122, -0.07580872, -0.10792738, -0.12222214, -0.13074100, -0.12160366, -0.08610999, -0.03183745,  0.03489148,  0.11651768,  0.19452183,  0.26608821,  0.27342509,  0.24373359,  0.20082301,  0.14371158,  0.08075845,  0.00457595, -0.06050086, -0.12081338, -0.16883863, -0.20956218, -0.24437709, -0.27084681, -0.25913815, -0.22021185, -0.15373170, -0.06771199,  0.00917716,  0.08135555,  0.15310983,  0.20176147,  0.20890878,  0.17402196,  0.10517879,  0.02356843, -0.05707332, -0.11630254
  0.02775632,  0.03140686,  0.01451857, -0.03481110, -0.08567212, -0.09471559, -0.03872594,  0.04560645,  0.11779583,  0.14715273,  0.12229607,  0.04764943, -0.04861077, -0.12961712, -0.17197111, -0.15358951, -0.09049440, -0.00121906,  0.09092109,  0.15323582,  0.16886996,  0.14382929,  0.08557400,  0.01599506, -0.08797091, -0.18946265, -0.25006306, -0.25111663, -0.18358709, -0.06567759,  0.08145458,  0.21254918,  0.29234062,  0.29605775,  0.21865825,  0.07723760, -0.07141326, -0.18478630, -0.23154475, -0.20147852, -0.12224179, -0.01437602,  0.09687235,  0.17305038,  0.18312052,  0.12584815,  0.02663998, -0.06653075, -0.12034704, -0.11070535
 -0.01014854,  0.00189070,  0.02263031,  0.04253592,  0.03138616, -0.01897192, -0.08044113, -0.10208296, -0.06928210,  0.00488309,  0.09079028,  0.15251243,  0.15958253,  0.10532888,  0.01190308, -0.09198444, -0.16183928, -0.18151968, -0.14670255, -0.06797574,  0.02897856,  0.11437477,  0.17226678,  0.19407987,  0.19370706,  0.13950354,  0.03374680, -0.09959663, -0.22199535, -0.29327037, -0.29601885, -0.22152565, -0.09362881,  0.05619745,  0.18963950,  0.26809569,  0.26023731,  0.17635601,  0.04487379, -0.08800833, -0.17717159, -0.20820722, -0.17569365, -0.09035027,  0.01788113,  0.10695659,  0.14310901,  0.11633027,  0.04893904, -0.03128929
  0.22205549, -0.02621794, -0.31195458, -0.24171606,  0.11439919,  0.35052842,  0.23211293, -0.01459787, -0.19465749, -0.22746496, -0.10788972,  0.07983230,  0.19632637,  0.13331122, -0.02575232, -0.13945940, -0.10598092,  0.01675024,  0.09006611,  0.05417097, -0.03027168, -0.09264401, -0.09923473, -0.09157311, -0.00869463,  0.08443294,  0.07273449, -0.00729426, -0.05799497,  0.01623479,  0.09668125,  0.10915730,  0.03095033, -0.07552146, -0.10577130, -0.01268571,  0.12149896,  0.17335778,  0.04755905, -0.15342755, -0.22725832, -0.11179895,  0.09917039,  0.25517756,  0.23218109,  0.06712447, -0.08879641, -0.14780915, -0.11606297, -0.05543868
 -0.10148410,  0.05450240,  0.11416291,  0.01592820, -0.09382353, -0.06201409,  0.06207129,  0.11728531,  0.03554749, -0.11093347, -0.19050450, -0.12557661,  0.05014576,  0.20051963,  0.19763359,  0.04055269, -0.13528782, -0.17001646, -0.02720905,  0.15076721,  0.19438710,  0.05537910, -0.15297874, -0.26044874, -0.19614848,  0.00335464,  0.18660743,  0.19977798,  0.04785397, -0.11981476, -0.13978059, -0.00417983,  0.14296659,  0.16342385,  0.03499921, -0.12319110, -0.16451281, -0.04223060,  0.12636400,  0.17456140,  0.04399893, -0.13927219, -0.19920688, -0.06609712,  0.16012995,  0.28842775,  0.20128348, -0.02057778, -0.20034045, -0.21866014
  0.12285965, -0.07428868, -0.15639782, -0.03305111,  0.12299805,  0.12774070,  0.02984774, -0.01508119, -0.01413913, -0.04258942, -0.09707900, -0.12329856, -0.07460229,  0.03110985,  0.13457752,  0.15045661,  0.05008659, -0.10802798, -0.18735691, -0.10059322,  0.10776648,  0.26065947,  0.19816767, -0.04934899, -0.26042497, -0.26878142, -0.07039918,  0.17841601,  0.29856150,  0.21091527, -0.03336394, -0.22549910, -0.21453413, -0.02536469,  0.18092741,  0.23445152,  0.10904801, -0.09390399, -0.22950690, -0.19214030, -0.03964176,  0.07988480,  0.10128549,  0.04942737,  0.00189446,  0.02186165,  0.07628822,  0.06656612, -0.04043627, -0.16294289
 -0.09000869, -0.09370791,  0.15366084,  0.28449622,  0.12231423, -0.12944598, -0.21786132, -0.22474057, -0.19177618, -0.07937954,  0.07607637,  0.18673450,  0.15799352,  0.06000537, -0.02486315, -0.10496652, -0.08644075, -0.00994369,  0.07092124,  0.12099984,  0.06843168, -0.08115174, -0.20633559, -0.20960115,  0.02673538,  0.19113361,  0.24923174,  0.20090059,  0.10513388, -0.02458245, -0.10134412, -0.07591980,  0.00507044,  0.08670194,  0.13599199,  0.13404006,  0.01663632, -0.16157737, -0.22799761, -0.14731974,  0.04262371,  0.18673207,  0.22295300,  0.11782895, -0.02111387, -0.12717413, -0.17776102, -0.18280537, -0.07562234,  0.02836197
  0.21921449,  0.03332463, -0.28220748, -0.29807254, -0.01565728,  0.20417842,  0.17510693,  0.10959687,  0.08032027,  0.03301209, -0.02036676, -0.03034535,  0.01282839,  0.01077893, -0.05605786, -0.10097400, -0.11045536, -0.05869497,  0.00388112,  0.03210723,  0.03795431,  0.02929120, -0.00259982, -0.03413670, -0.04118274,  0.08228689,  0.15094664,  0.08344561, -0.10058861, -0.22877134, -0.23605329, -0.10212111,  0.11682821,  0.25492373,  0.19513320, -0.02022885, -0.18565205, -0.18272469, -0.06480480,  0.09631536,  0.19931821,  0.18741457,  0.04823591, -0.11510106, -0.23895148, -0.23948891, -0.08709314,  0.11382815,  0.19022985,  0.16792699
 -0.14414428,  0.29298115,  0.18201092, -0.24324161, -0.38755953, -0.12133398,  0.10019589,  0.17449441,  0.18750505,  0.16614493,  0.08518974,  0.00846726,  0.04310694,  0.10120078,  0.07370365,  0.00080807, -0.10892726, -0.12775956, -0.07302132, -0.04765075, -0.07854754, -0.10822000, -0.06836298, -0.01996968, -0.13172360, -0.11955963, -0.03509734,  0.07497126,  0.06468418, -0.01135216, -0.09228329, -0.15850546, -0.15437662, -0.04487220,  0.07895770,  0.13532314,  0.12242379,  0.13444580,  0.10346088,  0.00514673, -0.05837305,  0.03981303,  0.15034912,  0.22481618,  0.14856202, -0.07990240, -0.27775876, -0.22060163, -0.01035689,  0.21483910
  0.19004437, -0.00542520, -0.14930156, -0.10412800, -0.01619920, -0.04671219, -0.08863569, -0.05834253,  0.03453047,  0.13528445,  0.21601969,  0.22028940,  0.13117709,  0.05227048,  0.04425548,  0.03853678,  0.04479417, -0.06543396, -0.22629316, -0.31898789, -0.27608089, -0.15332895, -0.08332092, -0.07724553,  0.02870737,  0.00769165, -0.03390904, -0.09074542, -0.05899841,  0.02983938,  0.06579076,  0.06185835,  0.04031549,  0.03948550,  0.07990294,  0.08988743,  0.03981493, -0.00667486,  0.04726844,  0.21644674,  0.33230671,  0.20990928,  0.04751110, -0.03650463,  0.01166364,  0.10590503,  0.08921482, -0.10542092, -0.30289870, -0.36830509
 -0.09344956,  0.20725019,  0.14775275, -0.12244906, -0.16955361,  0.03407520,  0.10163424, -0.00547365, -0.11339054, -0.11091536, -0.02419128,  0.06207152,  0.09148154,  0.06754771,  0.07500851,  0.10634024,  0.19837572,  0.24840157,  0.21042527,  0.06289696, -0.09360347, -0.14700999, -0.11219846, -0.11834442, -0.08737149, -0.06078558, -0.03905168, -0.10208151, -0.20418073, -0.20181094, -0.13039897, -0.07407465, -0.13351182, -0.16825310, -0.07813751,  0.05128443,  0.01986389, -0.08676040, -0.20911900, -0.18075327,  0.05339048,  0.22683278,  0.16616021,  0.02220993,  0.00494298,  0.15516469,  0.29522569,  0.30788238,  0.15887101, -0.15628458
  0.29152100, -0.21908521, -0.18948745,  0.19760012,  0.15623592, -0.27361304, -0.23015603,  0.08547057,  0.21421423,  0.07942428, -0.02384548,  0.02617742,  0.10547348,  0.15946229,  0.11585174,  0.06584812,  0.06038649,  0.04118998, -0.00713817, -0.01865233,  0.00217530, -0.01104263, -0.11379535, -0.12983441, -0.08795661, -0.14824222, -0.15032373, -0.10651314, -0.03180222, -0.12870431, -0.23132769, -0.17533226,  0.03397956,  0.03255721, -0.15246622, -0.23723255, -0.01713296,  0.10110038,  0.11247788,  0.05647131, -0.07057935, -0.07815559,  0.20827712,  0.30532678,  0.09522937, -0.08186982,  0.03022236,  0.15894343,  0.13732992,  0.08366373
 -0.04286435, -0.04315131,  0.06223978,  0.05119635, -0.10031360, -0.14973143,  0.03129538,  0.22404986,  0.15138028, -0.06187202, -0.10276988, -0.01012293,  0.08271781,  0.01218382, -0.16723610, -0.15839149, -0.10365985, -0.06167078, -0.00533466, -0.04701943, -0.05707334,  0.00657968,  0.05445366,  0.13036030, -0.07822272, -0.08985714,  0.15945821,  0.22951223,  0.08137199, -0.07233071,  0.01288560,  0.23062146,  0.21118946, -0.00633263, -0.12497970, -0.04157097,  0.23084844,  0.28451631,  0.00398910, -0.16246133, -0.12981167,  0.10275246,  0.21173713, -0.06885562, -0.33890062, -0.22015764,  0.07575083,  0.19182164, -0.11928783, -0.30237989
  0.16571852, -0.16901442, -0.09511972,  0.10535208, -0.08435353, -0.19288965,  0.15659713,  0.29027734,  0.03966271, -0.04510081,  0.00329737,  0.04683634,  0.00879601, -0.14513763, -0.11892229,  0.06957631,  0.00551826,  0.08140244, -0.07099232, -0.03669402,  0.16116021,  0.04297118, -0.03694782, -0.10413322, -0.23006623,  0.21986550,  0.07576517, -0.07919170, -0.09719774, -0.10364036,  0.09902096,  0.00608450, -0.12417988, -0.10549123, -0.12676194,  0.11172941,  0.29650367, -0.13291574, -0.11368600,  0.05783134, -0.03970697,  0.10807572, -0.03883654, -0.15925644,  0.00048551,  0.08533404,  0.20113852, -0.10210679, -0.28525837,  0.41446438
 -0.12934878,  0.20547952,  0.00701845, -0.12410912,  0.21161546,  0.00894111, -0.16905589, -0.09152938, -0.14880915,  0.07335341,  0.03168498, -0.04547701,  0.13419069,  0.01232121,  0.04061282,  0.13928587, -0.19836586,  0.05303147,  0.09650757, -0.13695095,  0.04649624, -0.03280731,  0.05608598,  0.21978497, -0.28238353,  0.05429970,  0.07474538, -0.18184766,  0.16754189, -0.09263037,  0.00267221,  0.14001889, -0.19337300,  0.20547523,  0.02893912, -0.33621352,  0.13735036, -0.03118079, -0.07145160,  0.13535245, -0.13578467,  0.14549657, -0.00199080, -0.11793777,  0.23903169, -0.16111400, -0.08180649,  0.23808668, -0.18217046,  0.03888678
  0.08137059, -0.15441280,  0.09931639, -0.02691458, -0.06355668,  0.07430318, -0.07705012,  0.12688743,  0.02140527, -0.11991197,  0.13888451, -0.05437271, -0.02787394,  0.05959709, -0.15341747,  0.12789661,  0.03842405, -0.15141063,  0.14773755, -0.06928146, -0.00280033,  0.13703295, -0.15143294,  0.00831033,  0.02100977, -0.13069475,  0.27388532, -0.18053146, -0.13220422,  0.24500834, -0.20079667,  0.08922249,  0.01179770, -0.22244078,  0.24017268, -0.12761584,  0.00910561,  0.18284664, -0.27280145,  0.14373914,  0.06186041, -0.18384375,  0.22523394, -0.21821700,  0.04541738,  0.21622368, -0.23725228,  0.08523571,  0.01034605,  0.04098211
  0.06252058, -0.16332676,  0.12847493,  0.02994644, -0.11599723,  0.13102797,  0.08541262, -0.05859580, -0.18646516, -0.03331357,  0.03728000, -0.08061653,  0.12376239,  0.07657010, -0.00683827,  0.10465426,  0.03874626,  0.00363461, -0.14174935, -0.06636803,  0.11173071, -0.10207907, -0.06676216,  0.17883582,  0.13927511, -0.10080503, -0.25801864,  0.07343261,  0.17242593, -0.15498736, -0.22431784,  0.25924845,  0.08058574, -0.18196217,  0.10971206,  0.10979283, -0.16524385, -0.27044801,  0.18710546,  0.23190729, -0.32766769,  0.03827948,  0.27832208, -0.06189115, -0.04923789, -0.02217070,  0.08656570, -0.01091064, -0.11963245,  0.09302895
  0.04189929, -0.03137820,  0.00120271,  0.05879871,  0.05155342,  0.01367248, -0.10508994, -0.12728053, -0.02019741, -0.05974873, -0.00815790,  0.15456395,  0.09053137,  0.03355596,  0.01837939,  0.13883247,  0.06291646, -0.16618949, -0.10787804,  0.09018605, -0.03369283, -0.00726480,  0.16741613,  0.15170825, -0.19846426, -0.25969763,  0.10423271,  0.19996078, -0.31856925, -0.19359549,  0.25296670,  0.05895728, -0.13238828, -0.03161726,  0.11509900, -0.18356428, -0.29624665,  0.18068972,  0.16495529, -0.22096489, -0.00983107,  0.21803104,  0.07805844, -0.10853483, -0.05743591,  0.18208007,  0.01107015, -0.16029197, -0.01196995,  0.22206993
 -0.07813448,  0.13247022, -0.09572029,  0.20460328, -0.16921618,  0.09461831,  0.08184067, -0.19761794, -0.11064398, -0.10400666,  0.10825296,  0.07548358, -0.11904745,  0.24733023,  0.00801278,  0.08418826, -0.10091488, -0.04418998,  0.05486652, -0.06865851, -0.06372984,  0.03933746,  0.10668023,  0.19545876, -0.26395894,  0.15621941, -0.19903636,  0.06915631, -0.08778808,  0.07293108,  0.04480273, -0.23222444,  0.30507861,  0.04712958, -0.24669848,  0.06868288, -0.13043913,  0.07775510, -0.18675705,  0.13398721,  0.09691175, -0.15992966,  0.14139704,  0.09157048, -0.15177708,  0.05215542, -0.06450149,  0.16473276, -0.23475583,  0.15570759
 -0.05998098,  0.19688871, -0.19334457, -0.01812938,  0.15802321, -0.10748650, -0.03326196, -0.08971288,  0.21847813,  0.09688118, -0.20658658,  0.09091514, -0.02535805,  0.03728300, -0.17940135, -0.06157080,  0.15273681, -0.00809052,  0.09676689, -0.14757510,  0.14093126,  0.08871467, -0.20206970,  0.00801667, -0.03326266,  0.09701842, -0.02631872, -0.00581343,  0.22851139, -0.30027908,  0.07920277,  0.17094065, -0.16752113, -0.08499170, -0.04710790,  0.31063283, -0.19229557,  0.02257533,  0.09066068, -0.10416998,  0.12107924, -0.20182148,  0.13558822, -0.12593498, -0.00845708,  0.21703800, -0.24170715,  0.16381042, -0.05678019,  0.00609149
 -0.01317194,  0.00450793,  0.09856020, -0.13149010,  0.12331248, -0.05073522,  0.02391664, -0.04205764, -0.22800844,  0.20028539, -0.02011190,  0.00772889, -0.00449776,  0.08087860,  0.09537318, -0.12601102,  0.08228750, -0.10222014,  0.04475415,  0.02745098, -0.18526614,  0.21579266,  0.02096831,  0.09987602, -0.17200341, -0.11022297,  0.23210180, -0.22537775,  0.05057107,  0.09301488, -0.21584795,  0.15127175,  0.00525779,  0.09139665, -0.24001972, -0.01116186,  0.15470648, -0.26980434,  0.20889025, -0.09154644,  0.08008799, -0.07701049,  0.05761909,  0.17260833, -0.36356406,  0.25362469,  0.02078501, -0.14093509,  0.01546390,  0.11339339
 -0.04301969,  0.13201408, -0.02964577, -0.07365031,  0.05346541,  0.14778902, -0.27061424, -0.21659693,  0.17269952,  0.22125243,  0.01942841, -0.20750938,  0.13070843,  0.14600064, -0.11663657, -0.16941362, -0.06950291,  0.27497308,  0.01180150, -0.11667372, -0.05196237,  0.20977221,  0.19262167, -0.26087505, -0.09281317,  0.01212379, -0.01558261,  0.14457151, -0.00637645, -0.05613773, -0.11621838,  0.05129231,  0.25292648, -0.33213131, -0.05528985, -0.02741741,  0.06344706,  0.07246712, -0.10131127,  0.08636061, -0.09332149,  0.13592899, -0.07599755, -0.11629817,  0.02714325,  0.09824080,  0.09041803, -0.20751925,  0.06627061,  0.11731509
 -0.03070126,  0.07315237, -0.07809145,  0.07312453, -0.06619230,  0.11253392, -0.19768074,  0.16024164, -0.02666017,  0.01127583, -0.14266321,  0.09958190,  0.05324267, -0.04476227, -0.04418799,  0.03335434, -0.00060588,  0.11540003, -0.20684999,  0.12504799, -0.06298020,  0.17855352, -0.22383636,  0.08856884, -0.00627240,  0.09574986, -0.21195561,  0.26870915, -0.22650115,  0.12863530, -0.12616338,  0.20594419, -0.12016034, -0.07893752,  0.12915680, -0.08808233,  0.11456945, -0.09545909, -0.02295525,  0.03964868, -0.00688121,  0.12417798, -0.30516474,  0.28959702, -0.14178116,  0.14390613, -0.26776138,  0.24689959, -0.08956621,  0.00083000
  0.08777246, -0.16624545,  0.00338567,  0.15787077, -0.15509086, -0.04917165,  0.17887062,  0.00559084, -0.03130523,  0.07581352, -0.06479489, -0.06385478, -0.00754340,  0.00868932,  0.04955169,  0.06483683, -0.10642225,  0.01674318,  0.05487295, -0.05903345, -0.13747766,  0.08346651, -0.00771375, -0.02328155, -0.10212122,  0.36184186, -0.21521152, -0.14823454,  0.14236458,  0.09486327, -0.13211614, -0.04821194,  0.04607682,  0.14354667,  0.00969616, -0.07440526, -0.07085254,  0.13785037,  0.14611095, -0.23615136, -0.15675584,  0.36118368,  0.01499402, -0.25545605,  0.03235142,  0.28753758, -0.25086057, -0.06318849,  0.19287126, -0.13532937
  0.04089801, -0.17640302,  0.25602348, -0.09548433, -0.04354631,  0.03684588,  0.11194453, -0.11532299, -0.03236916, -0.06398342, -0.05116511,  0.03423062,  0.07906888,  0.10690522, -0.01098989,  0.01268670,  0.11082891, -0.01918292, -0.20562160, -0.13983635,  0.10145882,  0.15952391, -0.00152895,  0.03250375,  0.02784304, -0.05077094, -0.16768089,  0.14720381, -0.08447841, -0.04667415, -0.15738214,  0.19850223,  0.09078676,  0.09340903, -0.27424877, -0.07521308,  0.14631451, -0.03233945, -0.04257986, -0.27577531,  0.42594852, -0.06642393, -0.03451078, -0.14842416,  0.36122442, -0.19434386, -0.11182826,  0.01879443,  0.03504877,  0.09535640
  0.00703908, -0.04707462,  0.05652160,  0.03412751, -0.10505435,  0.07621549,  0.02338413,  0.01197887, -0.08143024, -0.00847250, -0.04879886,  0.05084155,  0.04268739, -0.01578303,  0.04402261,  0.01134986,  0.07915575, -0.12306243,  0.00237956, -0.12474964,  0.14577986, -0.06279289,  0.10250170, -0.07769549,  0.10714519, -0.10130060,  0.06008658, -0.17092649,  0.23606206, -0.29823037,  0.24722097, -0.23629946,  0.35571633, -0.27251520,  0.17539805, -0.24503176,  0.22378692, -0.15490092,  0.07094603, -0.11592863,  0.10567163,  0.08612045, -0.15862826,  0.13623811, -0.07190714,  0.12279868, -0.25036246,  0.17560330, -0.05796544,  0.03923905
  0.04962779, -0.06913541,  0.03009110, -0.08788724,  0.04498321,  0.03584758, -0.04711397, -0.02028945,  0.05165928,  0.11955761,  0.08108046, -0.01270622, -0.23718730, -0.00497468,  0.04170966, -0.10830732, -0.16292182,  0.20772810,  0.21836788,  0.04618663, -0.13400946, -0.10345419,  0.00796278, -0.06980563,  0.03451358,  0.06830667, -0.13078610,  0.24064476, -0.05812458,  0.10755930, -0.04166334, -0.13631875, -0.06626673, -0.03817127,  0.27831509, -0.17709945,  0.13851560, -0.13515075,  0.32924953, -0.27786838,  0.11197054, -0.22691551,  0.21098500, -0.17715893,  0.00693603,  0.03837442,  0.10262528,  0.14685501, -0.31176719,  0.08368444
  0.01718171, -0.02940331, -0.04537836,  0.08257933, -0.10266541,  0.08330682,  0.02556430,  0.08531236, -0.15720707,  0.01070050,  0.13465915,  0.01881422, -0.20568784, -0.02126734,  0.01758900, -0.23393337,  0.21089247,  0.27704937,  0.06885971, -0.25977388,  0.01966476, -0.02383938, -0.03642982, -0.01786517,  0.22532964, -0.30137768,  0.11081640,  0.13037874,  0.15629747, -0.11389257, -0.17625241, -0.05482480, -0.08235638,  0.34281977, -0.08633103, -0.04964500, -0.09328703,  0.25218378, -0.12071676, -0.01861635, -0.10779038,  0.11687966, -0.16330643,  0.02637570,  0.01062915,  0.18104651, -0.03351829,  0.00476946, -0.23073695,  0.15383768
  0.04175917, -0.04380981, -0.04665149, -0.02068116,  0.03019323,  0.09196746, -0.01806095, -0.12020201,  0.01295501,  0.21261039,  0.17121630, -0.13876280, -0.45424472, -0.17114817,  0.38578128,  0.32310739, -0.10797920, -0.17856134,  0.01617576,  0.01000181, -0.01331045,  0.02456472, -0.09688446, -0.12380361,  0.07969003,  0.11901561,  0.12031624,  0.07717196, -0.10991398, -0.28096264, -0.03241936,  0.27699421,  0.07407557, -0.09254138, -0.11202039,  0.08995056,  0.08342564,  0.12095654, -0.10506971, -0.09104332, -0.08577051,  0.04345100,  0.03040892,  0.12076497, -0.00120457, -0.05317497, -0.04054647,  0.03477232, -0.03244186, -0.02344240
  0.01215126,  0.06964569, -0.01518151, -0.10141595, -0.00213845,  0.00668454,  0.04971582, -0.08509840, -0.08827035, -0.02778945,  0.22656649,  0.38239132,  0.02855998, -0.50420160, -0.30326140,  0.23988923,  0.12240248, -0.02749774,  0.03402843,  0.10641785, -0.06364312,  0.08351344,  0.04633135, -0.12532694, -0.22278297, -0.00202600, -0.00266870,  0.18164213,  0.21698827, -0.03833902, -0.26082700, -0.07443051,  0.14453177, -0.03135931, -0.04798116, -0.07705160, -0.01201655,  0.09108243,  0.14442734,  0.04811619, -0.05834707, -0.13225712, -0.06345928,  0.02132402,  0.06918611,  0.00347635,  0.04358622, -0.00219895,  0.06608194, -0.06339070
  0.09085714, -0.08371614,  0.09203851, -0.03858890, -0.09947692,  0.03228075, -0.04332927, -0.00952231,  0.00527307, -0.10346139,  0.05332124,  0.30575664,  0.10627680, -0.02455916,  0.16118736, -0.12488034, -0.43738760, -0.17557706,  0.34406776, -0.01853482,  0.01731807,  0.28375213, -0.00208142, -0.20476515,  0.11654003, -0.18503565, -0.19814493, -0.07956646,  0.13880598,  0.05477004,  0.07113509,  0.11066625, -0.18484771, -0.12473655, -0.12871965,  0.07931025, -0.14334164,  0.06004816,  0.03444260,  0.06978020,  0.08796157,  0.13877194, -0.13360715, -0.02301478, -0.09352592, -0.07980541,  0.08681858,  0.13718529, -0.03517788,  0.11771582
 -0.05496292,  0.10367457, -0.02344342, -0.07579024,  0.14656015, -0.16783958,  0.07408569,  0.10218420, -0.08645377, -0.25012749,  0.23200026,  0.09039387, -0.11797459, -0.04094337,  0.21955307, -0.09377259, -0.19949127,  0.29279899, -0.11405734, -0.26760425,  0.21393718,  0.20859033, -0.31155917,  0.24112150, -0.11505660,  0.01962495, -0.06617039,  0.03989245,  0.01597536, -0.07231000,  0.07065313, -0.02470421,  0.09749988, -0.13785973,  0.14329392, -0.13407171, -0.01435028,  0.04281491,  0.00748694, -0.03870360,  0.07249912, -0.05814706,  0.04982221,  0.03206179, -0.09940050,  0.03082684,  0.08373882, -0.23616136,  0.24875120, -0.07850769
 -0.11669953,  0.00723424,  0.09406840, -0.02623098,  0.08707185,  0.04459396, -0.11106505,  0.17160392,  0.17866279, -0.28504179, -0.37436221,  0.04593994,  0.04844512, -0.12455148,  0.06253891,  0.32251938, -0.01248410,  0.07860571,  0.17533704, -0.32063420, -0.38013911,  0.17003616,  0.08780019,  0.05437927,  0.15557504,  0.07196483,  0.04407011, -0.03916278, -0.02324596, -0.07955253, -0.07107536, -0.03232314,  0.16427506,  0.11720527,  0.10168799,  0.07306845, -0.09656396, -0.10598945, -0.02475359, -0.07578394, -0.03770282, -0.03066775,  0.02963069,  0.12946595,  0.04382695, -0.06012130,  0.05755184, -0.18564663, -0.12855243,  0.10617591
 -0.00581069,  0.04197898, -0.05061421,  0.03454730, -0.06751172,  0.09786777, -0.14887120,  0.23654888, -0.30262582,  0.26898665, -0.18009846,  0.21055678, -0.24913566,  0.29303878, -0.29026897,  0.26760752, -0.25276251,  0.17611937, -0.20929281,  0.16978575, -0.03906464,  0.09240295, -0.12005939, -0.01018066,  0.10275672, -0.11203893,  0.09665731, -0.15413377,  0.12362412, -0.04314811,  0.05997693, -0.07453200,  0.06525160, -0.03876523, -0.03720802,  0.04902845, -0.06953347,  0.06801876,  0.03647022, -0.09861453,  0.06498953,  0.00778035,  0.03057145, -0.08658394,  0.08084068, -0.11807913,  0.12017666, -0.05937434,  0.03978669, -0.01552981
 -0.08697749,  0.17273568, -0.10920210, -0.02534233,  0.17807051, -0.12144361, -0.16956827,  0.35307280, -0.08899220, -0.37811164,  0.24652646,  0.09992348, -0.23891928,  0.19845333,  0.08261617, -0.12226809,  0.10422916, -0.09435461, -0.09577212,  0.12664718, -0.14446653, -0.02253552,  0.33289068, -0.18989814,  0.04077647,  0.02063496, -0.08562396,  0.02066502,  0.01989657, -0.05190155, -0.04981969,  0.12700386,  0.05649809, -0.03864244, -0.09858491,  0.06822244,  0.02844958, -0.16851063,  0.08016619,  0.03315851, -0.07499740,  0.08315185,  0.06570233, -0.16949463,  0.13035225,  0.03308426, -0.19740458,  0.05383356,  0.06447538,  0.00161564
  0.03126976, -0.08065474,  0.13985421, -0.13395578, -0.06048154,  0.26901129, -0.21921555, -0.11047802,  0.33540850, -0.11730897, -0.24853461,  0.38749511, -0.19792969, -0.07233593,  0.19512794, -0.09164778, -0.05424572,  0.10608701, -0.20850776,  0.14434084,  0.17169451, -0.27297071,  0.06660097,  0.07702748, -0.05525978,  0.04333896, -0.02233342, -0.13156017,  0.13384939,  0.03194728, -0.09322575,  0.01552751, -0.00867647,  0.08661814, -0.09634906, -0.07374025,  0.12604552,  0.03240820, -0.13576672,  0.08924368, -0.02744261, -0.01784903,  0.12638960, -0.09476541, -0.11866327,  0.17244089, -0.00433333, -0.09239417,  0.04240560,  0.01889850
  0.01267040, -0.09526284,  0.25384841, -0.19739643, -0.07411796,  0.26405023, -0.27340738,  0.02789299,  0.05876932, -0.05274800,  0.16415228, -0.01132896, -0.10288131,  0.09846110, -0.16427279, -0.02077682,  0.22973158, -0.11707324,  0.00509192, -0.18253719,  0.13771380,  0.27645327, -0.22024909, -0.11913883, -0.05859577,  0.18494117,  0.01982970,  0.00869351, -0.13514531, -0.00230364,  0.27864788, -0.21180883, -0.05674933,  0.19521278, -0.13886677,  0.00948017,  0.00564518, -0.08033958,  0.21599789,  0.03299373, -0.25643035,  0.06676119,  0.08651588,  0.02601128, -0.04674535, -0.08426345,  0.03691445,  0.07351462,  0.02601561, -0.09361799
  0.00769799, -0.03695229,  0.16918747, -0.36470208,  0.38408409, -0.18849675, -0.04382887,  0.11829168, -0.06745583,  0.06301455, -0.01953973, -0.03510812,  0.01212529,  0.04030946, -0.13076468,  0.20532421, -0.11397339, -0.05610087,  0.07649765, -0.11657348,  0.32995045, -0.31014332,  0.03985743,  0.00021889,  0.08593961,  0.01410093, -0.11630098,  0.07267363, -0.11180583,  0.21660932, -0.12200403, -0.10970521,  0.16867592, -0.03493489, -0.12611065,  0.14565617, -0.11536998,  0.11705632, -0.01005525, -0.09888936, -0.01628810,  0.17099758, -0.12662980,  0.06547769, -0.13976708,  0.14637669, -0.04817147,  0.05158876, -0.09661321,  0.05539192
  0.05923406, -0.03249224, -0.05824585, -0.07751573,  0.11112009,  0.07917594, -0.17227845,  0.07883438,  0.09028946, -0.05152630,  0.11764315, -0.17952613,  0.05722062,  0.01709024, -0.05248653,  0.01617969,  0.02181854, -0.22132186,  0.20430474,  0.31023059, -0.22689251, -0.03500726, -0.34352739,  0.35430685,  0.06227959, -0.10773743, -0.21258852,  0.14143499,  0.21121183, -0.17249388,  0.05027608, -0.17071089,  0.07995348,  0.03532583, -0.12595493,  0.02932783,  0.20172588, -0.02567689, -0.15394985, -0.00185457,  0.07844306,  0.09649537, -0.09509059, -0.15483812,  0.05546634,  0.14225268,  0.08605037, -0.16498553,  0.00897898,  0.04160230
  0.09933459, -0.28745650,  0.30226763, -0.19138654,  0.10563122, -0.09243108,  0.11143657, -0.01721917,  0.01207733, -0.05126690,  0.06189149, -0.01523840, -0.17938381,  0.26378097, -0.15724480, -0.07788303,  0.09713413,  0.06231259, -0.01863696,  0.11263476, -0.23277646,  0.00046215,  0.12567379, -0.00029442, -0.19611768,  0.22954741, -0.09253327, -0.04055757,  0.20752787, -0.23023962,  0.04061655,  0.11847409, -0.14610337, -0.06764961,  0.24736900, -0.04215713, -0.13833184,  0.18523891, -0.16741574,  0.07126914,  0.06609027, -0.05786233, -0.18357643,  0.26097923, -0.07111432, -0.04960225,  0.06160034, -0.00072419, -0.04408289,  0.00408057
  0.12733934, -0.21939159,  0.04076989,  0.09359135, -0.07477924,  0.07439404, -0.15490346,  0.14615246, -0.06370437,  0.12719242, -0.08087826,  0.11716502, -0.12409827, -0.03088812,  0.09945279, -0.19580674,  0.00662712,  0.05473788,  0.27454201, -0.14710221, -0.01616859, -0.17909676,  0.03845873,  0.29417123, -0.36454843, -0.05363125,  0.19915632,  0.10250529, -0.10011309,  0.01235514, -0.04607664, -0.01396227,  0.10110778, -0.18690805, -0.01527092,  0.29710127, -0.09503484, -0.13887024,  0.10782249,  0.05219895, -0.00800678,  0.02901828, -0.20824448, -0.00027094,  0.27697850, -0.09414790, -0.08593175,  0.03399790,  0.11820668, -0.12698053
  0.04955707, -0.09729187,  0.06486197, -0.03377559,  0.02393970, -0.03296805,  0.08840311, -0.21688517,  0.30126441, -0.25591571,  0.24678027, -0.15703327,  0.04137134, -0.00939060, -0.06660027,  0.11164413, -0.24042858,  0.33326875, -0.22637784,  0.18616590, -0.13050652,  0.04520466, -0.07803156,  0.06869788, -0.00687263, -0.17972074,  0.28463473, -0.14577336,  0.02760473,  0.01500668,  0.01481745, -0.07600340,  0.04899000,  0.00142664, -0.12390467,  0.21971084, -0.08092908, -0.10600825,  0.18102797, -0.07620546, -0.04059110,  0.09141651, -0.12009192,  0.02859250,  0.05137977,  0.04468819, -0.16832315,  0.21362735, -0.11489380,  0.00044178
 -0.04701487,  0.08985849, -0.01833555, -0.02838544, -0.02580730,  0.13744935, -0.22623355,  0.16542118, -0.06146480, -0.01279431,  0.06776232, -0.13529035,  0.15542048, -0.19023460,  0.23185259, -0.19051781,  0.20170274, -0.06740875, -0.19018105,  0.14585761,  0.03329741,  0.03675857, -0.09793172,  0.04925081, -0.08609497,  0.19214985,  0.01236464, -0.27649170,  0.13059156,  0.11904835, -0.13142172, -0.01526636,  0.14001831, -0.14675209,  0.06075711,  0.07278211, -0.28074800,  0.24729501,  0.06037059, -0.26925441,  0.11029417,  0.04160550,  0.00117630, -0.00275336,  0.02607782, -0.17478329,  0.15845846,  0.08728208, -0.24618451,  0.14733193
 -0.04201744,  0.14600031, -0.20158287,  0.16233053, -0.09967784,  0.05642302,  0.02005610, -0.17540505,  0.25453988, -0.19940991,  0.09925662,  0.05517506, -0.23152541,  0.28043410, -0.22645719,  0.09637051,  0.08699035, -0.18868721,  0.16253946, -0.11293479,  0.17660510, -0.11257456, -0.07085448,  0.07959428, -0.01313626,  0.01590327,  0.04191093, -0.12587744,  0.05859713,  0.15015956, -0.24938634,  0.16226452, -0.03906324, -0.06545799,  0.10328830, -0.10252543,  0.07762458, -0.06990689,  0.15514062, -0.20090289,  0.02456938,  0.18636570, -0.22396716,  0.12283431, -0.00652003, -0.12924432,  0.22084356, -0.12485588, -0.01571955,  0.03174128
 -0.03794522,  0.05604677,  0.02157550, -0.12194977,  0.19062234, -0.23748996,  0.28017857, -0.21653239,  0.05022313,  0.09555185, -0.23550662,  0.26657896, -0.20381935,  0.06027461,  0.10884392, -0.18325637,  0.19977838, -0.10301125, -0.05522560,  0.10433393, -0.12739536,  0.21734582, -0.21016304,  0.06114619,  0.08060244, -0.06458161,  0.03575173, -0.00843906, -0.09789767,  0.13389881, -0.01011725, -0.13974553,  0.19133623, -0.13478608,  0.07919370, -0.04773518,  0.00990644,  0.00780016, -0.04626093,  0.13251984, -0.25643373,  0.21941576, -0.01115081, -0.13975366,  0.16259687, -0.13059278,  0.02290650,  0.10688566, -0.14564473,  0.06912129
