 -0.14074008, -0.14074067, -0.14074350, -0.14074998, -0.14075934, -0.14077324, -0.14079250, -0.14081736, -0.14084764, -0.14088313, -0.14092343, -0.14096649, -0.14101103, -0.14105838, -0.14110598, -0.14115377, -0.14120220, -0.14125174, -0.14130213, -0.14135342, -0.14140494, -0.14145620, -0.14150698, -0.14155463, -0.14159831, -0.14163865, -0.14167518, -0.14170833, -0.14173762, -0.14176103, -0.14177834, -0.14179101, -0.14179957, -0.14180382, -0.14180466, -0.14180425, -0.14180315, -0.14180157, -0.14179856, -0.14179583, -0.14179330, -0.14179076, -0.14178887, -0.14178742, -0.14178637, -0.14178468, -0.14178185, -0.14177874, -0.14177544, -0.14177241
  0.05737199,  0.08854500,  0.11685100,  0.14239039,  0.16446302,  0.18293365,  0.19736842,  0.20755091,  0.21337903,  0.21523389,  0.21364369,  0.20874171,  0.20069607,  0.18965527,  0.17571795,  0.15934068,  0.14077440,  0.12041595,  0.09882677,  0.07648613,  0.05385992,  0.03123787,  0.00944039, -0.01102860, -0.03037883, -0.04761509, -0.06186971, -0.07304718, -0.08191597, -0.08921547, -0.09597719, -0.10258497, -0.10878150, -0.11456686, -0.12012743, -0.12563319, -0.13115248, -0.13628243, -0.14097712, -0.14521078, -0.14928855, -0.15326353, -0.15697158, -0.16050296, -0.16366647, -0.16644929, -0.16860983, -0.16982779, -0.17041668, -0.17069343
  0.37697293,  0.35167631,  0.32011888,  0.28291824,  0.24035467,  0.19442231,  0.14737054,  0.10092861,  0.05652812,  0.01482167, -0.02396271, -0.06057571, -0.09523394, -0.12549930, -0.15254143, -0.17593303, -0.19430502, -0.20640999, -0.21204150, -0.21065433, -0.20253459, -0.18764116, -0.16688313, -0.14343208, -0.11777579, -0.09137906, -0.06696322, -0.04530110, -0.02646310, -0.01207386, -0.00138877,  0.00708954,  0.01298160,  0.01557122,  0.01563828,  0.01539761,  0.01554711,  0.01559275,  0.01443275,  0.01362641,  0.01376178,  0.01491731,  0.01756632,  0.02185916,  0.02753907,  0.03361963,  0.03904267,  0.04381839,  0.04837110,  0.05361621
 -0.29577571, -0.23859941, -0.17611366, -0.11196418, -0.04973083,  0.00918841,  0.06469323,  0.11548460,  0.16001501,  0.19475492,  0.21573457,  0.21847610,  0.20085439,  0.16855231,  0.12054903,  0.05950912, -0.00827902, -0.07630560, -0.14014031, -0.19402146, -0.23409526, -0.25574020, -0.25819353, -0.24638379, -0.21884186, -0.17984919, -0.13768286, -0.09565136, -0.05395493, -0.01679580,  0.01726363,  0.05021209,  0.07845823,  0.09802869,  0.10899991,  0.11562697,  0.11945300,  0.11857019,  0.11026004,  0.09797358,  0.08423857,  0.07030793,  0.05830015,  0.05030878,  0.04668462,  0.04602098,  0.04566026,  0.04499329,  0.04587866,  0.05136825
 -0.29768975, -0.21476277, -0.12238879, -0.02512246,  0.07243808,  0.15809803,  0.21823504,  0.24336507,  0.22850202,  0.17632851,  0.09530377,  0.00131479, -0.08947641, -0.17317746, -0.23191679, -0.25705690, -0.24896715, -0.21296470, -0.15401404, -0.08199025, -0.00570790,  0.06300653,  0.11674935,  0.15961270,  0.18528152,  0.19411052,  0.19408108,  0.18609824,  0.16885322,  0.14997282,  0.12783280,  0.09802089,  0.06520433,  0.03642128,  0.01243958, -0.01297370, -0.03997799, -0.06318801, -0.07475367, -0.07974106, -0.08067605, -0.07805643, -0.07412177, -0.07051772, -0.06752515, -0.06257658, -0.05246952, -0.03857929, -0.02477965, -0.01770834
  0.40955659,  0.19773675, -0.02336709, -0.20557035, -0.30673251, -0.31301394, -0.23873834, -0.11253921,  0.02524914,  0.14236119,  0.21766450,  0.24866394,  0.23719308,  0.16098294,  0.05344262, -0.05481265, -0.14496805, -0.20035691, -0.20361177, -0.16071736, -0.08404556, -0.00447921,  0.05758713,  0.10986275,  0.12543543,  0.10915065,  0.09429033,  0.09060552,  0.08786787,  0.09534826,  0.09397307,  0.06414075,  0.02297908, -0.00345092, -0.00999978, -0.01818464, -0.03749890, -0.05560376, -0.05006969, -0.03042099, -0.00552492,  0.01798576,  0.02630903,  0.00808959, -0.03331397, -0.07965272, -0.10443154, -0.09722939, -0.07005245, -0.04824193
  0.01979832, -0.00163223, -0.00303549,  0.00454984,  0.01769601,  0.02626144,  0.02948265,  0.02749428,  0.02407837,  0.01674616,  0.00094701, -0.02060461, -0.04460656, -0.06131142, -0.06671068, -0.06337383, -0.04998970, -0.02779016, -0.00398334,  0.01602404,  0.02879582,  0.03945828,  0.04482965,  0.04265025,  0.05104144,  0.06265441,  0.05718788,  0.02248879, -0.03433515, -0.10348131, -0.15803942, -0.17565577, -0.15278733, -0.09274226, -0.00261924,  0.10862680,  0.22619513,  0.32183575,  0.37084976,  0.36020164,  0.29463989,  0.18625847,  0.05357145, -0.07553979, -0.17994857, -0.24329593, -0.26435941, -0.25364424, -0.21667391, -0.15833076
  0.15452187,  0.03933510, -0.04730610, -0.09613886, -0.09703728, -0.06571182, -0.01987473,  0.02356368,  0.05317218,  0.06166467,  0.04757139,  0.01962146, -0.01490859, -0.05062044, -0.06736727, -0.06055776, -0.03206106,  0.01023409,  0.05212449,  0.07817712,  0.08098591,  0.06433250,  0.03456639,  0.00661808, -0.00842769, -0.01916822, -0.03494695, -0.06228969, -0.09495394, -0.11652175, -0.10863910, -0.06262780,  0.01707971,  0.11539571,  0.20743945,  0.26378764,  0.26521325,  0.20159939,  0.08510540, -0.06336626, -0.20684182, -0.31042766, -0.35488227, -0.32873087, -0.23653241, -0.09505542,  0.06184762,  0.18927267,  0.25849692,  0.26328383
 -0.12239090,  0.00790042,  0.10316439,  0.12083250,  0.09663388,  0.03556606, -0.03818153, -0.09855815, -0.12741189, -0.12709899, -0.11154242, -0.05890410,  0.03422757,  0.09248837,  0.12696097,  0.12363322,  0.07602477, -0.01104951, -0.10053699, -0.16058406, -0.16009012, -0.10296797, -0.03042230,  0.07009096,  0.17323594,  0.21353138,  0.17415871,  0.05715596, -0.08721773, -0.15980889, -0.11703237, -0.00245385,  0.13094924,  0.25631925,  0.33616827,  0.31631791,  0.19856590,  0.02347344, -0.11676096, -0.19960096, -0.19666380, -0.11345412, -0.00239545,  0.08392367,  0.09326358,  0.02893329, -0.07340086, -0.17916150, -0.23731524, -0.23934822
 -0.22350519, -0.01332103,  0.14746925,  0.20076710,  0.15801959,  0.04215407, -0.09525270, -0.19193263, -0.20636247, -0.13729431, -0.02459780,  0.08297704,  0.14729788,  0.12913552,  0.06552875, -0.00312304, -0.04694178, -0.06573281, -0.06370720, -0.04693479, -0.01944644,  0.00900333,  0.02737555,  0.05596900,  0.08062504,  0.06020085, -0.00505913, -0.08300694, -0.11995863, -0.06013269,  0.08137947,  0.21604695,  0.25575400,  0.17694016,  0.02524725, -0.12362021, -0.19021925, -0.14498976, -0.00546480,  0.13237668,  0.18393815,  0.11934540, -0.03288360, -0.19680346, -0.29903141, -0.29124646, -0.17581028, -0.00195004,  0.17580027,  0.29450337
  0.26889755, -0.06972584, -0.23076004, -0.19015821, -0.03934288,  0.09692999,  0.15172956,  0.11926409,  0.05698311,  0.01649418,  0.01799277,  0.02668707, -0.01473338, -0.05180554, -0.09460004, -0.13260256, -0.12109390, -0.03108625,  0.08333423,  0.15890096,  0.15220811,  0.10158955,  0.04900672, -0.02542748, -0.05299354, -0.03556829, -0.04992633, -0.11921951, -0.19695581, -0.26883191, -0.24863449, -0.07300253,  0.16995785,  0.31162426,  0.25293422,  0.05725712, -0.14003746, -0.23410549, -0.20669320, -0.05726000,  0.13682839,  0.25492781,  0.23154508,  0.10929588, -0.01176236, -0.05598175, -0.03457016, -0.00772205, -0.01345674, -0.01584750
  0.03563926, -0.03518020,  0.01515251,  0.05789852,  0.03473828, -0.05957488, -0.13134708, -0.10126567,  0.03261572,  0.16708489,  0.18618149,  0.08862721, -0.05590801, -0.17250101, -0.18042440, -0.09151929,  0.03159233,  0.10766000,  0.09466047,  0.01704952, -0.04717983, -0.03591263,  0.01749983,  0.07552003,  0.12146749,  0.08611072, -0.04451562, -0.20785252, -0.27918418, -0.18317736,  0.04779885,  0.25016077,  0.27151388,  0.11815261, -0.08076897, -0.18183296, -0.11374849,  0.05289871,  0.19465349,  0.18786243,  0.04643940, -0.12233336, -0.19432891, -0.09904221,  0.08955192,  0.23782316,  0.22780559,  0.04066967, -0.19354192, -0.32370808
  0.02970017, -0.03713481, -0.08338242,  0.00595077,  0.09951726,  0.11588980,  0.01428141, -0.12498989, -0.18580518, -0.10357859,  0.05670073,  0.15911943,  0.16208048,  0.08269310, -0.04057890, -0.09125879, -0.04564197,  0.03783556,  0.08056967,  0.02937700, -0.07790666, -0.16844932, -0.16233725, -0.07181495,  0.01278163,  0.11854236,  0.24044651,  0.30288944,  0.20321390, -0.01134456, -0.20594970, -0.25737957, -0.15204984, -0.00632716,  0.05808841,  0.00375425, -0.11388337, -0.14988135, -0.05215031,  0.11633584,  0.17938700,  0.05997913, -0.13155176, -0.23233080, -0.12969537,  0.09532726,  0.27684954,  0.28681151,  0.07012840, -0.26270116
 -0.07798035, -0.03033631,  0.08730012,  0.14894384,  0.04192979, -0.12142719, -0.18056719, -0.06896936,  0.10000852,  0.17393566,  0.09999499, -0.06334901, -0.15176780, -0.07204592,  0.07741568,  0.15869957,  0.07691722, -0.11303437, -0.23194659, -0.13679722,  0.10452137,  0.26170877,  0.20065772, -0.02502536, -0.23145036, -0.21294410,  0.01538933,  0.22742724,  0.18654549, -0.06154162, -0.26095051, -0.20548175,  0.03861577,  0.20589884,  0.14507551, -0.05457872, -0.19226168, -0.12931105,  0.05728232,  0.18040967,  0.09082554, -0.10283985, -0.16646818, -0.03595505,  0.14339031,  0.15647099, -0.00139128, -0.12117283, -0.05679761,  0.12711348
 -0.03827245,  0.06427093,  0.07349433, -0.02373339, -0.13540103, -0.10404270,  0.04312709,  0.15747005,  0.11246901, -0.04327164, -0.16247103, -0.12943667,  0.05270132,  0.18112864,  0.13628692, -0.02185952, -0.16124721, -0.15682604,  0.01797706,  0.20410458,  0.20828276, -0.01780480, -0.26780832, -0.29023472, -0.08960884,  0.19870917,  0.34685946,  0.20929548, -0.10028168, -0.24382184, -0.11003541,  0.10740297,  0.16725602,  0.02217343, -0.15811991, -0.20354507, -0.08763393,  0.08844178,  0.16837109,  0.07141408, -0.10586113, -0.16240640, -0.03700122,  0.10888900,  0.11417242, -0.01211496, -0.08548064, -0.00542967,  0.08959712,  0.00993227
 -0.13256658,  0.12576834,  0.14783004, -0.10516331, -0.19826532,  0.05496224,  0.24446152,  0.02873871, -0.25824452, -0.14126440,  0.21412108,  0.24292097, -0.07036016, -0.17771997, -0.02180387,  0.09255366,  0.02411238, -0.08750698, -0.06218471,  0.07645099,  0.09141111, -0.05235101, -0.12894374, -0.00981846,  0.19880791,  0.16312777, -0.12770786, -0.22584573,  0.03653177,  0.18137723, -0.04278521, -0.26324213, -0.12216616,  0.17269401,  0.16883236, -0.10834222, -0.22774521, -0.00686256,  0.20803350,  0.12314335, -0.12261385, -0.18793252,  0.00564607,  0.17899777,  0.12240572, -0.03658165, -0.08999080, -0.00224894,  0.07765840,  0.02981892
  0.03039267,  0.06427400, -0.13555214, -0.14238536,  0.11565860,  0.24128332, -0.01499681, -0.25623337, -0.09400097,  0.20712272,  0.14990337, -0.15916134, -0.18254147,  0.06481682,  0.18077797,  0.05964027, -0.08216004, -0.06545966,  0.05384211,  0.05238675, -0.09267149, -0.17126119, -0.01010879,  0.22217183,  0.12659305, -0.15748803, -0.14677835,  0.15455351,  0.21206274, -0.06872241, -0.23875805, -0.03516086,  0.22434550,  0.12742731, -0.18265358, -0.24128629,  0.02704741,  0.23695657,  0.11489968, -0.14027059, -0.18849895, -0.00230081,  0.15205261,  0.07980618, -0.07771692, -0.11935053, -0.01934384,  0.08895920,  0.06916768, -0.03128168
 -0.24074891,  0.12099645,  0.24281945,  0.04310925, -0.11412384, -0.05386137,  0.02473992, -0.06029149, -0.06841559,  0.10141378,  0.13581098, -0.06537272, -0.15196029,  0.08321368,  0.22296849,  0.02455568, -0.21490345, -0.25095438, -0.11629662,  0.05880662,  0.19269271,  0.26064874,  0.13718841, -0.11118467, -0.12623345, -0.00050443, -0.02200421, -0.15388899, -0.10783576,  0.02390536,  0.07838607,  0.00987707, -0.07675096, -0.03617909,  0.04430960,  0.07130978,  0.07675873,  0.05276812, -0.03450734, -0.12284975, -0.02282073,  0.15729867,  0.15851339, -0.05240969, -0.21931328, -0.04374104,  0.26137215,  0.26920414, -0.03462207, -0.35087060
 -0.01007695,  0.09652655,  0.06149156, -0.21106347, -0.08502089,  0.18225631,  0.05035352, -0.15337069,  0.06310651,  0.21926775, -0.14592610, -0.34450715,  0.05912302,  0.25544539,  0.01590025, -0.15833470,  0.03489080,  0.12200981, -0.06815637, -0.06397633,  0.17194249,  0.09170051, -0.26819408, -0.17443389,  0.20073312,  0.13032595, -0.15853036, -0.13910221,  0.10745830,  0.20757240,  0.05246457, -0.07538058,  0.01272356,  0.13367637,  0.07831432, -0.05582330, -0.03062493, -0.00305936, -0.00975388, -0.01578835,  0.08597384,  0.11268174, -0.11346117, -0.23878050, -0.04034388,  0.20002121,  0.09311929, -0.21706084, -0.17410042,  0.11556035
 -0.21199273,  0.03241229,  0.10012356,  0.10037497,  0.10470375,  0.02574395, -0.09906086, -0.08495069, -0.03176861, -0.09534087, -0.05194157,  0.20168840,  0.36629296,  0.25626460, -0.15153520, -0.40614245, -0.27698303, -0.06056926,  0.03308893,  0.10817996,  0.11179928,  0.07999847,  0.17083960,  0.17037181,  0.00340627, -0.13567664, -0.15212026, -0.08751726, -0.01349463, -0.07173718, -0.18799696, -0.16395548, -0.05494324, -0.03759740, -0.08643228, -0.02039839,  0.10333311,  0.13234004,  0.00740894, -0.07919205, -0.07188431, -0.04580960,  0.00658683,  0.11094375,  0.22680370,  0.20984073,  0.02307511, -0.08716470, -0.00193658,  0.08300658
 -0.09989524,  0.17400375, -0.01756451, -0.15150951,  0.12642513,  0.09844724, -0.17900927, -0.06245241,  0.19559286, -0.00758780, -0.18655380,  0.11414722,  0.16567413, -0.19148509, -0.21262760,  0.23480374,  0.27269904, -0.28374750, -0.33389507,  0.24761705,  0.30903033, -0.12837091, -0.15806491,  0.08501836,  0.08718426, -0.07810857, -0.08792550, -0.02198210,  0.04736803, -0.00992949, -0.03167185,  0.05670736,  0.06445811, -0.02128383, -0.06441631,  0.04453252,  0.12419935,  0.00060445, -0.12138977, -0.04351808,  0.13060771,  0.05745451, -0.08729528, -0.01277954,  0.04075235, -0.02862113, -0.05069825,  0.07723470,  0.09776203, -0.17999573
 -0.11687964,  0.06578368,  0.21573860, -0.03094906, -0.22407625,  0.04934216,  0.12316306, -0.15733698, -0.13310701,  0.16629066,  0.16867603,  0.01631459,  0.04454281, -0.02908421, -0.34095630, -0.23143061,  0.31719822,  0.37133847, -0.13507448, -0.24101540,  0.12007977,  0.12970871, -0.06974824, -0.07195075, -0.10736037, -0.07802798,  0.12962262,  0.19253015, -0.02934605, -0.15811783, -0.04695150,  0.06694199,  0.04196673, -0.02767949, -0.04760552, -0.00094283,  0.04080458,  0.05559640, -0.04355854, -0.12453051, -0.04511038,  0.06354037,  0.10994931,  0.09132599,  0.01712352, -0.12384182, -0.14756339,  0.06980016,  0.17939770, -0.08447755
  0.09444395, -0.23598014,  0.04399686,  0.30150740, -0.09011847, -0.28197025,  0.14220711,  0.16570355, -0.16361881, -0.07984599,  0.09902544,  0.06065099, -0.03303967, -0.08958572,  0.07075549,  0.04590326, -0.10548919, -0.01772729,  0.03313364, -0.05522760,  0.14868254,  0.14615422, -0.27822247, -0.08181056,  0.32148520, -0.05713719, -0.33883708,  0.08850821,  0.26591638, -0.09514855, -0.16292674,  0.12986316,  0.15228321, -0.06833525, -0.10397137,  0.04398157,  0.14661491,  0.02871923, -0.10862491, -0.10926863,  0.09564816,  0.12806598, -0.09808498, -0.09633809,  0.06837628,  0.04675995, -0.05678149, -0.02437165,  0.03830492, -0.07432123
 -0.09553175,  0.04755859,  0.26160555, -0.07116912, -0.23298964,  0.05722402,  0.10649999, -0.12743165, -0.05257699,  0.13533563,  0.07652181, -0.06167292, -0.11100427, -0.00620278,  0.09058386, -0.07645177, -0.17048012, -0.01451692,  0.17697958,  0.27813290,  0.05504156, -0.28883294, -0.11764599,  0.23456763, -0.00743577, -0.32900931, -0.02060915,  0.21953965, -0.02653571, -0.09595189,  0.16120307,  0.17249195, -0.07437579, -0.08501831,  0.14751096,  0.21699303,  0.01683199, -0.21274783, -0.11794409,  0.15370030,  0.15544826, -0.09738574, -0.14733447,  0.04825922,  0.07148799, -0.02687575, -0.04156692, -0.09417430, -0.12660726,  0.04631641
  0.14521038, -0.13400351, -0.05911518, -0.12392661, -0.19064374,  0.22952517,  0.38209114,  0.04647075, -0.10502235, -0.17524675, -0.19462589,  0.00400311,  0.05599393,  0.13700594,  0.18328597,  0.10483570,  0.03783176, -0.04476414, -0.35498097, -0.27974389,  0.06656171,  0.06742969,  0.15757521,  0.28427925,  0.07383346, -0.10894162,  0.00915081,  0.02021280, -0.18505123, -0.19635602,  0.01344628,  0.04911187, -0.04028426, -0.09176491, -0.11982540, -0.09799806, -0.01130758,  0.07765659,  0.00870664,  0.09900636,  0.11177408, -0.07224373, -0.14583680, -0.03495607,  0.06928038,  0.08086221,  0.13769683,  0.13555575, -0.05609003,  0.03469120
 -0.16391408,  0.24143212,  0.16082562, -0.17801097, -0.13630339, -0.20128896,  0.06302723,  0.39381147,  0.06312737, -0.15478594, -0.01879448, -0.17115775, -0.08660648,  0.21260804, -0.03391732, -0.10440423,  0.20628495,  0.01589099, -0.01411955,  0.05880125, -0.27207254, -0.16780613,  0.21959773,  0.16578165, -0.00248458, -0.00696340, -0.08283798, -0.09388637,  0.16060223, -0.00749896, -0.23417551,  0.03869412,  0.18042432, -0.00840195, -0.05056529,  0.06809976, -0.06374901, -0.14636286,  0.10552595,  0.02970344,  0.01894238,  0.13570363, -0.02747548, -0.17220812, -0.04129623,  0.11648526, -0.03575992, -0.00602858,  0.17351340, -0.14600503
 -0.01105590, -0.13612701,  0.23397578,  0.08030713, -0.13911481, -0.08234810, -0.18003912,  0.07414003,  0.37010284, -0.10537808, -0.14997342,  0.20912846, -0.19828446, -0.09453938,  0.21706882, -0.15147553, -0.04501120,  0.29793922, -0.09339437, -0.09332081,  0.12595124, -0.19572366, -0.14925182,  0.20031570,  0.09004278, -0.06125736,  0.09621665, -0.03799145, -0.06510619,  0.10071263, -0.03846153, -0.24628322,  0.02625869,  0.22809507, -0.10329287, -0.15333280,  0.11774152,  0.01024728, -0.12897401,  0.03083822,  0.02216993, -0.00437171,  0.13045157,  0.05130470, -0.19827031, -0.03476488,  0.13784827,  0.00039612,  0.03740680,  0.00858951
  0.09744647, -0.07495242, -0.14316351, -0.03926471,  0.21652135,  0.08599968, -0.06356010,  0.00515082, -0.21081499, -0.13026958,  0.34844713,  0.05446321, -0.26987852,  0.13321449,  0.11585930, -0.16685623,  0.09171565,  0.00377781, -0.25891622,  0.08978964,  0.26475970, -0.05660624, -0.10242465,  0.02628798, -0.10145477,  0.03040036,  0.15094783, -0.08015109, -0.09023567,  0.08911685,  0.00183512,  0.00838422,  0.12571432, -0.15068140, -0.20623616,  0.22861309,  0.14506102, -0.20883818,  0.02883730,  0.12516423, -0.14508606, -0.04014371,  0.11843173, -0.10526172, -0.02727940,  0.22526081, -0.05530370, -0.19751403,  0.05337537,  0.06031221
 -0.09160487,  0.23666508,  0.03072538, -0.38436589,  0.12034652,  0.21249701, -0.08138503,  0.00189615,  0.05293359, -0.19358454, -0.11053327,  0.29879678, -0.04034950, -0.22496765,  0.21411055, -0.02092874, -0.17018036,  0.11836105,  0.13762858, -0.19650044, -0.07718668,  0.31986630, -0.03202702, -0.17487388,  0.05579083, -0.14439419, -0.02945081,  0.09824990,  0.09929940, -0.08627041, -0.01779379,  0.23175653,  0.01165268, -0.03533764,  0.00997257,  0.02449661,  0.07007112, -0.12329439,  0.10500794,  0.03522471, -0.05505215,  0.00280149, -0.07203935,  0.03071156, -0.07438763,  0.07523646,  0.04277014, -0.22266869,  0.12865060, -0.10653950
 -0.06577404,  0.11074608,  0.01717359, -0.01911136, -0.08818186, -0.08610000,  0.20489329,  0.03237659, -0.19738859,  0.10306280, -0.02422609, -0.07072197,  0.22469169, -0.12687004, -0.17240864,  0.18839988,  0.01460102, -0.13336029,  0.14269997, -0.00974059, -0.11831206,  0.09970826,  0.00935540, -0.02698515, -0.03011100, -0.06934006,  0.09201065,  0.02364601, -0.07024170,  0.12584676, -0.06166844, -0.15792311,  0.21389215,  0.15238162, -0.31969748, -0.03476965,  0.34155840, -0.14753535, -0.19296283,  0.20270863,  0.02823902, -0.18350687,  0.11774339,  0.09482754, -0.24492559,  0.05819666,  0.23008615, -0.19096602, -0.06631257,  0.08026478
 -0.03352741,  0.10831861, -0.05595963, -0.15452125,  0.27070739, -0.14114308, -0.13810613,  0.31911781, -0.16912091, -0.14401538,  0.24571496, -0.11751217, -0.10281853,  0.18072398, -0.03249101, -0.14325250,  0.14503343, -0.01297211, -0.07367734,  0.05059697, -0.02568507,  0.08072435, -0.06476640, -0.04440817,  0.14561278, -0.15510269, -0.02527306,  0.16945303, -0.12648840, -0.06456782,  0.19930228, -0.01667354, -0.20076114,  0.20455074,  0.09815378, -0.27983283,  0.13175980,  0.13058260, -0.15005352, -0.04063341,  0.16606673, -0.03843412, -0.18436026,  0.18522033, -0.00503811, -0.16425008,  0.14680436, -0.02122068, -0.07065788,  0.01883282
 -0.00089949, -0.08234413,  0.22925677, -0.12907546, -0.17599953,  0.30689575, -0.23531787,  0.10385107,  0.04975855, -0.24522643,  0.22193639, -0.00561336,  0.03092591, -0.08126828, -0.05157149,  0.06371212, -0.01359473,  0.02897421, -0.03018928,  0.06796884, -0.03518484, -0.06891852,  0.18632276, -0.22229264, -0.03884927,  0.22306598, -0.22229254,  0.20533546, -0.01348632, -0.01714599, -0.07054179, -0.03132768,  0.21582053, -0.17175095, -0.00208990, -0.02425256,  0.03321986,  0.13626482, -0.22991679,  0.10692555, -0.03779084, -0.01409698,  0.11298389, -0.16654657,  0.14108735, -0.13954826,  0.12543237,  0.04987324, -0.26121907,  0.17873917
  0.06932381, -0.14899892,  0.04456968,  0.05132693, -0.01021350,  0.00492708, -0.01450410,  0.05126062, -0.18000037,  0.25260945, -0.17071112,  0.03738327,  0.06673380, -0.09283599,  0.11802855, -0.10559747,  0.05993013,  0.03700334, -0.18521872,  0.20268304, -0.09948215, -0.05094460,  0.13371795, -0.14588983,  0.16821380, -0.15256600,  0.13737300, -0.02313867, -0.14868015,  0.25672208, -0.27011866,  0.14563586, -0.03970233, -0.12693348,  0.16939517, -0.15491559,  0.08874525, -0.05036054, -0.01176674,  0.15993922, -0.28852410,  0.24961023, -0.11522429, -0.00917002,  0.15979540, -0.22050341,  0.20127219, -0.14292573,  0.11887904, -0.02608988
 -0.13230471,  0.30083732, -0.20874032, -0.00111760,  0.13438860, -0.16946307, -0.02304168,  0.18966035, -0.11774997,  0.12382633, -0.04704735, -0.13440368,  0.15709300, -0.14760431,  0.09126696,  0.08154056, -0.24789251,  0.25510516, -0.05140452, -0.18087128,  0.21499337, -0.14569529,  0.03754146,  0.02581022,  0.12739056, -0.10302847, -0.08767686,  0.18313410, -0.25589911,  0.09038348,  0.06743811, -0.15296170,  0.12950896, -0.12871596,  0.11503513,  0.06358313, -0.17785360,  0.11088721, -0.09790620,  0.12905519, -0.02642635, -0.08513861,  0.20854064, -0.21195392,  0.09333351,  0.03996052, -0.09278363,  0.05522755,  0.08483017, -0.08265683
  0.02892130, -0.09763932,  0.07546126,  0.01012722, -0.09734157,  0.22168436, -0.31290394,  0.29216612, -0.24873625,  0.25007605, -0.15543921,  0.10596510, -0.14087555,  0.16354849, -0.14681339,  0.11939318, -0.00090853, -0.14422449,  0.20925514, -0.24905825,  0.20682013, -0.17025307,  0.10347379, -0.05149681,  0.08060277,  0.02354854, -0.02335936, -0.00359688, -0.01236907, -0.06156117, -0.00316384,  0.04960580, -0.18164633,  0.17250266, -0.23347809,  0.24486944, -0.18951581,  0.07376286, -0.02018064,  0.00700252, -0.00875609,  0.02876089, -0.02439611,  0.05601426, -0.01940415, -0.01810498,  0.09794656, -0.12829329,  0.15075851, -0.02864015
  0.06750324, -0.22652340,  0.31282473, -0.31308705,  0.29074906, -0.19813738,  0.09549977, -0.04329726, -0.02514499,  0.07657488, -0.06862344,  0.08192554, -0.09720819,  0.16527964, -0.24911622,  0.28083118, -0.24546960,  0.19290790, -0.15924840,  0.11639480, -0.07720941,  0.01611061,  0.02916455, -0.07201432,  0.08569671, -0.04059666,  0.04327414, -0.01926452,  0.03893755, -0.08060533,  0.08004910, -0.13585549,  0.11744099, -0.10238582, -0.01234756,  0.08745134, -0.13186303,  0.11468782, -0.08788093,  0.10078493, -0.14721249,  0.13432319, -0.11201352,  0.16509516, -0.17194778,  0.13804040, -0.08954985,  0.07676150, -0.03655730,  0.03491034
 -0.11071003,  0.19336493, -0.10714722,  0.05733852, -0.06260837,  0.00794328, -0.03475627,  0.03029631,  0.01694634,  0.03297582,  0.00908012,  0.08279363, -0.10608097,  0.00193595, -0.01012290,  0.02837800, -0.00412059,  0.01893875, -0.02411242,  0.05468167, -0.15754282,  0.18615404, -0.24424615,  0.19704683, -0.07265528,  0.14798892, -0.06642444,  0.11544647, -0.20587546,  0.14279856, -0.31950631,  0.26498132, -0.26037873,  0.10282514, -0.11301381,  0.07251797, -0.09456320,  0.16408454, -0.26327695,  0.19662293, -0.15217075,  0.17654607, -0.05805704,  0.04392597, -0.10386438,  0.20625880, -0.15982196,  0.18889049, -0.16698470,  0.15747010
  0.07010402, -0.09435662,  0.00315140,  0.04322956, -0.04332545,  0.07673441, -0.05310382,  0.06086861, -0.06578854, -0.03542450,  0.06258258, -0.20742563,  0.27444032, -0.19012805,  0.12952022, -0.02433574, -0.13442185,  0.22465474, -0.24271429,  0.17488394, -0.01754826, -0.04754730,  0.08077000,  0.02578299, -0.20856499,  0.19003551, -0.27552256,  0.21091679, -0.09747335,  0.11700748,  0.05509253, -0.00166713, -0.02302476,  0.19156721, -0.17384230,  0.16171916, -0.06371194, -0.07956746,  0.22021528, -0.15749007,  0.03733674,  0.06765237, -0.25488677,  0.27702932, -0.18708758,  0.02463034,  0.01361713, -0.09125004,  0.10061246, -0.12411780
  0.07582447, -0.07412133,  0.01785878, -0.01427611,  0.00116861,  0.02164265,  0.04166780,  0.00979325, -0.13199652,  0.09342915, -0.24041759,  0.18434046, -0.05592138, -0.03340923,  0.20820016, -0.33632219,  0.24853920, -0.09517650, -0.03647880,  0.19043313, -0.12915870,  0.06236862,  0.14742104, -0.26480886,  0.06292529, -0.13660477, -0.05110602,  0.08374731,  0.01216172,  0.17792882,  0.06445288, -0.02330636,  0.17874629,  0.06294627, -0.05634546,  0.13735889, -0.16567345,  0.22307780, -0.11445098, -0.01442508,  0.19008794, -0.29601236,  0.07028796,  0.03040735, -0.13968622,  0.13278312, -0.24696405,  0.13811235, -0.10993256, -0.10149143
  0.07777280,  0.03124066, -0.12306180,  0.06068429, -0.03337517,  0.03597252,  0.05173921,  0.02262679, -0.03928688, -0.16722776, -0.13797351,  0.04547306, -0.00543747,  0.18367333, -0.11649532, -0.02163592, -0.09101344,  0.11220614,  0.03036568, -0.03453384,  0.16559593,  0.00649307,  0.04023741, -0.02463575, -0.26238892, -0.14814681, -0.09535209, -0.02044290,  0.25362470,  0.17821129,  0.19913925,  0.07409338,  0.11041677,  0.33339815, -0.03405636, -0.02480648,  0.12545080, -0.04529701, -0.02523419,  0.31682036, -0.30489299,  0.03294990, -0.12483778, -0.07396038,  0.12425934, -0.23002788, -0.14577047,  0.16048925, -0.18286955, -0.26095167
 -0.01221910,  0.05956002, -0.10813307,  0.11560695, -0.11067538,  0.10063563, -0.07563328,  0.08305781, -0.14173847,  0.19934359, -0.20647603,  0.20646476, -0.23162807,  0.19797980, -0.13808956,  0.13822655, -0.16980672,  0.20987171, -0.25263494,  0.26584732, -0.23281046,  0.15340301, -0.08449974,  0.08226394, -0.13013515,  0.18772355, -0.16111376,  0.04600626,  0.04859646, -0.10653614,  0.08872733, -0.00260766, -0.02371779, -0.02659432,  0.10554253, -0.15189572,  0.15646337, -0.08160585,  0.00263851, -0.04522708,  0.17707521, -0.23023833,  0.18807096, -0.13841883,  0.08014036, -0.02069786,  0.03488061, -0.12817721,  0.15056604, -0.06739193
 -0.07671972,  0.18096443, -0.16385392,  0.10788801, -0.06686132, -0.03176476,  0.07741917, -0.03255727, -0.06817198,  0.07246045,  0.02436924,  0.03731749,  0.00141750, -0.14115149,  0.11501361, -0.04604881, -0.01837555,  0.12324983, -0.12238914,  0.03905963,  0.12787032, -0.31769945,  0.30406486, -0.20721721, -0.00542599,  0.15185187,  0.03550002, -0.17053987,  0.32471542, -0.34619680,  0.05830119,  0.11906361, -0.15141979,  0.01599630,  0.05281094, -0.16538810,  0.11388208,  0.09988388, -0.24447937,  0.12114518, -0.03536618,  0.06836286, -0.07304219,  0.11552229, -0.20112295,  0.21889564, -0.03468421, -0.07610346, -0.01631949,  0.10594853
  0.00500059,  0.03224433,  0.00526012, -0.09858019,  0.10384577, -0.03079882, -0.03903791,  0.11834715, -0.15370307,  0.04183432, -0.01825299, -0.01710836,  0.03090658, -0.01865793,  0.03106616, -0.02211870, -0.09540229,  0.14806674, -0.00452068, -0.10765327,  0.14890951, -0.00929043, -0.11450127,  0.16898093, -0.28230511,  0.07606293,  0.13755955, -0.29114432,  0.23676603,  0.19560557, -0.29721183,  0.19703279,  0.18367310, -0.20014619,  0.11614695,  0.04342212, -0.10207605,  0.15061396, -0.09369006, -0.08141435,  0.26790371, -0.22349218, -0.11634131,  0.21033234, -0.03040739, -0.22645275,  0.15419773,  0.00257878, -0.14994632,  0.01769816
 -0.06499540,  0.13765080, -0.09107379,  0.10095601, -0.22220657,  0.24367093, -0.19191119,  0.15479220, -0.12729723,  0.01958016,  0.08423544,  0.01015182, -0.03343603, -0.07251325,  0.01570306,  0.12067758, -0.16642756,  0.10760435, -0.01673326,  0.06850999, -0.12624956,  0.06767024, -0.00992323, -0.06261528,  0.09729384, -0.20839527,  0.35881579, -0.19493289, -0.02316357,  0.04633893,  0.06891904, -0.22353014,  0.18993105, -0.00715357, -0.10661541, -0.02068251,  0.10593668, -0.02511882,  0.03911400, -0.22899328,  0.13284363,  0.22581353, -0.28330592, -0.00345248,  0.11542478,  0.10182161, -0.24269479,  0.17665648, -0.12049219,  0.08382186
 -0.06324422,  0.10756907,  0.04133657, -0.16055363,  0.14242959, -0.19926659,  0.23998448, -0.12037015, -0.09065155,  0.11704247, -0.08581095,  0.25075257, -0.18080887, -0.11256784,  0.14848907, -0.05939602,  0.03485507, -0.05099448,  0.10201154, -0.02250276,  0.00816944, -0.10335774,  0.06245645,  0.04056042, -0.26213140,  0.26019649, -0.02508886,  0.08658750, -0.10476598,  0.01004153,  0.08402745, -0.15774955,  0.08305397,  0.11750116, -0.21549041,  0.02006869,  0.05263204,  0.11528302, -0.09931263, -0.18746305,  0.10070196,  0.26030361, -0.22004084, -0.19450712,  0.33083505, -0.12417873,  0.05207282, -0.11825740, -0.00444215,  0.09399873
  0.02792507, -0.11461907,  0.18765922, -0.14409464,  0.08986261, -0.04748450, -0.10273739,  0.26356128, -0.25810865,  0.12636083, -0.09522341,  0.00007262,  0.24546847, -0.27285631,  0.10355908, -0.07143620,  0.08609376, -0.01923756, -0.05822731,  0.08564121, -0.01387001,  0.05176029, -0.17837962,  0.20429425, -0.14364343, -0.04867624,  0.08042377, -0.03599216,  0.19470480, -0.23115736,  0.13194642,  0.03258164, -0.12253452,  0.12267578,  0.00272630, -0.05494557, -0.02211450, -0.02735135,  0.18604479, -0.08008422, -0.18511486,  0.06586382,  0.25975146, -0.25812424, -0.01941065,  0.07125890,  0.00921274,  0.10498449, -0.27559766,  0.14655147
 -0.06190282,  0.17365312, -0.15548167,  0.12387008, -0.06284299, -0.08146179,  0.07013746,  0.04128507, -0.02989822, -0.03806097, -0.15129664,  0.26887384, -0.13706271,  0.10508969, -0.17475713,  0.01452359,  0.08878617, -0.00344469, -0.01695986, -0.01391521,  0.16793137, -0.13853395,  0.03134910, -0.06722879,  0.01884119, -0.07822298, -0.10026799,  0.25970810, -0.06794079,  0.05300590, -0.02864322,  0.02359832,  0.15940948, -0.13607041,  0.13151978, -0.02203801, -0.04029873, -0.11727410,  0.35346807, -0.23393856, -0.10367342,  0.11726306, -0.00893519,  0.10149786, -0.27296469,  0.01477315,  0.20495862,  0.00819225, -0.38668237,  0.19790764
  0.01638432,  0.00712426,  0.00956909, -0.00827381, -0.01112842, -0.06848660,  0.15119070, -0.09181133,  0.05266923, -0.21254996,  0.11757471,  0.02056153,  0.01294149, -0.00487431, -0.14070402,  0.17866369, -0.15076049,  0.14742020, -0.12784281,  0.15610620,  0.01131066, -0.11056574,  0.12864488, -0.16145052,  0.05163709, -0.24358014,  0.20432967, -0.00867470,  0.01548840,  0.15138839, -0.13741101,  0.29148496, -0.22043053,  0.30897237, -0.15655450,  0.07090981, -0.12683689,  0.18309908,  0.05817276, -0.24424759,  0.13345795, -0.08930779,  0.18448937, -0.29073386,  0.06766972,  0.00169917,  0.08833714, -0.17285699, -0.06908528,  0.02662200
 -0.07205902,  0.16421865, -0.18277377,  0.14335482, -0.05863164, -0.02046654,  0.01189975, -0.04107330,  0.10339709, -0.02976147,  0.00503775, -0.00948593,  0.00900598, -0.00876372,  0.04040576, -0.09978707,  0.06771587,  0.06682353, -0.15783709,  0.14394351, -0.16190067,  0.17213158, -0.13807836,  0.01676287,  0.14456415, -0.07753656,  0.04071772, -0.09464681,  0.16414472, -0.25434427,  0.15044367, -0.15073469,  0.08170520, -0.02969762, -0.19794908,  0.37309760, -0.33000678,  0.11063770, -0.05569257,  0.13588907, -0.13294658,  0.04641904, -0.00160202,  0.07079134,  0.05969980, -0.28899335,  0.34977993, -0.10912676, -0.03450033,  0.06592221
 -0.06415381,  0.05506095,  0.01233209, -0.09685175,  0.15735480, -0.09413937, -0.02037707, -0.04177284,  0.05632410,  0.16993408, -0.04331352, -0.03434245, -0.03855882,  0.03052640,  0.06633091, -0.05196095, -0.05978049,  0.14085093, -0.09480134, -0.06652774, -0.00325629, -0.03376217,  0.11572926, -0.17633800,  0.25382766,  0.12637110, -0.08490244, -0.07087792,  0.00003647, -0.07517955, -0.18231605,  0.05214013, -0.17225835,  0.06128836, -0.26048592,  0.15746208,  0.17838783, -0.40997789,  0.13525850,  0.04520592,  0.11780609, -0.17308762,  0.05754806,  0.09469778,  0.18709890, -0.21377124, -0.05246949,  0.38528425, -0.18033239,  0.13911091
