 -0.14368605, -0.07780462,  0.37634227,  0.29365577, -0.29825568, -0.40895716,  0.08419805, -0.04131028, -0.23744522, -0.08304532,  0.28953661,  0.02779308, -0.03728367,  0.03514821, -0.11773749,  0.14381174, -0.02438967,  0.20865483, -0.14075374,  0.19366018,  0.07572604, -0.08856979, -0.13662446, -0.10785296,  0.12354027,  0.08967647,  0.15084415, -0.12660765, -0.08624908, -0.12596507, -0.05952399, -0.15551527,  0.03458426,  0.13370717,  0.06578037,  0.03233414, -0.00374227, -0.00689444, -0.05322529, -0.02508103, -0.00930181, -0.05040481, -0.00500883, -0.05535738, -0.04785429, -0.02640329, -0.01078479, -0.01218354
 -0.14368748, -0.10716718,  0.34789193,  0.23588197, -0.21434135, -0.19331063,  0.03476967, -0.04451781, -0.00571502,  0.01657219, -0.05270617,  0.06182008,  0.04261130,  0.06365019,  0.07026974, -0.12397874,  0.10363071, -0.01956896,  0.14399569, -0.01764163, -0.14823285,  0.04756562,  0.25266287, -0.01147332, -0.09272966, -0.01411263, -0.21479207,  0.09002175,  0.10585515,  0.25395305,  0.15736233,  0.37319758, -0.06897021, -0.29744140, -0.21535362, -0.08629645,  0.01679138,  0.02500559,  0.12743614,  0.11155050,  0.01669686,  0.14632534,  0.00147133,  0.15572045,  0.10464444,  0.11103206,  0.03531275,  0.03684438
 -0.14369153, -0.13360332,  0.31356760,  0.17321849, -0.12154620,  0.02922460, -0.00197612, -0.03398052,  0.15130179,  0.03816971, -0.24872354,  0.02778552,  0.01350257, -0.03521905,  0.16739546, -0.19252579, -0.05219911, -0.17071926,  0.10826295, -0.08381058,  0.09693352,  0.22163361,  0.06917604,  0.25535783, -0.05232136, -0.20216556, -0.10491718,  0.16643931,  0.19724032,  0.04382052, -0.12998990, -0.25791818,  0.02706870,  0.21493727,  0.30367404,  0.08470510, -0.04681231, -0.02906981, -0.08902372, -0.07752771,  0.00138807, -0.19097177,  0.01263448, -0.16657647, -0.00752427, -0.20520882, -0.07645187, -0.03896959
 -0.14369903, -0.15699924,  0.27390329,  0.10914183, -0.02396775,  0.21153299, -0.02376020, -0.00509012,  0.19735921,  0.02298283, -0.23696438, -0.07009529, -0.02849736, -0.13419952,  0.06005211,  0.06328374, -0.17481234, -0.12960607, -0.13392950, -0.13462685,  0.11699428, -0.07649110, -0.31892890,  0.06955277, -0.13966112, -0.08387306,  0.11840380,  0.02701237, -0.22816712, -0.38108298, -0.05279677,  0.01705855, -0.01654341, -0.01672119, -0.33425860, -0.03489487,  0.05822463,  0.03715896,  0.05389680,  0.06394442, -0.03044824,  0.17291926,  0.03992805,  0.14105260, -0.16055546,  0.17838079,  0.09198028,  0.00869224
 -0.14370973, -0.17689854,  0.22932184,  0.04743284,  0.07345211,  0.31009865, -0.02924910,  0.02563455,  0.15461724,  0.01469679, -0.08610841, -0.13824750,  0.00208787, -0.10304429, -0.12021821,  0.24407476,  0.02462629,  0.03618308, -0.05202774, -0.11707300, -0.17732267, -0.20480056,  0.01096609, -0.23495981, -0.20444630,  0.15692440,  0.08155863, -0.23975902, -0.11852673,  0.16461042,  0.22856796,  0.05107308,  0.11597318, -0.14759541,  0.33466466, -0.03547156, -0.08053586, -0.02852894, -0.03828763, -0.07960954,  0.05888394, -0.14059253, -0.08832935, -0.20110731,  0.20335463, -0.03230716, -0.05544774,  0.02653842
 -0.14372429, -0.19283787,  0.18165756, -0.01100110,  0.15896830,  0.31352859, -0.02095713,  0.04698239,  0.06118631,  0.02331543,  0.08931660, -0.10155025,  0.07561597,  0.05072430, -0.17154133,  0.03176986,  0.24900281,  0.07267480,  0.14163857,  0.02544860, -0.10764253,  0.10422173,  0.26617301, -0.06055097,  0.20527484,  0.17117678,  0.19695723, -0.10969626,  0.08344277,  0.17864649, -0.23121858, -0.13166629, -0.19510862,  0.23484646, -0.23657434,  0.15471382,  0.09577846,  0.00643314, -0.04114937, -0.07198582, -0.10055591,  0.09004785,  0.01567707,  0.22793692, -0.18342020, -0.08431421,  0.04245427, -0.04928294
 -0.14374340, -0.20444623,  0.13317406, -0.06616980,  0.21899380,  0.23731753, -0.00255420,  0.05247027, -0.04080702,  0.02413158,  0.19651428,  0.03801310,  0.09863491,  0.16972763, -0.04727905, -0.24269175,  0.08629576,  0.03858775, -0.02668701,  0.09461744,  0.21826152,  0.13716929, -0.10346571,  0.09872252,  0.37175729,  0.19602510, -0.04020256,  0.11538990,  0.07458676, -0.23511714, -0.00335856,  0.18132807,  0.18072362, -0.05946598,  0.11300758, -0.26670603, -0.01379974, -0.05062008,  0.06194271,  0.19348575,  0.13560131, -0.04606058,  0.08253082, -0.13557642,  0.18626648,  0.13808938, -0.08396073,  0.07046516
 -0.14376793, -0.21183849,  0.08572327, -0.11651698,  0.24389020,  0.11006590,  0.01618837,  0.04656741, -0.12326464,  0.00590249,  0.19163820,  0.17251365,  0.00959152,  0.13782458,  0.11689424, -0.12512512, -0.23561409,  0.06709126, -0.18333110,  0.02329242,  0.05731651, -0.17474361, -0.19164021, -0.08353492,  0.08744751, -0.15625823, -0.37700802,  0.00431819,  0.03469992,  0.13557037,  0.25047196, -0.09920460, -0.12125999, -0.14658119, -0.05176308,  0.30200861, -0.08551231,  0.11708486, -0.04000285, -0.06815497, -0.14472183,  0.04272846, -0.10441970,  0.02571430, -0.13768286, -0.20342549,  0.09194697, -0.10409481
 -0.14379856, -0.21534106,  0.04088097, -0.16013359,  0.22837378, -0.02933027,  0.02478220,  0.04218906, -0.17424791, -0.03052968,  0.10822553,  0.18740542, -0.13373399, -0.01462014,  0.16014024,  0.20162836, -0.19535883,  0.03850773,  0.09121747,  0.05491147, -0.23708862, -0.15013667,  0.12541712, -0.08499406, -0.06235857, -0.42508747,  0.07656864,  0.14525958, -0.00945475,  0.09912188, -0.22193007,  0.02521149,  0.02597503,  0.17467530,  0.01920633, -0.28847901,  0.08430218, -0.08535198,  0.08537395, -0.11324514,  0.13110504, -0.10167933,  0.10649076,  0.00360952, -0.03304302,  0.24004685, -0.03316333,  0.12523407
 -0.14383417, -0.21497978, -0.00090999, -0.19397123,  0.17551754, -0.14790112,  0.02260654,  0.03722942, -0.17227241, -0.07881783,  0.01481758,  0.08514291, -0.19630761, -0.16646199,  0.04236403,  0.21167386,  0.14437643, -0.09669757,  0.25594246,  0.16767422,  0.03680235,  0.10441875,  0.14419322,  0.16052028, -0.19471469,  0.12142111,  0.16035785,  0.22688424, -0.05198047, -0.28172809,  0.02044610,  0.01687755,  0.10223970, -0.24385014,  0.02424777,  0.26584218, -0.02703317, -0.03006283, -0.16365799, -0.00019757, -0.12670244,  0.18113423, -0.12237068, -0.05486166,  0.15427725, -0.11849837,  0.03310241, -0.11852820
 -0.14387356, -0.21096102, -0.03960013, -0.21439993,  0.09427868, -0.22326276,  0.01141224,  0.03067895, -0.11688135, -0.10783000, -0.02903294, -0.05830866, -0.13704375, -0.17293789, -0.13698659, -0.11590757,  0.21879763, -0.22486651, -0.09188388,  0.03673287,  0.18766725,  0.08236027, -0.05050948,  0.21231437, -0.22154814,  0.16699328, -0.21069578, -0.26677259, -0.16297112,  0.10467435,  0.16178268, -0.02870341, -0.18677305,  0.17558926, -0.00780038, -0.23838319,  0.02752378,  0.09899325,  0.10876420, -0.11467384,  0.15217714, -0.16092352,  0.02226934,  0.15490669, -0.11903994, -0.03135785, -0.04490895,  0.11520762
 -0.14391554, -0.20374018, -0.07579224, -0.21655371,  0.00025456, -0.25412002, -0.00963549,  0.02059062, -0.02810512, -0.06812530, -0.03312294, -0.16806115, -0.02819075, -0.01139059, -0.20419770, -0.23993841, -0.07807639, -0.13559078, -0.28022669, -0.24475949, -0.17397878,  0.03230800, -0.10207465,  0.00935100, -0.00839029, -0.12897937,  0.18565025, -0.18175708,  0.16479471,  0.18965495, -0.17660026,  0.01961010,  0.17640722, -0.00025047, -0.02520491,  0.18862241,  0.00936115, -0.17788865,  0.01715721,  0.32796278, -0.15273862,  0.12377055,  0.09651780, -0.08081947,  0.14492484,  0.06927650, -0.04752462, -0.10937958
 -0.14395824, -0.19321716, -0.10981934, -0.19871400, -0.09032868, -0.24126852, -0.03401798, -0.00785355,  0.07743652,  0.02541922, -0.05099421, -0.17814917,  0.09725837,  0.14641723, -0.05834126,  0.00216753, -0.19533305,  0.13931375,  0.05039374, -0.32745041, -0.16087036,  0.19310081, -0.03045037, -0.23051268,  0.02615098,  0.18606932,  0.10858697,  0.24430087,  0.16565814, -0.18484012,  0.00520754,  0.01168916, -0.13029058, -0.11685166, -0.02412842, -0.16995203, -0.10368823,  0.27707613, -0.07395129, -0.17065944,  0.14908193, -0.11056513, -0.06096185, -0.05541159, -0.17541400, -0.14418529,  0.12246046,  0.06638967
 -0.14400306, -0.17968717, -0.13924880, -0.16651283, -0.17344509, -0.16230747, -0.05512423, -0.02697952,  0.13984288,  0.10177130, -0.04346542, -0.08999066,  0.15867933,  0.14834342,  0.14456103,  0.13543376,  0.01127869,  0.10434405,  0.30222978, -0.21187977,  0.21635547, -0.00976815,  0.07510003, -0.11205021,  0.17759306,  0.00474132, -0.21627754, -0.06175898, -0.29654133, -0.05165414,  0.14694429, -0.00654391,  0.05084942,  0.18554332,  0.12081282,  0.19467698,  0.12635320, -0.26410414,  0.14549023, -0.06330719, -0.17430962,  0.05187979, -0.00094376,  0.02458469,  0.00335818,  0.25035920, -0.09788299, -0.01565176
 -0.14404850, -0.16362474, -0.16508671, -0.11848883, -0.23172885, -0.05300598, -0.06789732, -0.04091956,  0.14808589,  0.14208076, -0.05158223,  0.03161991,  0.12111653,  0.00492116,  0.21975053,  0.03939965,  0.17943425, -0.04772138,  0.03826526,  0.08539608,  0.22071006, -0.41493425, -0.00891326,  0.13092820,  0.20258939, -0.12600799,  0.14938998, -0.14453940,  0.02448473,  0.16575340, -0.11150383, -0.09239818,  0.07231762, -0.14950110, -0.18547889, -0.18137489, -0.05808239,  0.11017177, -0.30072195,  0.00009440,  0.17920969,  0.01273902, -0.04037648,  0.00965862,  0.17483272, -0.17162825,  0.11234521, -0.00990599
 -0.14409426, -0.14541376, -0.18699161, -0.05741085, -0.25644282,  0.05599193, -0.06897972, -0.04761719,  0.10667557,  0.13544542, -0.08163346,  0.10271900,  0.01682105, -0.14050156,  0.09153038, -0.05974332,  0.08284600, -0.05298241, -0.21233213,  0.33651166, -0.26604938, -0.27724163, -0.04703230,  0.04299106,  0.05645378,  0.20007720,  0.06701670,  0.20911442,  0.14166946, -0.09973645, -0.03318584,  0.11944064, -0.16528308,  0.03999415,  0.25720696,  0.10540218,  0.02584391,  0.04922413,  0.33511811,  0.01272811, -0.15468957, -0.00509457,  0.03216024,  0.08137743, -0.14682903, -0.01763155, -0.17740148,  0.04217399
 -0.14414092, -0.12541459, -0.20362131,  0.01046786, -0.24801603,  0.14541255, -0.05692023, -0.03950643,  0.02920445,  0.07988475, -0.09139943,  0.08511312, -0.07820745, -0.14217564, -0.13653364, -0.00653934, -0.09522684,  0.03292742, -0.04185703,  0.34763535, -0.29609509,  0.29186633,  0.02914429, -0.11692434,  0.03640357,  0.02223747, -0.30527128, -0.05065953, -0.07728136, -0.05865812,  0.12092494, -0.09100762,  0.17350913,  0.11784147, -0.27846136, -0.00628737, -0.03473103, -0.16351749, -0.23788292,  0.03838312,  0.14068734, -0.08804985,  0.07792872, -0.17004776,  0.00702373,  0.07150414,  0.16715371, -0.11564896
 -0.14418887, -0.10403677, -0.21380271,  0.07856286, -0.21176708,  0.19889765, -0.03295891, -0.01523000, -0.06496310, -0.00945388, -0.03467402,  0.01056847, -0.09769131,  0.01898538, -0.26274340,  0.10069548, -0.10691134,  0.08158258,  0.04654701,  0.15716948,  0.25940247,  0.35749031, -0.04031482, -0.08336834,  0.00532459, -0.34255680,  0.07146899, -0.12907824,  0.00144258,  0.10645132, -0.08832805, -0.03243717, -0.06621197, -0.23112779,  0.22648077, -0.08766221,  0.02875447,  0.23828744,  0.10428691,  0.02935515, -0.14193622,  0.19755985, -0.16051405,  0.12445662,  0.02851222,  0.01252134, -0.07145073,  0.18840126
 -0.14423754, -0.08170706, -0.21744490,  0.14225305, -0.15259519,  0.20026390, -0.00196071,  0.01099701, -0.13577657, -0.09074060,  0.05824455, -0.04710705, -0.03690416,  0.19494231, -0.14912365,  0.07451470,  0.03561891,  0.14876547, -0.13236585, -0.08856558,  0.35303429, -0.09152187,  0.02769757,  0.03364521, -0.32691622, -0.04147223,  0.10229787,  0.25724333,  0.13355126,  0.05794945,  0.01690979,  0.25742275, -0.07010370,  0.13173088, -0.17294107,  0.16535438, -0.07347013, -0.20853989,  0.05993713, -0.09559342,  0.15321326, -0.24315874,  0.10125219,  0.01281901,  0.07876930, -0.05385380, -0.03375753, -0.20248642
 -0.14428652, -0.05872232, -0.21413821,  0.19551270, -0.08025243,  0.15720359,  0.03111739,  0.02465941, -0.15139272, -0.14516914,  0.13424336, -0.02755350,  0.05449088,  0.19697093,  0.11965731, -0.10291626,  0.09148007,  0.17735124, -0.08264225, -0.21339836, -0.15739005, -0.14913416,  0.20259833,  0.20291149, -0.30003006,  0.11449875, -0.13846906,  0.01809295, -0.07838301, -0.11422784,  0.00784443, -0.25893540,  0.13634938,  0.03263243,  0.09673670, -0.20197699,  0.18346915,  0.07233525, -0.15184427,  0.19840095, -0.17385462,  0.21355726,  0.06343392, -0.03595810, -0.10725305, -0.03982642,  0.06628082,  0.17136675
 -0.14433595, -0.03585662, -0.20406877,  0.23487578, -0.00383224,  0.08186958,  0.05493121,  0.02365604, -0.11560060, -0.14462711,  0.13879500,  0.02805581,  0.08415223,  0.01943741,  0.30396022, -0.17245981, -0.04534537, -0.01215338,  0.23319476, -0.08140172, -0.26650013,  0.12135135, -0.11089721,  0.18845963,  0.02998196, -0.00933023,  0.17992183, -0.33853185, -0.16172558, -0.08119783, -0.06014668,  0.03258460, -0.13401279, -0.06567536, -0.03723344,  0.18500699, -0.30014516,  0.09653365,  0.16887262, -0.04180961,  0.21232967, -0.11457533, -0.11873990, -0.02763510,  0.04461731,  0.11447246, -0.10933279, -0.13041145
 -0.14438543, -0.01343940, -0.18722867,  0.25571344,  0.06466190,  0.00458121,  0.06853630,  0.00838142, -0.04849445, -0.12383541,  0.09214056,  0.08197244,  0.06808522, -0.20318578,  0.23556280, -0.00936269, -0.15874337, -0.28220709,  0.17189398, -0.01155006,  0.11069276,  0.09526034, -0.24784479, -0.20447710,  0.03735745,  0.21858670,  0.17441433, -0.02766865,  0.18617423,  0.20031096,  0.10710926,  0.14967579,  0.11709427,  0.06094094, -0.01298654, -0.12704208,  0.29703842, -0.13558623, -0.05480119, -0.09473441, -0.25919792, -0.05909100,  0.05962744, -0.00045465, -0.05007698, -0.11261369,  0.20095513,  0.07018654
 -0.14443323,  0.00839617, -0.16486874,  0.25659558,  0.11850280, -0.05228030,  0.08108503, -0.02615299,  0.03979101, -0.12027131,  0.03862718,  0.12908943,  0.04711981, -0.28749728, -0.03944824,  0.16486728, -0.04186852, -0.26030893, -0.18606859, -0.21023923,  0.14040750, -0.05361878,  0.21948445, -0.25235807,  0.17369133,  0.11935366, -0.18410599,  0.15992471,  0.05132645, -0.00981261, -0.08414632, -0.18328863, -0.13948610, -0.00002818,  0.03384365,  0.07255154, -0.19655980,  0.02958624, -0.11583004,  0.11828530,  0.24999321,  0.19269686,  0.03217229,  0.08283254,  0.06929974,  0.15024931, -0.23573537,  0.02935410
 -0.14447870,  0.02844868, -0.13982687,  0.24360655,  0.16130391, -0.09975296,  0.08518076, -0.06357775,  0.12440991, -0.05923881, -0.04120979,  0.08732085, -0.04940450, -0.11151966, -0.27907456,  0.11879523,  0.17900871,  0.00400497, -0.10895022, -0.20943119, -0.11611070, -0.07173120,  0.13736308,  0.19273068,  0.33260931, -0.24606991, -0.09321030,  0.01813513, -0.14366312, -0.14843215,  0.00766034,  0.18282776,  0.09694580, -0.00339547, -0.04979677, -0.06368668,  0.12290984,  0.11633314,  0.20599564, -0.10378043, -0.18548967, -0.19312426, -0.11097909, -0.13951585,  0.00914303, -0.20492444,  0.19260015, -0.13318632
 -0.14452334,  0.04596626, -0.11220721,  0.21639127,  0.18576637, -0.11657113,  0.07379681, -0.06173065,  0.15208366,  0.05657846, -0.08011951, -0.05399982, -0.18313155,  0.16334491, -0.27469395, -0.12491716,  0.16727601,  0.04996823,  0.19285399,  0.05246181, -0.12084430, -0.12627821, -0.30182244,  0.14150220,  0.06221911, -0.06212364,  0.06416055,  0.14597639,  0.03348706,  0.10569610,  0.13784641, -0.11484977,  0.04354411, -0.19512317,  0.09815130,  0.07652466, -0.09124594, -0.23292880, -0.21711997, -0.20906412,  0.09364421,  0.07304659,  0.15260994,  0.11937872, -0.21950323,  0.19496777, -0.05586605,  0.18357614
 -0.14456662,  0.06052496, -0.08377138,  0.17869399,  0.19272631, -0.10690144,  0.04109753, -0.00565905,  0.10004430,  0.19812761, -0.05489054, -0.22082659, -0.24584323,  0.28268049, -0.03952631, -0.19043288, -0.09152137, -0.13183433,  0.13290649,  0.20734265, -0.00077204, -0.15415274, -0.05833172, -0.21407138, -0.13482998,  0.07997280, -0.09939183,  0.05106256, -0.09414382, -0.02054721, -0.17251108, -0.01434180, -0.17536011,  0.22624173, -0.03426064, -0.06314632,  0.16065982,  0.20426116,  0.02236025,  0.01799560, -0.01493307,  0.12094986, -0.20129101, -0.14706466,  0.32832342,  0.00683150, -0.01540179, -0.17530143
 -0.14460555,  0.07246595, -0.05773580,  0.13755938,  0.19110427, -0.09986436, -0.00984552,  0.06980294,  0.00934036,  0.31488142, -0.02889618, -0.28831579, -0.14400565,  0.12748470,  0.19783064,  0.07351386, -0.18350707, -0.05058251, -0.14803239,  0.14066306,  0.06706871,  0.05670890,  0.31151752, -0.03675842,  0.00921101, -0.00905411,  0.02936667, -0.18697020,  0.04624121, -0.14940380,  0.03632898,  0.01935213,  0.26129047, -0.08500799, -0.01032944,  0.01911271, -0.17970585, -0.17474018,  0.11329494,  0.11925243,  0.02652114, -0.15806804,  0.02475062,  0.30724147, -0.13989429, -0.23902693, -0.00357440,  0.16104105
 -0.14463859,  0.08254871, -0.03518556,  0.09537931,  0.18260339, -0.10044643, -0.06857299,  0.12650565, -0.07041005,  0.33002735, -0.04319927, -0.18709339,  0.09398755, -0.13872173,  0.20374794,  0.23603081,  0.05289741,  0.23271181, -0.18843076,  0.03774931,  0.04762096,  0.20248170, -0.02898735,  0.20533973,  0.01867914, -0.01819652,  0.06999294,  0.00562433,  0.04216927,  0.15838313,  0.13897461, -0.01253014, -0.27255595, -0.08892102, -0.01586037, -0.01137420,  0.15565710,  0.16280401, -0.09627703,  0.06135156, -0.07192269,  0.00191302,  0.28733572, -0.28011500, -0.03054791,  0.20195946, -0.08464269, -0.16796814
 -0.14466498,  0.09164322, -0.01614476,  0.05221396,  0.16597040, -0.09637255, -0.11755612,  0.13263612, -0.09326953,  0.19197014, -0.09345147,  0.05350399,  0.32203848, -0.24160785, -0.00470842, -0.00131968,  0.20592113,  0.29354293,  0.01521304, -0.00624128,  0.00616613,  0.04393025, -0.24900939, -0.04808795, -0.17335632, -0.01425555, -0.10715238,  0.09531975,  0.03278601,  0.09631414, -0.17115677,  0.07269781,  0.17856615,  0.23805870,  0.03227493,  0.02119907, -0.21656394, -0.07385094,  0.12659810,  0.06620101,  0.11287147,  0.19885540, -0.32533054,  0.03260919, -0.00049177, -0.06939860,  0.20641386,  0.14100574
 -0.14468414,  0.09994941, -0.00188026,  0.01300032,  0.14829718, -0.09785561, -0.14715746,  0.06769100, -0.03347568, -0.02121710, -0.19766238,  0.25834064,  0.35669884, -0.05873883, -0.16020419, -0.22452066,  0.01390818,  0.12667790,  0.10924689,  0.07771336,  0.04184231, -0.09223978,  0.06736416, -0.21723665, -0.18517588, -0.06420832,  0.01191252, -0.15001978,  0.07663508, -0.24097089, -0.05173006, -0.14297159,  0.00497234, -0.20418097, -0.10617369,  0.01591367,  0.22031153,  0.03578882, -0.08149012,  0.00796314, -0.12440115, -0.34670622,  0.06805541,  0.13267311,  0.06418650,  0.04100255, -0.27677660, -0.05053560
 -0.14469806,  0.10751144,  0.00882500, -0.02262749,  0.12704787, -0.08984464, -0.15018641, -0.04325270,  0.07274240, -0.21512624, -0.26866345,  0.27046286,  0.17361532,  0.20281756, -0.08774012, -0.05777198, -0.21307541,  0.00651891, -0.02758822,  0.16104201,  0.06952372, -0.01610539,  0.20623575,  0.03385228,  0.01271622,  0.01922316,  0.24976913, -0.09495937, -0.14881345,  0.00994754,  0.20414942,  0.10490954, -0.15786022,  0.18534250,  0.16770356, -0.05759423, -0.20974392, -0.02350089,  0.00956371,  0.04113829,  0.03915224,  0.27779622,  0.26143659, -0.07347987, -0.01514791, -0.09218015,  0.26402424, -0.05795279
 -0.14470841,  0.11454541,  0.01751107, -0.05656223,  0.09768339, -0.05461761, -0.11726552, -0.16131024,  0.16622648, -0.33055530, -0.18994658,  0.10904629, -0.05010842,  0.24212953,  0.10772198,  0.22719342, -0.10807945,  0.08363612, -0.13594318,  0.10781233,  0.02386476,  0.08806895, -0.03431010,  0.16676569,  0.03634776,  0.23435589,  0.00152985,  0.05121554, -0.00706258,  0.26367923, -0.08424275, -0.04884503,  0.21865605, -0.04076970, -0.21298320,  0.10178807,  0.16524200,  0.07356322,  0.08875954,  0.06861712,  0.08597824, -0.08678083, -0.30889933, -0.13996896, -0.11776706,  0.05746048, -0.24294459,  0.14234277
 -0.14471514,  0.12107315,  0.02367780, -0.08547890,  0.06514611, -0.00888170, -0.04762202, -0.26220010,  0.20582463, -0.31261227,  0.01646231, -0.08747101, -0.13021139,  0.03621370,  0.20652637,  0.17636797,  0.17120453,  0.18161175, -0.05340225,  0.03737283, -0.03129776,  0.08201964, -0.16202299, -0.05907090, -0.04003747, -0.00141230, -0.23890367, -0.12619565,  0.21609354, -0.11620693, -0.21814511,  0.02305834, -0.18108441, -0.06102183,  0.16404685, -0.13802030, -0.14813802, -0.11726239, -0.08537682,  0.06681053, -0.17266981, -0.10170582,  0.09152577,  0.25569901,  0.14200489,  0.07837290,  0.20925957, -0.20074867
 -0.14471820,  0.12705677,  0.02665555, -0.10532922,  0.03638761,  0.02095184,  0.04855006, -0.32926592,  0.18131624, -0.15082533,  0.20482226, -0.17820871, -0.03750387, -0.18055449,  0.12217439, -0.13763411,  0.18211256,  0.12391141,  0.05733175,  0.05642978,  0.01759940,  0.02292912,  0.01224747, -0.19096186, -0.06096348, -0.27452239,  0.07615828, -0.02027653,  0.09255339, -0.13515424,  0.26218746,  0.07333120,  0.07723770,  0.18177235, -0.12090863,  0.18334146,  0.09533282,  0.18385338,  0.05170995,  0.02874578,  0.15014805,  0.13464920,  0.18748190, -0.15045834,  0.03581277, -0.17950867, -0.16211256,  0.26607852
 -0.14471831,  0.13273475,  0.02719930, -0.11633296,  0.01220120,  0.02986354,  0.15706966, -0.34812281,  0.10931610,  0.07079006,  0.24464372, -0.10347796,  0.12202021, -0.20542268, -0.04250706, -0.23231942, -0.10039893,  0.03048116,  0.00312281,  0.07200689,  0.11133395,  0.00497615,  0.15278307, -0.00831956, -0.10368557,  0.00163033,  0.16091838,  0.20320027, -0.22905073,  0.17036806,  0.02868348, -0.18650080,  0.01070950, -0.16795803,  0.01674546, -0.23468042, -0.08864303, -0.16433175,  0.10705113,  0.07356169, -0.06451997, -0.05023776, -0.21464158, -0.03747440, -0.22420963,  0.07887659,  0.02677980, -0.32561416
 -0.14471794,  0.13805767,  0.02757015, -0.12259985, -0.01364381,  0.03878261,  0.25706863, -0.29016583,  0.00365341,  0.22859083,  0.13666684,  0.06142318,  0.17519309, -0.03378723, -0.14038689,  0.01778117, -0.26022672, -0.04875685, -0.02952885, -0.01745983,  0.01108404, -0.01951955,  0.06626503,  0.23197486, -0.09399752,  0.14252499, -0.10130540, -0.07895804, -0.08538905,  0.01198112, -0.27640839,  0.23622554, -0.03865347,  0.00202716,  0.07911847,  0.27048941,  0.05625053,  0.12466236, -0.20924979, -0.10636348, -0.02022638, -0.12397059,  0.09348271,  0.03684042,  0.12950660,  0.12972804,  0.18498662,  0.31933219
 -0.14471750,  0.14310562,  0.02843453, -0.12577829, -0.04135058,  0.05683621,  0.32989282, -0.15978338, -0.09479447,  0.23180166, -0.03819027,  0.19548254,  0.08670669,  0.14258827, -0.08649727,  0.23184764, -0.04468718, -0.07059558,  0.03069450, -0.10822458, -0.09533076,  0.03617973, -0.10657616,  0.13108936, -0.04904260,  0.04190396, -0.02368374, -0.19203339,  0.33237718, -0.11499087,  0.15820979, -0.10220129,  0.08491148,  0.09808129, -0.10135419, -0.21398515, -0.01783142, -0.08393748,  0.13473662, -0.18675917,  0.00519557,  0.28042595, -0.02441929,  0.04517596,  0.08857553, -0.11644727, -0.26527914, -0.21320666
 -0.14471704,  0.14759221,  0.02923990, -0.12403003, -0.06534729,  0.07226865,  0.35511273,  0.01846187, -0.14764478,  0.10834508, -0.18045780,  0.18311873, -0.08322583,  0.16447228,  0.05020194,  0.09636658,  0.22606741, -0.09115522,  0.04636793, -0.09671073, -0.05916390,  0.06023326, -0.13701856, -0.17030046,  0.06057170, -0.05751009,  0.12015960,  0.09790190, -0.15335837,  0.02662071,  0.11248513, -0.09126922, -0.21628773,  0.00732868,  0.06188363,  0.08203258,  0.11476249, -0.05104438, -0.00367460,  0.51391606,  0.12759747, -0.24333184, -0.04478667,  0.03958112, -0.03806046, -0.10254027,  0.14165351,  0.09621995
 -0.14471511,  0.15173048,  0.02879770, -0.11493273, -0.07772545,  0.06335721,  0.32556863,  0.18590675, -0.11250746, -0.05175638, -0.23641630,  0.03722662, -0.17305396,  0.00788866,  0.13344437, -0.15375106,  0.18233873,  0.05085713, -0.05723623, -0.01050755,  0.11618691, -0.00996125,  0.05502004, -0.22723297,  0.03460680,  0.07398831, -0.02033688,  0.00527679, -0.11796174,  0.09187973, -0.17218977,  0.10682952,  0.28388074,  0.00458472, -0.05720243, -0.01715761, -0.31658327,  0.25112811, -0.03084595, -0.22034812, -0.26532185,  0.00473673,  0.19851702, -0.12383808, -0.14859289,  0.12535069, -0.08047106, -0.05383342
 -0.14471260,  0.15576790,  0.02852209, -0.10231792, -0.08314327,  0.04166953,  0.24627923,  0.30691237, -0.01173138, -0.17465060, -0.14596384, -0.12930266, -0.09504461, -0.15381577,  0.06507472, -0.18299110, -0.09597512,  0.18927420, -0.10455683,  0.03365660,  0.06800806, -0.07711339,  0.15620867,  0.02916422,  0.11265899,  0.01398762, -0.01604553, -0.11153625,  0.16548223, -0.10394965, -0.03209454, -0.06444371, -0.13422737, -0.16526343,  0.08017932,  0.07923330,  0.33578136, -0.24629273,  0.10249535, -0.22900010,  0.28474816,  0.14300275, -0.16366173, -0.07474365,  0.03238616,  0.06787817,  0.21126506,  0.02167864
 -0.14471036,  0.15958668,  0.02918330, -0.08826445, -0.08445351,  0.01479203,  0.12915138,  0.36183997,  0.10469557, -0.19198871,  0.05048919, -0.19231484,  0.06033558, -0.13356551, -0.07857186,  0.02445550, -0.23126020,  0.09246058,  0.08814891,  0.06376964, -0.10195408, -0.06528278, -0.02479923,  0.20226323,  0.11575305, -0.06533295,  0.01352740,  0.14838176, -0.04218947,  0.02365996,  0.20989896,  0.13984011, -0.10811856,  0.22708675, -0.06498358, -0.12867837, -0.15249997, -0.00329463, -0.28546985,  0.13494603, -0.22906981, -0.08081112, -0.17858517,  0.20250171,  0.15097330, -0.05846226, -0.26026280,  0.07519097
 -0.14470806,  0.16328128,  0.03083121, -0.07410033, -0.08216982, -0.01082772, -0.00423943,  0.33739845,  0.19385262, -0.10298720,  0.23197071, -0.08959413,  0.14550788,  0.03232541, -0.13013107,  0.17769265, -0.06246634, -0.14996921,  0.19058436,  0.08682079, -0.03752729, -0.01868619, -0.11723321,  0.05798295, -0.08228150,  0.02403078, -0.13085647,  0.11871265, -0.05349803,  0.10814994, -0.09117606, -0.20047915,  0.22525993, -0.12084668,  0.04223764,  0.08109395,  0.06155244,  0.20712912,  0.31260663,  0.06884707,  0.17213996, -0.01053466,  0.37199956,  0.09640977,  0.03662466, -0.09571916,  0.13228672, -0.15954626
 -0.14470616,  0.16674397,  0.03389188, -0.06199169, -0.07837024, -0.02098768, -0.13279241,  0.25059702,  0.21232431,  0.03869668,  0.29347277,  0.09788943,  0.05227261,  0.15732804, -0.03811777,  0.08165295,  0.15326669, -0.29759028, -0.02015469,  0.01925287,  0.02555466,  0.02800103,  0.02863601, -0.06475959, -0.14609936, -0.10922448, -0.07077970, -0.13892117,  0.05379040, -0.12466762, -0.15038237,  0.14417307, -0.22408447, -0.09986853, -0.07147693, -0.05499460, -0.11164407, -0.23815101, -0.07403333, -0.00858505, -0.10703292,  0.03926859, -0.11802319, -0.40952973, -0.27509726, -0.02332836, -0.06014798,  0.15849460
 -0.14470450,  0.17003978,  0.03851580, -0.05402367, -0.07476197, -0.00490088, -0.23251610,  0.12866271,  0.14501601,  0.13829913,  0.22097528,  0.23773514, -0.15168088,  0.08584426,  0.07185116, -0.09467135,  0.13282573, -0.11426520, -0.22526791, -0.12803640, -0.02758851,  0.12919939,  0.07533174, -0.01593705, -0.04104810, -0.05041709,  0.19193976,  0.02154009,  0.06215568, -0.03088688,  0.23352291,  0.01144249,  0.19404908,  0.15483626,  0.14328465,  0.08202950,  0.11900000,  0.21291564, -0.15598332, -0.13026054,  0.06980975, -0.03436179, -0.21325356,  0.27314577,  0.05005412,  0.31410328,  0.13134813, -0.15177164
 -0.14470316,  0.17293235,  0.04445241, -0.05041191, -0.07155741,  0.03368103, -0.28755588,  0.00969637,  0.00061445,  0.14199751,  0.08698763,  0.21912023, -0.30751700, -0.09582589,  0.04593407, -0.12639932, -0.05633022,  0.15368446, -0.05261814, -0.22399292, -0.03961358,  0.09297289, -0.05589352,  0.01097294,  0.06296514,  0.14780565,  0.05420247,  0.10166088, -0.23714346,  0.09035482, -0.07288163, -0.18455825, -0.13958877, -0.09911391, -0.15850523, -0.06476295, -0.05448391, -0.20072456,  0.15470613, -0.15295364, -0.11198102,  0.01618105,  0.16607940,  0.01852156,  0.35123301, -0.24319182, -0.07282823,  0.21028230
 -0.14470230,  0.17494513,  0.05092103, -0.04912962, -0.06661526,  0.07429722, -0.29626354, -0.07116169, -0.18354672,  0.07224319, -0.02370505,  0.03194676, -0.28983634, -0.16269267, -0.08250902, -0.02786259, -0.14566739,  0.09192944,  0.27522990, -0.17019995,  0.03743471, -0.15938308, -0.02824272,  0.03309851,  0.09384698,  0.07424140, -0.12275331, -0.12469151,  0.01991198,  0.00622196, -0.12475167,  0.29176791,  0.05543392,  0.01886443,  0.15328622, -0.00913691,  0.12882015,  0.05947046, -0.15529655,  0.20692950,  0.18619911,  0.07683821,  0.03915705,  0.00444852, -0.33938594, -0.13874481, -0.14721619, -0.24626591
 -0.14470068,  0.17619704,  0.05671381, -0.04792481, -0.05660358,  0.09174888, -0.26235582, -0.11351998, -0.33364720, -0.02756516, -0.07896630, -0.19244852, -0.05073030, -0.04167829, -0.11282386,  0.05031590, -0.02525304, -0.16889410,  0.18371495, -0.02264393,  0.05242651, -0.21483736,  0.07165640,  0.06193684,  0.10485357,  0.01363578, -0.00513122,  0.01283883,  0.29956772, -0.04839992,  0.17482728, -0.24193398, -0.02214442,  0.03802149, -0.12667110,  0.03019098, -0.20678212,  0.09219007,  0.18743532,  0.05071604, -0.16620942, -0.13753770, -0.07510249, -0.15638560,  0.04975400,  0.29654443,  0.23949716,  0.16769088
 -0.14469790,  0.17693049,  0.06160799, -0.04684729, -0.04241468,  0.07945440, -0.19861627, -0.12679640, -0.39154423, -0.11187357, -0.09585880, -0.31013005,  0.28651308,  0.13692941,  0.06482792,  0.02040348,  0.12810678, -0.30176383, -0.19304742,  0.05832842, -0.16480876,  0.07965062, -0.07033177, -0.06756321,  0.12336337, -0.13293443, -0.04587166,  0.16072701, -0.25472356, -0.00617046, -0.05791575,  0.08091732,  0.01545677, -0.07820207,  0.07815886, -0.01243278,  0.12830107, -0.09180616, -0.13045261, -0.25775536,  0.06787242,  0.08534328, -0.00592434,  0.10749389,  0.04893550, -0.12427032, -0.09876202, -0.05131661
