 -0.14045330, -0.14046228, -0.14047808, -0.14049844, -0.14052017, -0.14054905, -0.14058472, -0.14062663, -0.14067308, -0.14072395, -0.14077789, -0.14083547, -0.14089589, -0.14095953, -0.14102631, -0.14109422, -0.14116192, -0.14122934, -0.14129517, -0.14135946, -0.14142292, -0.14148559, -0.14154493, -0.14160119, -0.14165415, -0.14170303, -0.14174705, -0.14178581, -0.14181928, -0.14184790, -0.14187164, -0.14189045, -0.14190382, -0.14191208, -0.14191777, -0.14192165, -0.14192479, -0.14192655, -0.14192620, -0.14192550, -0.14192555, -0.14192449, -0.14192153, -0.14191684, -0.14191143, -0.14190665, -0.14190255, -0.14189761, -0.14189081, -0.14188111
  0.07118188,  0.10325878,  0.13270857,  0.15873505,  0.17997981,  0.19698906,  0.20963830,  0.21781393,  0.22169014,  0.22148360,  0.21739235,  0.20971951,  0.19864256,  0.18466343,  0.16822134,  0.14995481,  0.13029606,  0.10923616,  0.08723733,  0.06433921,  0.04113108,  0.01806636, -0.00440293, -0.02571787, -0.04540883, -0.06320166, -0.07897908, -0.09269139, -0.10448113, -0.11456247, -0.12308906, -0.13014426, -0.13584801, -0.14032659, -0.14377812, -0.14625334, -0.14777796, -0.14836881, -0.14816547, -0.14743640, -0.14626894, -0.14449787, -0.14214534, -0.13923454, -0.13583589, -0.13215007, -0.12816676, -0.12383356, -0.11932496, -0.11481062
 -0.36695400, -0.33547460, -0.29964541, -0.25942581, -0.21550882, -0.17098997, -0.12676987, -0.08382977, -0.04198895, -0.00202973,  0.03596571,  0.07087716,  0.10211965,  0.12892011,  0.15065584,  0.16840368,  0.18274259,  0.19267086,  0.19883079,  0.20029196,  0.19668623,  0.18793064,  0.17571893,  0.16054840,  0.14324003,  0.12482496,  0.10625128,  0.08829232,  0.07120222,  0.05480210,  0.03929160,  0.02506850,  0.01281125,  0.00269867, -0.00670564, -0.01563924, -0.02457672, -0.03292204, -0.04013653, -0.04755895, -0.05596695, -0.06378891, -0.07025633, -0.07510389, -0.07871225, -0.08198902, -0.08475107, -0.08565469, -0.08394566, -0.07877872
 -0.30001078, -0.24390531, -0.18993298, -0.13709531, -0.07554339, -0.01247795,  0.05080702,  0.11396328,  0.16817226,  0.20772031,  0.22672519,  0.22435768,  0.20338385,  0.16499627,  0.11326082,  0.04583339, -0.03422629, -0.11140559, -0.18262358, -0.23470429, -0.26392735, -0.26600858, -0.24511504, -0.20601863, -0.15537969, -0.09994130, -0.04565840,  0.00163953,  0.03997529,  0.07014278,  0.09166730,  0.10308232,  0.10231458,  0.08894883,  0.07009368,  0.04853017,  0.02749042,  0.00630203, -0.01440832, -0.02553910, -0.02115765, -0.00797710,  0.00991941,  0.02902212,  0.04880819,  0.07395148,  0.10323434,  0.12970332,  0.14933519,  0.15619850
 -0.21191432, -0.14452545, -0.06492421,  0.02311579,  0.10682192,  0.17024457,  0.20649120,  0.21056818,  0.18634349,  0.13604636,  0.06784849, -0.01214629, -0.09499197, -0.17209847, -0.23634775, -0.27251786, -0.27065355, -0.23545949, -0.16724151, -0.08112214,  0.00995232,  0.09289449,  0.16372585,  0.21517186,  0.24347956,  0.24829799,  0.23197791,  0.19882082,  0.15197243,  0.09368036,  0.02986275, -0.03091691, -0.07904345, -0.10849241, -0.12396138, -0.12592865, -0.11810370, -0.10006436, -0.07235857, -0.04599880, -0.02908470, -0.01626008, -0.00559677,  0.00339570,  0.00871169,  0.00613872, -0.00157056, -0.00510563,  0.00055880,  0.02013594
  0.36587449,  0.15390403, -0.00331480, -0.09374834, -0.14591848, -0.13673797, -0.09221177, -0.04588290,  0.00288494,  0.05122548,  0.09883378,  0.13331328,  0.13441149,  0.10207125,  0.03782097, -0.02726835, -0.07197753, -0.11398421, -0.12813293, -0.12853213, -0.11063383, -0.08874529, -0.06027878, -0.02356793,  0.02269547,  0.07624767,  0.13164000,  0.18620127,  0.22792066,  0.24037158,  0.21730400,  0.16469171,  0.10078928,  0.04644548,  0.00008175, -0.03116415, -0.04327239, -0.02504535,  0.02359819,  0.06781971,  0.07522948,  0.05678102,  0.02270741, -0.01553904, -0.05691653, -0.12173794, -0.20869860, -0.29050575, -0.34234622, -0.33258285
 -0.11991951, -0.09357335, -0.01914285,  0.06686713,  0.11728844,  0.14729732,  0.15437456,  0.14177553,  0.10489603,  0.05027091, -0.01955719, -0.08520322, -0.13349705, -0.15007902, -0.13153993, -0.09262370, -0.04654827,  0.00080132,  0.03490936,  0.05059103,  0.05128818,  0.04167097,  0.01283545, -0.02463361, -0.05958149, -0.08488483, -0.09544741, -0.08656277, -0.05339274,  0.00695606,  0.08759671,  0.17478801,  0.24687890,  0.28827312,  0.30354448,  0.29190994,  0.25522381,  0.18885933,  0.09459941, -0.00210930, -0.07902021, -0.13916528, -0.18710699, -0.22378690, -0.24191076, -0.23023294, -0.18950359, -0.13822821, -0.09772959, -0.08783556
  0.07388382, -0.01033155, -0.07622753, -0.12162087, -0.11703620, -0.08561006, -0.03848420,  0.01992336,  0.07598256,  0.11886743,  0.13697315,  0.12470658,  0.09066937,  0.04579044,  0.00875453, -0.02426311, -0.06140633, -0.08651821, -0.10354925, -0.09402232, -0.06074835, -0.00655542,  0.05417462,  0.10363725,  0.12526980,  0.10878259,  0.05095814, -0.04381394, -0.15505655, -0.25062982, -0.30282896, -0.29796299, -0.23723953, -0.13533241, -0.00416645,  0.13202859,  0.24984139,  0.32141601,  0.32674689,  0.27585978,  0.19445617,  0.09716622,  0.00327759, -0.07334377, -0.12230187, -0.12994551, -0.09799693, -0.04566946,  0.00790944,  0.03515300
  0.21851649,  0.12085862, -0.03961773, -0.18007167, -0.19756453, -0.13775667, -0.04948512,  0.01607725,  0.05926358,  0.08394293,  0.11217903,  0.12435657,  0.10651141,  0.04666470, -0.04227386, -0.11555111, -0.15021188, -0.15318726, -0.10693533, -0.01801355,  0.08424822,  0.15836727,  0.19975344,  0.18377254,  0.10790802, -0.00206510, -0.10767969, -0.17538664, -0.19156439, -0.16161865, -0.09427645, -0.00496144,  0.09503752,  0.18183778,  0.20612445,  0.15527547,  0.04226351, -0.07877950, -0.15963858, -0.20739994, -0.23263696, -0.20182852, -0.09922311,  0.05575562,  0.20380825,  0.26749088,  0.21473512,  0.08122259, -0.06572332, -0.15223782
  0.01170076, -0.08918130, -0.18996066, -0.21867976, -0.07437611,  0.06464720,  0.14531837,  0.18127160,  0.17872970,  0.14888079,  0.08383674, -0.02568890, -0.13025967, -0.18625676, -0.13736398, -0.03373908,  0.04146382,  0.09851707,  0.10155274,  0.10895446,  0.09770817,  0.06575374,  0.00595263, -0.07293135, -0.13784469, -0.16284292, -0.15702165, -0.15360620, -0.14924363, -0.11102023, -0.03223835,  0.04768878,  0.07645148,  0.02730302, -0.04436520, -0.09049215, -0.08410839, -0.04498935, -0.00612516,  0.05577443,  0.17235403,  0.29654508,  0.37058199,  0.33734803,  0.19216015,  0.01493125, -0.12028847, -0.18461533, -0.16721490, -0.12206679
 -0.09905573,  0.03745031,  0.16486753,  0.12733656, -0.10593548, -0.29732370, -0.21352931,  0.09722544,  0.33842159,  0.26609552, -0.03061654, -0.23712600, -0.16936476,  0.03236662,  0.09186591, -0.02719779, -0.11093374, -0.01359898,  0.17789288,  0.19582312, -0.01752453, -0.23272935, -0.19303603,  0.05892171,  0.23114435,  0.12947460, -0.11110506, -0.20071689, -0.05363516,  0.12593401,  0.12005269, -0.03700268, -0.12689750, -0.03294095,  0.10913107,  0.11250661, -0.04386887, -0.17295474, -0.11228635,  0.07005202,  0.17598277,  0.11827836, -0.02843417, -0.11401400, -0.07111747,  0.02947066,  0.08611883,  0.06078326, -0.02116754, -0.08315133
 -0.01723987, -0.06316098,  0.02048563,  0.16778967,  0.20146577, -0.00059954, -0.27947413, -0.35088226, -0.11168808,  0.22243987,  0.33904652,  0.15873291, -0.08820556, -0.14834785, -0.03185587,  0.04089055, -0.04567338, -0.15853366, -0.09822932,  0.12111221,  0.24695553,  0.11064508, -0.14365036, -0.22466750, -0.04196669,  0.18460531,  0.19117690, -0.01440935, -0.17729987, -0.11854723,  0.05983256,  0.12729444,  0.02210071, -0.08909857, -0.04644053,  0.09653975,  0.14504345,  0.01385803, -0.15926514, -0.18421555, -0.04181775,  0.11796005,  0.14889962,  0.04710650, -0.06679182, -0.09115107, -0.03343745,  0.03008603,  0.03500657, -0.02235230
  0.15105069, -0.06469019, -0.21154803, -0.15453622,  0.04734848,  0.19890804,  0.18530010,  0.07734613,  0.00449590, -0.05256653, -0.15158668, -0.24747780, -0.18606454,  0.07713609,  0.33617586,  0.33139229,  0.03618599, -0.26577357, -0.25986373, -0.01205659,  0.15642812,  0.06559716, -0.09179412, -0.07730518,  0.08305756,  0.14966960,  0.00353114, -0.17782295, -0.15386148,  0.06298858,  0.21479216,  0.11348572, -0.11210221, -0.19560307, -0.07965472,  0.07052433,  0.09810004,  0.04046474,  0.01944952,  0.03639198,  0.01210993, -0.06138783, -0.10530171, -0.03669772,  0.09527361,  0.13776321,  0.03520771, -0.09442452, -0.09689365,  0.04883540
 -0.03914844, -0.13648561, -0.05816018,  0.08238633,  0.20722175,  0.14065862, -0.01335676, -0.10490091, -0.13697168, -0.14810616, -0.10580785,  0.04420290,  0.25538468,  0.31796155,  0.13256855, -0.19016903, -0.36736432, -0.19146021,  0.09934634,  0.22086246,  0.07873551, -0.07674250, -0.04142587,  0.08689863,  0.08253616, -0.08226819, -0.20044532, -0.11653946,  0.07510218,  0.14393605,  0.00837134, -0.15751681, -0.14575928,  0.01498460,  0.14860085,  0.13078323,  0.03884441, -0.01720160, -0.04049115, -0.05878062, -0.03980565,  0.03880478,  0.16538986,  0.22485688,  0.11125260, -0.09695422, -0.21982403, -0.16059648,  0.01241116,  0.08396357
  0.07542888, -0.00809080, -0.13095257, -0.10156580,  0.09423790,  0.20084284,  0.05428903, -0.18143955, -0.21076702,  0.01760719,  0.23925326,  0.19080729, -0.07029983, -0.24979969, -0.15299054,  0.08492353,  0.18995947,  0.10439873, -0.04001006, -0.10235130, -0.08039903, -0.02063217,  0.05855704,  0.11587200,  0.07428129, -0.07160556, -0.18374958, -0.10919825,  0.10985435,  0.23214637,  0.08724815, -0.18472613, -0.25683386, -0.02311159,  0.24914280,  0.22765230, -0.05992839, -0.26634673, -0.16410890,  0.10140802,  0.22364578,  0.08653435, -0.11605027, -0.14720374, -0.01811225,  0.07898668,  0.04065753, -0.03629474, -0.01434552,  0.06316464
  0.03464503, -0.09495520, -0.04564331,  0.10503884,  0.16133533, -0.01635486, -0.21440693, -0.15606922,  0.10195380,  0.24777908,  0.09845057, -0.16607707, -0.22844232, -0.02766645,  0.20244476,  0.18856382, -0.02900804, -0.16321703, -0.12571768,  0.00339973,  0.07500800,  0.08453551,  0.06669202,  0.00745063, -0.09492295, -0.13946989, -0.03049293,  0.14719124,  0.17968628, -0.01378150, -0.23375142, -0.20004880,  0.08673263,  0.29144151,  0.16538897, -0.15751463, -0.28237599, -0.07207906,  0.19344479,  0.20909711, -0.00535515, -0.18197064, -0.11232289,  0.08381409,  0.14523185,  0.02390220, -0.09882058, -0.07615645,  0.03101262,  0.03236227
 -0.14869583,  0.02537155,  0.14529565,  0.08975306, -0.07832145, -0.12890895,  0.00420046,  0.13581888,  0.10695557, -0.04885641, -0.15104894, -0.11388917,  0.00776870,  0.10956324,  0.12745779,  0.10983874,  0.04630668, -0.12888370, -0.24941267, -0.17756378,  0.08568938,  0.28929066,  0.22217606, -0.05693451, -0.25781176, -0.19834969,  0.02384266,  0.17868485,  0.15041992,  0.01425189, -0.09682891, -0.13855129, -0.12291853, -0.02524507,  0.12520069,  0.23662793,  0.14395522, -0.11034810, -0.26076436, -0.15219128,  0.10470998,  0.27552024,  0.18718253, -0.03883437, -0.14577036, -0.06830301,  0.04058615,  0.03382220, -0.06275981, -0.05917758
 -0.01154529,  0.10067239, -0.00371359, -0.15122506, -0.11344240,  0.06601169,  0.17207419,  0.08358716, -0.09549486, -0.15543992, -0.04860139,  0.09279282,  0.13889337,  0.07061075, -0.02369465, -0.09842841, -0.15942964, -0.12250384,  0.03963699,  0.23134031,  0.25777714,  0.05515836, -0.21133287, -0.28590545, -0.10429065,  0.13944727,  0.21886386,  0.09433985, -0.08360176, -0.16555260, -0.13171294, -0.03376872,  0.08720092,  0.17847409,  0.16025376, -0.01215278, -0.22389410, -0.25736248, -0.05149307,  0.20659613,  0.27838148,  0.09325372, -0.15189006, -0.21225320, -0.08266767,  0.05441617,  0.06391666,  0.00401537,  0.01815987,  0.08545688
  0.17400266,  0.16715919, -0.02119976, -0.20980386, -0.18129828, -0.10699929, -0.04165317,  0.01541558,  0.07407997,  0.11016555,  0.09622177,  0.04432105, -0.00236142, -0.03386788, -0.03112897, -0.06484838, -0.14271638, -0.12990921, -0.03749423,  0.12468502,  0.21726169,  0.20322583,  0.13521218,  0.02748290, -0.12196798, -0.23246699, -0.22451366, -0.10186035,  0.06987803,  0.19978003,  0.22015117,  0.11860339, -0.02322566, -0.11771952, -0.14497889, -0.14267450, -0.07862777,  0.02033399,  0.06807522,  0.03263761, -0.01280787, -0.03227152, -0.03431933, -0.09164172, -0.20666869, -0.23886939, -0.09994232,  0.14674807,  0.33725375,  0.30528857
  0.18810471, -0.06157496, -0.13708456, -0.11637239, -0.11405752,  0.08732426,  0.15453572,  0.01245546,  0.00070311,  0.11767590,  0.07007229, -0.10008581, -0.14000317, -0.00941335, -0.00538160, -0.12344291, -0.05652386,  0.10415645,  0.17317120,  0.15099784,  0.13388208, -0.00265347, -0.22214462, -0.25891656, -0.10916016, -0.01711315,  0.00948255,  0.17651104,  0.33108340,  0.17261137, -0.14053481, -0.23823573, -0.15164308, -0.11001249, -0.03846855,  0.11912230,  0.20462024,  0.11234813, -0.01471447, -0.04983955, -0.12659879, -0.17364770, -0.03883472,  0.08563277,  0.03663483, -0.01813377,  0.14306919,  0.27049228,  0.03609113, -0.31618832
  0.06639882,  0.02421051, -0.15214817, -0.17183061,  0.18878149,  0.24148546, -0.12679904, -0.19832976,  0.13377694,  0.14130523, -0.17274405, -0.15938295,  0.17081590,  0.14241656, -0.13339094, -0.05879683,  0.12114953, -0.00159260, -0.11423406,  0.05068149,  0.09394699, -0.12879812, -0.09099600,  0.17875817,  0.11120437, -0.17890545, -0.08756790,  0.18299580,  0.04015095, -0.21825589, -0.04069215,  0.19330778,  0.03420494, -0.11989556,  0.03518860,  0.09816633, -0.11954947, -0.13358037,  0.11873651,  0.08909143, -0.10767406,  0.02851433,  0.20062746, -0.04673021, -0.30821489, -0.05468404,  0.29024492,  0.13328215, -0.15116542, -0.03348084
  0.13961283, -0.07278796, -0.15996946,  0.01337628,  0.14557866, -0.10155837, -0.16663617,  0.15172456,  0.20100400, -0.10972157, -0.11783076,  0.16771518,  0.08230795, -0.23222577, -0.09655483,  0.13488347, -0.03422933, -0.11641757,  0.11204827,  0.25614520, -0.01280515, -0.15191460,  0.04656713,  0.03161129, -0.24679561, -0.14866169,  0.20483239,  0.15722856, -0.07798398,  0.04032010,  0.17214787, -0.09694559, -0.27525639, -0.01925351,  0.16621796, -0.05759477, -0.07881706,  0.20615023,  0.13458521, -0.19564193, -0.13823925,  0.09804145,  0.00716450, -0.18927550, -0.00557584,  0.25441054,  0.09196477, -0.13516219,  0.00019679,  0.02200264
 -0.14897330,  0.07814620,  0.18991999,  0.11941044, -0.23259802, -0.12069891,  0.03874580,  0.02535860,  0.05615012,  0.07999975, -0.11625865,  0.05380985,  0.16624923, -0.14663115, -0.22861785,  0.05142479,  0.16736356,  0.03259826, -0.14296714,  0.00468133,  0.22623825,  0.05212287, -0.24697258, -0.07627750,  0.07058232, -0.05193533, -0.01583530,  0.11709805,  0.07452404, -0.03288059,  0.01812499,  0.08924186, -0.15179563, -0.26394483,  0.14485247,  0.24316271, -0.05897423, -0.05821730,  0.11261735,  0.09795609, -0.12734576, -0.29418437, -0.02973188,  0.24052910,  0.15358582,  0.05955214, -0.12111455, -0.28389599,  0.02010521,  0.16569678
  0.01874047, -0.08016891,  0.13020397, -0.00102269, -0.20858041,  0.22141306, -0.04039019, -0.12958153,  0.23373059, -0.17117700, -0.07478692,  0.24220844, -0.21818914,  0.00366684,  0.17185549, -0.18493726,  0.14414652,  0.04866594, -0.20690276,  0.14035294,  0.02935887, -0.20248317,  0.15635231, -0.02474384, -0.08081271,  0.19464203, -0.10654454, -0.02497767,  0.15121150, -0.19595969,  0.04163893,  0.14098155, -0.21202713,  0.10623211,  0.12062367, -0.16636270,  0.10419665, -0.00460673, -0.15656816,  0.17749065, -0.07733889, -0.12113016,  0.21472719, -0.06375842, -0.06203583,  0.11341446, -0.16253968,  0.00330052,  0.16124262, -0.09273576
 -0.08563972,  0.08464085,  0.08594070, -0.14597529,  0.08621545,  0.02798504, -0.18309364,  0.23590388, -0.02653513, -0.20706471,  0.20854922, -0.06307382, -0.09022804,  0.17586703, -0.19884768,  0.03078196,  0.23440077, -0.21526171,  0.00545758,  0.13479048, -0.16337274,  0.10611943,  0.00444755, -0.19775386,  0.19174099, -0.01083421, -0.12475395,  0.21222589, -0.11670272, -0.08631163,  0.24207845, -0.14877701, -0.09827742,  0.13791508, -0.08746226,  0.08671164,  0.06258585, -0.20720481,  0.16276961,  0.10746680, -0.23887317,  0.06156970,  0.04562391, -0.04813931,  0.17499029, -0.09004951, -0.16139094,  0.15712537,  0.02574043, -0.09401349
 -0.06320165,  0.12561631,  0.01449380,  0.03322928, -0.18906958, -0.01501188,  0.25919062,  0.02034747, -0.14784858, -0.06636814, -0.02010474,  0.09228460, -0.05639246, -0.18699472,  0.11667704,  0.25469586,  0.03684833, -0.14639771, -0.03697327, -0.05049847,  0.06465370, -0.15136022, -0.15338666,  0.18962386,  0.12753261,  0.03695461,  0.14301190, -0.09409947, -0.12311429,  0.10073846, -0.01361045, -0.11446733, -0.04728857,  0.16813007,  0.21961940, -0.03280151, -0.25175346,  0.01775323,  0.12905465, -0.10341040, -0.22075898,  0.03895524,  0.27857754,  0.15023541, -0.18943776, -0.27450335, -0.02733807,  0.24703139,  0.07060197, -0.15949223
  0.03123544, -0.03169679, -0.00052647,  0.09023559, -0.09557896, -0.11286978,  0.20114716,  0.00030008, -0.20341659,  0.11795747,  0.06665664, -0.09747548,  0.08008972, -0.06079100, -0.10781622,  0.21898694,  0.01306778, -0.25889152,  0.11543627,  0.14633975, -0.15339158,  0.05406792, -0.01778475, -0.12660677,  0.25272241,  0.02293775, -0.32052648,  0.16312548,  0.18709492, -0.20114493,  0.00821117,  0.03650810, -0.08681412,  0.17994895,  0.01877432, -0.26732773,  0.12887298,  0.18272922, -0.19572026, -0.05312048,  0.07111452, -0.05581494,  0.12088263,  0.00763995, -0.23653231,  0.10836965,  0.17020031, -0.18587573, -0.04472903,  0.11983338
 -0.00728841,  0.02834574, -0.04405474, -0.01866090,  0.15061521, -0.14171088, -0.07840252,  0.22350980, -0.08857420, -0.12403167,  0.16282006, -0.06863771, -0.04697148,  0.15677126, -0.13768484, -0.08613178,  0.22918199, -0.04282437, -0.20769151,  0.19408542, -0.01071512, -0.12071199,  0.17206771, -0.10484018, -0.13872700,  0.28179371, -0.06107085, -0.23449177,  0.21385996,  0.01956756, -0.15460160,  0.14733041, -0.05683821, -0.13653309,  0.23783377, -0.03383508, -0.21899211,  0.16852889,  0.07097920, -0.16511607,  0.10216570, -0.01639957, -0.12272275,  0.19860840, -0.01700777, -0.20927370,  0.15623075,  0.06250170, -0.14503209,  0.06277570
  0.01067350, -0.02931896,  0.01981551,  0.03737549, -0.01039636, -0.05241547, -0.05368806,  0.15342496,  0.00737527, -0.22156664,  0.08142969,  0.20973135, -0.13463071, -0.10666930,  0.06477731,  0.04131543,  0.06719780, -0.05277803, -0.20439197,  0.12956729,  0.25247492, -0.17948896, -0.24230698,  0.18824214,  0.21928645, -0.13524579, -0.21175371,  0.04539158,  0.23793527,  0.02512729, -0.28925929, -0.02355450,  0.31869628, -0.03906052, -0.22624878,  0.04689738,  0.07717712,  0.03089671,  0.02986265, -0.16911034, -0.02483657,  0.24438785, -0.05655212, -0.20468829,  0.08853312,  0.09666885, -0.04668198, -0.03214043, -0.02809902,  0.05063178
  0.01418040, -0.01138055, -0.03717160, -0.02624363,  0.11528474,  0.02161341, -0.16517867, -0.01231436,  0.20296322, -0.02374816, -0.21162523,  0.05124077,  0.20096611, -0.02917567, -0.14555203, -0.04745531,  0.09828323,  0.15397292, -0.14240870, -0.20786255,  0.15527511,  0.26668915, -0.15144705, -0.26610333,  0.14064863,  0.25622617, -0.12024652, -0.27136732,  0.04459301,  0.27233173, -0.00328270, -0.27932338,  0.02191829,  0.24922292, -0.02932505, -0.18820893, -0.00482019,  0.08054945,  0.07768776, -0.02374039, -0.11975669,  0.03953871,  0.14829745, -0.07079438, -0.12737673,  0.07601633,  0.08358112, -0.05501705, -0.03247037,  0.03228309
 -0.00332699,  0.00740794,  0.02219668,  0.02908331, -0.09270214, -0.02471770,  0.13130187, -0.02038978, -0.18811479,  0.09411988,  0.23019235, -0.15746824, -0.22391944,  0.23685880,  0.14299375, -0.28654759, -0.04827830,  0.23950085, -0.00648816, -0.16135750,  0.04686159,  0.11990926, -0.07519230, -0.06408451,  0.07196633, -0.02252184, -0.03727804,  0.07857131, -0.01182132, -0.07413894,  0.06888525,  0.06376328, -0.13087450, -0.05946988,  0.19896429,  0.00607862, -0.24756980,  0.11127389,  0.24040393, -0.20569753, -0.20025614,  0.22886446,  0.11652040, -0.24438813, -0.03803984,  0.23638687, -0.03270261, -0.18748184,  0.05195993,  0.07077384
  0.00313155, -0.00581306, -0.00328381, -0.01958866,  0.10087139, -0.09299395, -0.08843010,  0.17367136,  0.00041609, -0.20874052,  0.10245272,  0.21082518, -0.16623177, -0.17221608,  0.23296997,  0.07560073, -0.28303803,  0.04157252,  0.20084027, -0.05539012, -0.14967167,  0.12432291,  0.08681996, -0.13981157, -0.02331288,  0.10463544, -0.07108412, -0.05114888,  0.10854150, -0.00893644, -0.09786077,  0.07528143,  0.08820709, -0.16699689, -0.04704083,  0.20786423, -0.02108755, -0.23901790,  0.14820643,  0.20692734, -0.20323573, -0.15871283,  0.22916112,  0.06949249, -0.24844954,  0.03696379,  0.23155278, -0.12039676, -0.13513143,  0.11727889
  0.02372568, -0.07306556,  0.09650523,  0.04452754, -0.22017480,  0.16276299,  0.06270157, -0.21820549,  0.15158691,  0.00349085, -0.09978468,  0.16119301, -0.14985451,  0.02396666,  0.10981263, -0.16243975,  0.14183027, -0.06726484, -0.08432409,  0.23506458, -0.21271913,  0.02469353,  0.14086201, -0.17056395,  0.11824040, -0.04369176, -0.04051347,  0.15486041, -0.21253330,  0.12075913,  0.10283073, -0.26894164,  0.21572243, -0.02413366, -0.11912806,  0.18565988, -0.17966933,  0.06539877,  0.12209497, -0.23849219,  0.14751152, -0.00738877, -0.11997196,  0.20058497, -0.14941702, -0.05117834,  0.19300691, -0.13840129, -0.03831237,  0.08079392
  0.02215322, -0.01039524, -0.05561241,  0.07662035,  0.02446121, -0.17053493,  0.16827121, -0.03496395, -0.11048312,  0.18139896, -0.13019166,  0.01187378,  0.12564809, -0.19453495,  0.13725649, -0.02303109, -0.13189658,  0.23781922, -0.20429305,  0.07172539,  0.10717989, -0.19584035,  0.16421520, -0.05063438, -0.10591581,  0.18896570, -0.17505671,  0.08247796,  0.07875843, -0.21766392,  0.22895527, -0.07864537, -0.13135614,  0.21865619, -0.16858017,  0.04758834,  0.11557563, -0.23718620,  0.21370675, -0.04797554, -0.14212004,  0.20062682, -0.16140694,  0.02521786,  0.14342324, -0.20449723,  0.11259253,  0.02887116, -0.12141362,  0.09019278
 -0.00286030,  0.05586515, -0.14458390, -0.05104829,  0.34308815, -0.34127145,  0.20270136, -0.08301588,  0.12969771, -0.16766562,  0.04735131, -0.06064333,  0.14783125, -0.17176744,  0.21652983, -0.20909759,  0.17459193, -0.05445134, -0.02489781, -0.04608634, -0.00042828,  0.06191980, -0.04984058,  0.00590924,  0.04409756,  0.06524298, -0.17139747,  0.16308877, -0.12365154,  0.02210723, -0.05841757,  0.12651025, -0.06072304,  0.03274014, -0.06398033,  0.09655886, -0.06848922, -0.04583843,  0.04858366, -0.07998199,  0.22529264, -0.15709961,  0.07222701, -0.01322341, -0.00125861, -0.01433586,  0.00593486, -0.10891142,  0.38119013, -0.29411957
 -0.03143537,  0.12886768, -0.21089226,  0.03832429,  0.16540579, -0.09283349, -0.07161817,  0.18145300, -0.17187812,  0.17951002, -0.28059611,  0.25812107, -0.16906919,  0.11871491, -0.04475247,  0.02452951, -0.02366189,  0.03672475, -0.00621804, -0.10089236,  0.09907074, -0.09397779,  0.14991453, -0.19745666,  0.22352510, -0.13313344,  0.05072246, -0.07033397,  0.11470636, -0.18080869,  0.11650006, -0.01828864,  0.02182052,  0.00141321, -0.07031321,  0.13136201, -0.14381846,  0.09218408, -0.10086511,  0.07583625,  0.01215054,  0.08512680, -0.18283389,  0.23547420, -0.24135183,  0.21334390, -0.18092408,  0.05310957,  0.20425047, -0.19423188
  0.07726697, -0.10081965, -0.01423991, -0.00015540,  0.16303807, -0.27102999,  0.22422664, -0.11774993,  0.09555770, -0.07285029, -0.03493495,  0.10949291, -0.13174789,  0.15232462, -0.15386880,  0.14236880, -0.16241521,  0.23691528, -0.25442101,  0.19188198, -0.17445637,  0.18823851, -0.16428697,  0.09291032,  0.00114577, -0.01620131,  0.00190623,  0.01537304,  0.00110632, -0.11018318,  0.15776392, -0.14521119,  0.16154116, -0.18955946,  0.21332490, -0.16978940,  0.12086550, -0.14157008,  0.08890241, -0.08067412,  0.13530573, -0.13240111,  0.06613594,  0.02537256, -0.09200291,  0.12022261, -0.21256156,  0.24095172, -0.10148912,  0.02048574
 -0.17945756,  0.21636668,  0.09583067, -0.18714849,  0.02807307,  0.01717952,  0.16925799, -0.26032805,  0.03487111,  0.18028298, -0.13593595,  0.03389124, -0.03750903,  0.07715286, -0.12213099,  0.09860104,  0.08659565, -0.25691470,  0.14725824,  0.12212145, -0.19330842,  0.04338082,  0.02720140,  0.05240402, -0.19984958,  0.15610252,  0.05598495, -0.24098447,  0.24045244,  0.04313618, -0.17905440,  0.07389748,  0.01944709, -0.00538352, -0.09334291,  0.04997557,  0.13004088, -0.19849289,  0.29113021, -0.15598803, -0.11379083,  0.17489738, -0.05103843, -0.03593678, -0.03273393,  0.20303360, -0.09710510, -0.13043485,  0.12972339, -0.09142220
  0.06706542, -0.18832023,  0.23261219, -0.19359825,  0.15174015, -0.11756696,  0.01542727,  0.15650976, -0.25843233,  0.22986216, -0.14596302,  0.06655950,  0.00529034, -0.09240471,  0.18293901, -0.23800576,  0.19420382, -0.02976766, -0.12725605,  0.15774544, -0.09213087,  0.03474891, -0.02275062, -0.00868501,  0.09413452, -0.16955857,  0.15568523, -0.02275774, -0.13196683,  0.17493664, -0.09773033, -0.00172477,  0.06678619, -0.12377684,  0.20725251, -0.26574233,  0.23249762, -0.11393232, -0.06461709,  0.19768460, -0.20506672,  0.12451575, -0.06152588,  0.04481227, -0.02259825, -0.06177723,  0.13587154, -0.12667123,  0.08043768, -0.02498415
  0.03319346,  0.02778939, -0.07068542, -0.00635147,  0.02854651,  0.01080078, -0.03369599, -0.08382641,  0.22071849, -0.11851392, -0.12570591,  0.25984926, -0.20616566,  0.01993340,  0.09366251, -0.07953464,  0.02599140, -0.06052874,  0.20825220, -0.18676064, -0.05796500,  0.27281803, -0.26410764,  0.02644179,  0.16162958, -0.12829547,  0.03767018,  0.01094958,  0.10097739, -0.15782380, -0.02012544,  0.23680423, -0.28612974,  0.10826234,  0.12292219, -0.15030627,  0.08180659, -0.03833058,  0.04223964, -0.14399399,  0.05146031,  0.14817729, -0.27935084,  0.16120115,  0.11669741, -0.26638787,  0.11498847,  0.04605649, -0.10945389,  0.10424262
  0.01691877, -0.06706732,  0.07517245, -0.02077268,  0.00067506, -0.00233692, -0.06123598,  0.12538483, -0.05628997, -0.11872927,  0.20074617, -0.05990641, -0.13694520,  0.19323166, -0.09508326, -0.04771558,  0.06639704,  0.00914375, -0.01466196, -0.09924973,  0.20127507, -0.06946622, -0.20423417,  0.33910364, -0.23589136, -0.00215142,  0.11041598, -0.05721696,  0.01240154, -0.08743286,  0.22661022, -0.19418116, -0.03294744,  0.19461079, -0.14291099, -0.05532741,  0.17839134, -0.13375292,  0.05497953, -0.02301176,  0.07938076, -0.09535128, -0.07647086,  0.28059265, -0.28608045,  0.05841079,  0.22470413, -0.28874709,  0.14468260, -0.02806528
  0.01769347,  0.00126751,  0.04656406, -0.08401677, -0.04858156,  0.19756131, -0.22241707,  0.15874745, -0.07893838,  0.07704248, -0.08907432, -0.01056363,  0.09040731, -0.15683337,  0.12986131, -0.01198122,  0.01278293, -0.07763927,  0.17920144, -0.18905327,  0.05283016,  0.00370543, -0.05762916,  0.08997195, -0.15349532,  0.33102953, -0.35015095,  0.29140262, -0.11310277, -0.02243170,  0.01690100, -0.05184275,  0.14293654, -0.21125201,  0.24475205, -0.13755430,  0.06525931, -0.07222448,  0.09014749, -0.18494260,  0.08057545,  0.07685566, -0.15193556,  0.16396809, -0.13707140,  0.12847117, -0.21339754,  0.14095422,  0.01250213, -0.01719345
  0.00497079,  0.00666995, -0.00270818, -0.01236979, -0.04183395,  0.09995491, -0.03501926, -0.05201375,  0.11841180, -0.13223622,  0.10520486, -0.17611653,  0.21411921, -0.19307932,  0.11740204,  0.02572513, -0.04550394,  0.03985371, -0.06021883,  0.10032013, -0.22198016,  0.21048702, -0.14676045,  0.08410062, -0.01691210,  0.04855663,  0.03232412, -0.15675187,  0.26331090, -0.30289623,  0.21440860, -0.16359836,  0.19505582, -0.16502490,  0.08782301,  0.06364643, -0.16892723,  0.16911281, -0.18060642,  0.15156393, -0.19225490,  0.25536887, -0.17520602,  0.06151967,  0.02540173, -0.08197711,  0.04610613, -0.08800969,  0.21581089, -0.14519041
 -0.05406034,  0.10047172, -0.15762373,  0.14988778, -0.00280286, -0.09812161,  0.07447041, -0.03777711, -0.00130369, -0.01013362,  0.04904573,  0.00538627, -0.01057716,  0.01517975,  0.03276001, -0.13105640,  0.07205418,  0.00706967, -0.10877730,  0.17607231, -0.12658156,  0.16944715, -0.17560170,  0.19336413, -0.20888162,  0.09345729, -0.11154806,  0.12338350, -0.18720608,  0.21638258, -0.13623099,  0.11804030, -0.15582327,  0.16238011, -0.18024178,  0.09946949, -0.07385220,  0.13494793, -0.17060447,  0.28276947, -0.22848961,  0.15515147, -0.16580932,  0.18035674, -0.19963075,  0.22121637, -0.12649684,  0.14400366, -0.22005212,  0.10243699
 -0.01327255,  0.03105677, -0.12479583,  0.15952549, -0.01128048, -0.14297372,  0.15445081, -0.14334148,  0.12220624, -0.12686517,  0.17040000, -0.12373732,  0.12742175, -0.11107237,  0.13837532, -0.27574470,  0.27222422, -0.24756474,  0.19453886, -0.13214740,  0.18590004, -0.14180729,  0.14263635, -0.11837967,  0.06185919, -0.15648430,  0.14756985, -0.15977972,  0.10973951, -0.07648766,  0.14394679, -0.16138894,  0.12326115, -0.10723353,  0.06096399, -0.10691121,  0.12775455, -0.09559005,  0.06668633,  0.06734157, -0.05867296,  0.00631307, -0.03305515,  0.06112020, -0.11036170,  0.17907576, -0.13262471,  0.16972865, -0.27095125,  0.15834751
  0.05393622, -0.06924407, -0.14496158,  0.19876654, -0.00040559, -0.11109349,  0.04768552,  0.06347621, -0.14923538,  0.19811837, -0.23508352,  0.24305486, -0.14746270,  0.12715751, -0.03252297, -0.16382962,  0.23138644, -0.24008781,  0.15563667, -0.06212754, -0.00490146,  0.13086781, -0.12980395,  0.19151378, -0.23820824,  0.15632512, -0.11401086, -0.03596984,  0.05311863, -0.11467464,  0.17509404, -0.15725221,  0.15691432, -0.09452122, -0.03890813,  0.08410212, -0.12696544,  0.07219263, -0.06426872,  0.13516543,  0.00845960, -0.10833200,  0.20526348, -0.26701342,  0.21822924, -0.14551895,  0.10867379,  0.01335042, -0.04974122,  0.01755074
 -0.11973413,  0.22237804, -0.10892973,  0.01811456, -0.06268335,  0.17255124, -0.23586003,  0.22253754, -0.20059165,  0.13672026, -0.02585388, -0.05278190,  0.11352911, -0.20823494,  0.26017816, -0.19115435,  0.05508834,  0.05923468, -0.14761438,  0.20552111, -0.20320693,  0.17335628, -0.14965747,  0.07305731,  0.02711069, -0.12843509,  0.16708392, -0.14566288,  0.14476281, -0.09383569,  0.05374468,  0.00549800, -0.10414857,  0.13654023, -0.10475008,  0.02654379,  0.04932187, -0.04052621,  0.11721772, -0.21050647,  0.24720235, -0.24457795,  0.15497975, -0.04616076, -0.02208679,  0.09487635, -0.10404735,  0.09018224, -0.11517044,  0.03888855
 -0.34288349,  0.50916192, -0.34489851,  0.21714825, -0.06732639,  0.08844409, -0.04186159, -0.05112157,  0.00690144, -0.04394349,  0.05863205,  0.06341934, -0.07466892,  0.07279763,  0.00119067,  0.00705960, -0.10204097,  0.05001254, -0.10148419,  0.07028917,  0.04440999, -0.02596085,  0.05944874, -0.02462308, -0.01366786, -0.05854210, -0.09484183,  0.08342844, -0.11356345,  0.12197861,  0.03222762, -0.06922076,  0.09258714, -0.17341162,  0.16443896, -0.27868506,  0.22014638, -0.00579104,  0.03728606,  0.11718751, -0.01598973,  0.01034728, -0.01966768, -0.02978246,  0.09665633, -0.06228294,  0.23453739, -0.16408164,  0.02607219, -0.16564197
  0.25082098, -0.33442702, -0.25575622,  0.51734655, -0.27209599,  0.07758392, -0.05148232,  0.10905484, -0.04072314, -0.04324395, -0.00031204, -0.04983518,  0.13251133,  0.04816597, -0.12797558,  0.02654249,  0.04719337, -0.04192863, -0.04417630,  0.04462419, -0.09341730,  0.12521573,  0.04884548, -0.04041537,  0.03514298, -0.02581554,  0.00585138, -0.11728808, -0.04169734,  0.05072310, -0.12515610,  0.18815679, -0.01340221, -0.03758548,  0.00242186, -0.02546711,  0.04642445, -0.30528267,  0.22254919,  0.01020129,  0.01275688,  0.10627492, -0.04765485, -0.01036820, -0.06878959,  0.01549079,  0.00853439,  0.03202298,  0.22337726, -0.17365915
  0.26150221,  0.19545756, -0.35784758, -0.04910728, -0.02235844, -0.04304014, -0.02843008,  0.06704325,  0.11370677,  0.04459604, -0.05798909, -0.15554498, -0.10374622,  0.04733437, -0.01769721, -0.00351362,  0.12222107,  0.11949370,  0.04083458,  0.00236969, -0.14935616, -0.13920260, -0.03241937, -0.00476406,  0.05965379,  0.16876202,  0.18963909,  0.11553119, -0.01079871, -0.02808556, -0.16681973, -0.10312053,  0.11642293,  0.05882343,  0.08787080,  0.09792768,  0.12177510, -0.17128964, -0.26226790, -0.15719010, -0.15800348, -0.00282318,  0.10355123,  0.03099543, -0.01703611, -0.16203969, -0.18431836, -0.18049102,  0.20030274,  0.40405146
