  0.20398738,  0.21742443,  0.22920875,  0.23918851,  0.24698937,  0.25232030,  0.25514325,  0.25542731,  0.25342745,  0.24924454,  0.24309964,  0.23505618,  0.22524218,  0.21383130,  0.20100456,  0.18726331,  0.17293968,  0.15797448,  0.14270300,  0.12707668,  0.11127102,  0.09546145,  0.08010608,  0.06544722,  0.05173939,  0.03920386,  0.02798815,  0.01817837,  0.00971705,  0.00245596, -0.00367137, -0.00868437, -0.01256535, -0.01538638, -0.01750553, -0.01902035, -0.02005307, -0.02053678, -0.02045313, -0.02013668, -0.01976468, -0.01904931, -0.01790369, -0.01633455, -0.01447165, -0.01256005, -0.01059726, -0.00837462, -0.00584561, -0.00294518
 -0.35276354, -0.31781167, -0.27892446, -0.23636593, -0.19130116, -0.14602294, -0.10139991, -0.05839490, -0.01689872,  0.02242326,  0.05946088,  0.09329289,  0.12335577,  0.14907119,  0.16994108,  0.18697184,  0.20070287,  0.21016722,  0.21596150,  0.21719222,  0.21367208,  0.20538682,  0.19380840,  0.17952314,  0.16337031,  0.14630514,  0.12917584,  0.11268404,  0.09703014,  0.08202355,  0.06780946,  0.05473658,  0.04338097,  0.03391752,  0.02514096,  0.01686966,  0.00872908,  0.00122643, -0.00521929, -0.01180334, -0.01921246, -0.02607898, -0.03174439, -0.03594719, -0.03897991, -0.04164945, -0.04378297, -0.04421277, -0.04232992, -0.03742690
 -0.38300489, -0.27635205, -0.18024530, -0.09789504, -0.02747624,  0.03366090,  0.08589845,  0.13073153,  0.16355491,  0.18336456,  0.18743274,  0.17783174,  0.15703155,  0.12756845,  0.09292544,  0.04981360, -0.00224965, -0.05490102, -0.10828760, -0.15445490, -0.18942584, -0.20902879, -0.21674156, -0.21343570, -0.20159849, -0.18463771, -0.16587909, -0.14864813, -0.13385988, -0.12034696, -0.10838739, -0.09936436, -0.09616867, -0.10028449, -0.10601786, -0.11187673, -0.11557205, -0.11898911, -0.12360419, -0.12253541, -0.11066151, -0.09367985, -0.07502673, -0.05694727, -0.03882680, -0.01625261,  0.01046496,  0.03524117,  0.05355887,  0.05914847
 -0.21868590, -0.14808483, -0.06521384,  0.02566768,  0.11046076,  0.17448133,  0.21093612,  0.21478675,  0.18998634,  0.13892883,  0.06981672, -0.01101268, -0.09470042, -0.17241843, -0.23702185, -0.27310163, -0.27060098, -0.23463358, -0.16555213, -0.07900414,  0.01217929,  0.09487573,  0.16501716,  0.21563377,  0.24324961,  0.24766055,  0.23130077,  0.19857399,  0.15255636,  0.09533632,  0.03270301, -0.02679989, -0.07360524, -0.10166620, -0.11571034, -0.11622133, -0.10687263, -0.08727850, -0.05809057, -0.03048025, -0.01265389,  0.00077994,  0.01173152,  0.02078454,  0.02603152,  0.02319470,  0.01509336,  0.01114904,  0.01635450,  0.03548851
  0.17263721,  0.03711504, -0.06081190, -0.11309859, -0.12542701, -0.09920354, -0.04756127,  0.01207680,  0.07312791,  0.12685466,  0.16805321,  0.18818629,  0.17943465,  0.14082583,  0.07369137, -0.00634016, -0.08303615, -0.15292865, -0.19917487, -0.22093843, -0.21613940, -0.19108401, -0.14626153, -0.08613440, -0.01597382,  0.05833900,  0.13069753,  0.19677451,  0.24998692,  0.28214138,  0.28914740,  0.27233877,  0.23968111,  0.20140390,  0.15845136,  0.11554947,  0.07589944,  0.04674191,  0.03307847,  0.02516879,  0.01144812, -0.00421799, -0.01845958, -0.02830130, -0.03539256, -0.04963310, -0.07381520, -0.09924248, -0.11576235, -0.10846948
 -0.22172297, -0.13075069, -0.01435192,  0.09073236,  0.15224153,  0.17484960,  0.16674048,  0.14258087,  0.09739190,  0.03624214, -0.03922627, -0.10792934, -0.15117330, -0.15704635, -0.12440386, -0.07588935, -0.02770548,  0.02265860,  0.05523068,  0.06958706,  0.06629688,  0.05360726,  0.02294728, -0.01754981, -0.05911300, -0.09481396, -0.11780125, -0.12228444, -0.09965444, -0.04258926,  0.04379979,  0.14435017,  0.23318058,  0.28913751,  0.31526258,  0.30803024,  0.26779208,  0.18845435,  0.07496307, -0.03625994, -0.11365884, -0.16262708, -0.19076020, -0.20360369, -0.19676674, -0.15587440, -0.08451293, -0.00938502,  0.04221346,  0.04413027
  0.01632457, -0.06674867, -0.11168254, -0.11862112, -0.09003963, -0.04013646,  0.01748936,  0.07451210,  0.12162373,  0.15117105,  0.15515874,  0.13124599,  0.08567595,  0.03118999, -0.01559186, -0.04884979, -0.06982212, -0.07444347, -0.06680490, -0.04679376, -0.01917633,  0.01213863,  0.03889223,  0.05334757,  0.05000589,  0.02660192, -0.01591817, -0.07301295, -0.13382627, -0.18173596, -0.20100253, -0.18227826, -0.12574641, -0.04106843,  0.06175874,  0.16881913,  0.26684714,  0.33900282,  0.36931325,  0.35660917,  0.31323153,  0.25052239,  0.17965160,  0.10868529,  0.04475304, -0.00124559, -0.02106720, -0.01576328,  0.00654450,  0.02761586
  0.10573641,  0.10997904,  0.08681575,  0.02276410, -0.05147758, -0.10428410, -0.12538269, -0.11596755, -0.08657074, -0.04582928, -0.00247662,  0.03752952,  0.06726406,  0.08139763,  0.07711824,  0.04780296, -0.00497551, -0.06468991, -0.11841208, -0.14054774, -0.11941265, -0.05799429,  0.02702450,  0.11539377,  0.18129392,  0.20336798,  0.17194861,  0.09265340, -0.01331235, -0.11672126, -0.19208257, -0.22367024, -0.20561036, -0.14210543, -0.04786327,  0.04534549,  0.10766857,  0.11522841,  0.06316756, -0.03164706, -0.14717395, -0.26260861, -0.34596408, -0.36883689, -0.31974691, -0.21092632, -0.08015154,  0.02790032,  0.08692889,  0.09113975
  0.16341501,  0.10316755, -0.02769612, -0.15275024, -0.17186118, -0.13016660, -0.06160761, -0.00565827,  0.03844211,  0.06944276,  0.10503820,  0.12553309,  0.11876618,  0.06944055, -0.01554581, -0.09400104, -0.13819485, -0.14823717, -0.10664061, -0.02193030,  0.07489722,  0.14568376,  0.18901524,  0.17992142,  0.11260864,  0.00910639, -0.09388477, -0.16305461, -0.18379832, -0.16091398, -0.10195311, -0.01957764,  0.07781601,  0.16800210,  0.19974280,  0.15742937,  0.05015122, -0.07064080, -0.15468945, -0.20494036, -0.22895239, -0.19342600, -0.08358580,  0.08100832,  0.24196919,  0.32396825,  0.29261894,  0.17781371,  0.04001944, -0.05046046
  0.24661279,  0.14145814, -0.10002073, -0.32765007, -0.30316538, -0.07236732,  0.17629609,  0.27370491,  0.19593498,  0.06152760, -0.02991203, -0.08814150, -0.15384808, -0.20828739, -0.14824725,  0.02082461,  0.15980609,  0.16650065,  0.02299775, -0.09555062, -0.08320239,  0.02872439,  0.10754497,  0.07886380, -0.00862506, -0.05919937, -0.05313765, -0.05562762, -0.10195076, -0.13793352, -0.09742558,  0.00015970,  0.06231872,  0.01784229, -0.08128179, -0.15335395, -0.13887043, -0.06461931, -0.01020722, -0.00329607, -0.02153816, -0.05119575, -0.06763156, -0.07327689, -0.08630566, -0.11637233, -0.17330401, -0.24898772, -0.28169300, -0.24125938
 -0.09776524,  0.04522092,  0.17007835,  0.12285096, -0.11918519, -0.29609336, -0.18930067,  0.12330775,  0.33687083,  0.23123575, -0.07109179, -0.24849532, -0.14698242,  0.06245223,  0.10184764, -0.03558929, -0.11571839, -0.00731745,  0.18284049,  0.18125502, -0.04327242, -0.24338859, -0.17598444,  0.08581513,  0.23920056,  0.11277657, -0.12871968, -0.19393991, -0.02621964,  0.14689443,  0.11732385, -0.05227350, -0.13228147, -0.02243185,  0.11948660,  0.10906732, -0.05464256, -0.17267378, -0.09498260,  0.08762206,  0.17270443,  0.09271494, -0.05914483, -0.13060124, -0.06872649,  0.03960129,  0.09170783,  0.05919293, -0.02558238, -0.08364018
  0.05996415, -0.00017188,  0.00313616,  0.05364788,  0.06749729, -0.07022301, -0.24673897, -0.24150555,  0.01180732,  0.30551907,  0.35270995,  0.09698517, -0.20366100, -0.26852759, -0.08994033,  0.07554428,  0.04510785, -0.07787543, -0.07949105,  0.09343325,  0.21531546,  0.10108887, -0.13614836, -0.21297193, -0.02929721,  0.19765954,  0.19109736, -0.04771380, -0.24147137, -0.17894461,  0.03943046,  0.14681601,  0.04592305, -0.09742004, -0.08819267,  0.03965163,  0.09230729, -0.02418025, -0.17852491, -0.18100143, -0.02339759,  0.12563765,  0.12695889,  0.00017321, -0.11561769, -0.12478536, -0.06390756, -0.02618652, -0.05000080, -0.10498148
  0.14733363, -0.06994316, -0.21159163, -0.14783605,  0.05667295,  0.20408817,  0.18394749,  0.07176745, -0.00280828, -0.06006879, -0.15631412, -0.24486538, -0.17460408,  0.09104565,  0.34212193,  0.32442807,  0.02255543, -0.27386035, -0.25757338, -0.00540199,  0.15892041,  0.06345030, -0.09264366, -0.07427748,  0.08545976,  0.14656905, -0.00273208, -0.17991101, -0.14866302,  0.06999881,  0.21585612,  0.10793336, -0.11725140, -0.19440342, -0.07338132,  0.07625094,  0.10035104,  0.04066679,  0.01931766,  0.03565996,  0.01071366, -0.06164092, -0.10206752, -0.03071859,  0.09950540,  0.13678806,  0.03070999, -0.09727695, -0.09508792,  0.05219554
  0.13771128, -0.03136097, -0.09058105, -0.07960470,  0.06801786,  0.09872623,  0.01535818, -0.06200235, -0.10499176, -0.10273068, -0.03958134,  0.08043548,  0.20070066,  0.17338432,  0.00318876, -0.22226940, -0.31850306, -0.10870336,  0.14000448,  0.22654733,  0.06520177, -0.09843580, -0.06187117,  0.09696434,  0.14356495,  0.00473297, -0.15991670, -0.18073173, -0.06049669,  0.04397380,  0.01075894, -0.09830186, -0.12857862, -0.05519115,  0.05919413,  0.08795947,  0.04168536, -0.03813721, -0.14359983, -0.20201058, -0.13076121,  0.01722277,  0.16162884,  0.16713453, -0.02636716, -0.27189523, -0.38287757, -0.30355615, -0.10709563, -0.01897490
  0.07629805, -0.00459687, -0.12902756, -0.10377071,  0.08993025,  0.20110765,  0.05943427, -0.17865527, -0.21535036,  0.00961497,  0.23661658,  0.19676624, -0.06213787, -0.24777409, -0.15877193,  0.07799108,  0.18836031,  0.10705975, -0.03685827, -0.10153074, -0.08131059, -0.02244247,  0.05663858,  0.11579725,  0.07767194, -0.06681705, -0.18253221, -0.11350420,  0.10455245,  0.23246619,  0.09374059, -0.17940868, -0.25961208, -0.03130888,  0.24495738,  0.23256082, -0.05201240, -0.26496515, -0.17070329,  0.09403355,  0.22201332,  0.08965896, -0.11490120, -0.15146368, -0.02410800,  0.07600090,  0.04061171, -0.03723719, -0.01829665,  0.05912213
  0.09058518, -0.09506607, -0.07870861,  0.06761644,  0.17168161,  0.00953383, -0.21391283, -0.17785808,  0.08003205,  0.24264833,  0.10929451, -0.14744938, -0.20588275, -0.01726235,  0.19317184,  0.14938312, -0.08559407, -0.17567159, -0.09139200,  0.05159702,  0.08168817,  0.05358443,  0.05084852,  0.03792022, -0.05075238, -0.13307224, -0.06952770,  0.10053924,  0.16237493, -0.00577620, -0.23477140, -0.22585501,  0.05943028,  0.28422067,  0.17973205, -0.14983439, -0.29049730, -0.08901833,  0.16312445,  0.16593840, -0.04075053, -0.19350174, -0.08950003,  0.11654627,  0.13583822, -0.04782504, -0.20121266, -0.15719473,  0.00619063,  0.03203972
 -0.10293505,  0.02874006,  0.13238224,  0.07591535, -0.07387013, -0.12978052, -0.01590283,  0.11744663,  0.10950528, -0.03185036, -0.14212339, -0.12097230, -0.00066305,  0.10991001,  0.13583176,  0.10509118,  0.01990202, -0.14446821, -0.24780186, -0.16583249,  0.08611031,  0.28360856,  0.23210701, -0.02798619, -0.23662768, -0.20578861, -0.00067261,  0.16323562,  0.15281214,  0.01835674, -0.10912116, -0.16199141, -0.13571492, -0.02288073,  0.13299757,  0.23314872,  0.13540833, -0.11616421, -0.27831553, -0.19132481,  0.06099492,  0.25141045,  0.19771148, -0.01726182, -0.15894374, -0.13059542, -0.04075627, -0.02686443, -0.08510620, -0.06987771
 -0.00445242,  0.10573752,  0.00439002, -0.14502522, -0.11615784,  0.05775717,  0.16476340,  0.08094381, -0.09530508, -0.15709049, -0.05318149,  0.08971889,  0.14162943,  0.07872429, -0.01601623, -0.09771515, -0.16837025, -0.13844012,  0.02492037,  0.22646690,  0.26632297,  0.07139808, -0.19851823, -0.28392094, -0.11143837,  0.13175520,  0.21825344,  0.10121823, -0.07614800, -0.16511929, -0.14007444, -0.04576964,  0.07935467,  0.17944132,  0.16934006, -0.00182750, -0.22120402, -0.26660408, -0.06903733,  0.19019243,  0.27025221,  0.09270482, -0.15221595, -0.21972091, -0.09843102,  0.03395113,  0.04294147, -0.01631553, -0.00184712,  0.06678363
  0.15368814,  0.14882859, -0.04050074, -0.21505726, -0.16051502, -0.08978505, -0.03792998,  0.02023492,  0.08769340,  0.11654819,  0.09019608,  0.03662473,  0.00052521, -0.03068761, -0.03903138, -0.06767100, -0.12828019, -0.11323870, -0.02444539,  0.13297740,  0.21642797,  0.19157976,  0.12357674,  0.01622874, -0.13794047, -0.24726463, -0.22370207, -0.08758222,  0.07926605,  0.20080623,  0.22668570,  0.12911974, -0.02329273, -0.12671081, -0.15303811, -0.13961664, -0.06936793,  0.03494782,  0.09422334,  0.06001987,  0.00707741, -0.01222121, -0.01864051, -0.08514999, -0.19099255, -0.19200643, -0.03125191,  0.20350577,  0.36251032,  0.31735617
 -0.18521756,  0.06415375,  0.13374554,  0.11254043,  0.11574573, -0.08889008, -0.16123648, -0.01496879,  0.00461345, -0.11317774, -0.06933047,  0.10286003,  0.14580590,  0.01001859, -0.00031686,  0.11875698,  0.05313264, -0.10949734, -0.17514120, -0.14453563, -0.12425543,  0.00942601,  0.22777141,  0.26097578,  0.10115785,  0.00249284, -0.01875916, -0.17710877, -0.32823777, -0.16591820,  0.15315121,  0.24789833,  0.14950217,  0.10100209,  0.03076089, -0.12441052, -0.20782130, -0.10830694,  0.02567938,  0.05734533,  0.12722867,  0.17292550,  0.03576525, -0.09475228, -0.04519662,  0.02012394, -0.13242118, -0.26026124, -0.02895886,  0.32100652
  0.06582664,  0.02103841, -0.15233995, -0.17359495,  0.18697207,  0.25039368, -0.11616732, -0.19852545,  0.12868606,  0.14064688, -0.17527006, -0.16916672,  0.16289075,  0.14515859, -0.12730996, -0.05553457,  0.12772928,  0.00827369, -0.11141536,  0.04396165,  0.08453263, -0.14010756, -0.10403594,  0.17548220,  0.12386617, -0.16211260, -0.07780100,  0.18891679,  0.04233231, -0.22915972, -0.06148689,  0.18117571,  0.03748869, -0.11095490,  0.04493121,  0.10895638, -0.11426983, -0.14128107,  0.10499577,  0.08099648, -0.11096623,  0.02842531,  0.20978368, -0.03175649, -0.30194124, -0.06063048,  0.28332398,  0.12881241, -0.15981441, -0.04177603
  0.14663853, -0.07245419, -0.16412409,  0.00783530,  0.14665310, -0.09367292, -0.16502329,  0.14838072,  0.20255520, -0.10792554, -0.12395731,  0.16103443,  0.08178715, -0.23138918, -0.09697103,  0.13711221, -0.02973505, -0.11395532,  0.11151793,  0.25716508, -0.01455338, -0.16224582,  0.03712196,  0.03450682, -0.23860362, -0.14393439,  0.21077857,  0.16664807, -0.07571128,  0.03046509,  0.16038392, -0.10280735, -0.27739387, -0.01721993,  0.17592059, -0.04952750, -0.08016292,  0.20019868,  0.12853636, -0.20440863, -0.14841600,  0.09602343,  0.01558644, -0.18435838, -0.01178370,  0.24659210,  0.08857036, -0.14116716, -0.01015012,  0.01448030
 -0.15406696,  0.07530751,  0.19270907,  0.12953135, -0.22457549, -0.12579982,  0.02871888,  0.01936993,  0.05426624,  0.08318063, -0.11127927,  0.05737100,  0.17592399, -0.13846849, -0.23556653,  0.03792025,  0.15965349,  0.02965158, -0.14498356,  0.00375339,  0.23495827,  0.07021186, -0.23690190, -0.08116851,  0.06086050, -0.06383184, -0.02888559,  0.11029944,  0.07759412, -0.02303412,  0.02903883,  0.09860378, -0.14906629, -0.27675115,  0.12674025,  0.23898643, -0.05497365, -0.05367325,  0.12285976,  0.11313172, -0.11784176, -0.30068141, -0.04949684,  0.22622575,  0.15500169,  0.07049504, -0.10985813, -0.28340877,  0.00941759,  0.15263938
  0.01173697, -0.08741833,  0.13145219,  0.00353717, -0.20023477,  0.21964560, -0.04941108, -0.13095055,  0.24099225, -0.16712834, -0.07580514,  0.24182038, -0.21195292,  0.00983029,  0.16614249, -0.19756887,  0.14302295,  0.05846463, -0.20686560,  0.13880131,  0.03206465, -0.19289368,  0.16235800, -0.03392116, -0.09182711,  0.19022945, -0.11294746, -0.02643384,  0.15626445, -0.19555440,  0.04502531,  0.15138808, -0.20993760,  0.09372713,  0.10920094, -0.16393185,  0.11424233, -0.00299102, -0.15559217,  0.19215671, -0.06141187, -0.12436984,  0.20198033, -0.06605887, -0.04830612,  0.13383315, -0.15352208, -0.00163101,  0.16307990, -0.08419271
 -0.08699106,  0.08321593,  0.08707433, -0.14582046,  0.08569998,  0.02930428, -0.18421876,  0.23553427, -0.02376908, -0.20782786,  0.20784039, -0.06173555, -0.09119285,  0.17648048, -0.19853938,  0.02841399,  0.23600184, -0.21331320,  0.00420053,  0.13553249, -0.16323189,  0.10552011,  0.00576575, -0.19936506,  0.19002103, -0.00981377, -0.12589833,  0.21235288, -0.11521823, -0.08803547,  0.24279504, -0.14648693, -0.09960355,  0.13720108, -0.08761924,  0.08646785,  0.06470622, -0.20739681,  0.16185145,  0.11078094, -0.23729798,  0.06063019,  0.04619924, -0.04775671,  0.17728588, -0.08638561, -0.16145073,  0.15698746,  0.02836907, -0.09213243
 -0.12452181,  0.11732374,  0.02738539,  0.04795580, -0.17011927, -0.00467136,  0.23719578,  0.02066341, -0.10781198, -0.08931960, -0.03719692,  0.12896071, -0.05156932, -0.18212120,  0.12408175,  0.21466094,  0.05112524, -0.10477582, -0.05988220, -0.08183645,  0.09926938, -0.13838690, -0.13879355,  0.18006466,  0.06683922,  0.03586065,  0.16945477, -0.14368517, -0.14753371,  0.13846264,  0.01887150, -0.08983002, -0.05992316,  0.13999437,  0.20979719, -0.00949602, -0.25994301,  0.00021262,  0.18354768, -0.01584976, -0.20490304,  0.02862655,  0.28218972,  0.17056526, -0.13504337, -0.23590772, -0.01009549,  0.31379505,  0.11221553, -0.18077687
 -0.00728230,  0.02861912, -0.04402422, -0.01944775,  0.15162101, -0.14057319, -0.08072463,  0.22336274, -0.08653004, -0.12531409,  0.16218953, -0.06750079, -0.04767177,  0.15747073, -0.13672615, -0.08852038,  0.22894365, -0.04041525, -0.20908405,  0.19271415, -0.00891829, -0.12096705,  0.17219238, -0.10366592, -0.14093748,  0.28154330, -0.05837099, -0.23620778,  0.21226151,  0.02176354, -0.15480642,  0.14668548, -0.05575327, -0.13820395,  0.23728071, -0.03146253, -0.22019814,  0.16686951,  0.07291753, -0.16489125,  0.10123508, -0.01578209, -0.12417629,  0.19785349, -0.01502191, -0.21034664,  0.15447106,  0.06389528, -0.14522020,  0.06115995
  0.00029169, -0.01662963,  0.00361956,  0.10439695, -0.11269291, -0.11773019,  0.23519828,  0.00159864, -0.21707219,  0.10744439,  0.05590058, -0.07785519,  0.08653908, -0.08608214, -0.09897604,  0.24846409,  0.02386966, -0.27451543,  0.10771212,  0.12722860, -0.13975324,  0.05029991, -0.02928209, -0.11868294,  0.25430929,  0.03915465, -0.30224875,  0.12618608,  0.16505450, -0.17349822,  0.02451416,  0.02702657, -0.10980152,  0.20577550,  0.05261959, -0.28085723,  0.09043016,  0.18846020, -0.16221157, -0.03282756,  0.04662204, -0.06407444,  0.16997967,  0.04125893, -0.26170616,  0.08315668,  0.18611018, -0.13174497, -0.02669974,  0.08745187
  0.00273190, -0.02737152,  0.01798910,  0.04483033, -0.00652834, -0.05620361, -0.05440014,  0.15172253,  0.01677743, -0.22523343,  0.05884885,  0.22155027, -0.10815674, -0.12098244,  0.04931166,  0.05298622,  0.07899935, -0.05322122, -0.21813229,  0.10732240,  0.27020128, -0.14936321, -0.26206079,  0.15962416,  0.24358875, -0.10539072, -0.23280995,  0.01024155,  0.24319510,  0.05663895, -0.28388866, -0.05401201,  0.31214603,  0.00063081, -0.22242166,  0.01290673,  0.07046997,  0.04701638,  0.04301527, -0.16380675, -0.04331271,  0.24288552, -0.02245046, -0.20523530,  0.05755881,  0.10207142, -0.02622182, -0.02739531, -0.03068425,  0.04242860
  0.02506467, -0.00954117, -0.03962141, -0.03677935,  0.12151689,  0.03523255, -0.17568330, -0.03606843,  0.21010898,  0.00335396, -0.21906348,  0.02275450,  0.21190505, -0.00330382, -0.15179292, -0.07212352,  0.08455170,  0.17115978, -0.12105502, -0.22250040,  0.12640326,  0.28978537, -0.11534942, -0.28591163,  0.10529191,  0.26718253, -0.08848881, -0.27283143,  0.01312111,  0.27021318,  0.02925846, -0.27814736, -0.00923337,  0.24094314, -0.01010405, -0.18312442, -0.01296658,  0.07072115,  0.07303771, -0.01308334, -0.11729417,  0.01319930,  0.13408510, -0.06148167, -0.12916483,  0.06163736,  0.07576550, -0.06372042, -0.04110095,  0.02213830
 -0.01017107,  0.00831856,  0.02326066,  0.03365983, -0.08758328, -0.03669836,  0.13261281, -0.00398790, -0.19560699,  0.07372970,  0.24188035, -0.13515685, -0.23792188,  0.21723224,  0.16429671, -0.27285204, -0.07116856,  0.23395293,  0.00962669, -0.16399530,  0.03833796,  0.12592997, -0.07021136, -0.06949025,  0.07185452, -0.01814455, -0.04607790,  0.07282350, -0.00156673, -0.07544664,  0.06139952,  0.07483808, -0.12583237, -0.07182873,  0.19592877,  0.01997016, -0.25136389,  0.09390906,  0.25588450, -0.18250126, -0.21742642,  0.21500185,  0.14099374, -0.23676338, -0.06098776,  0.23971907, -0.01013328, -0.18859170,  0.04304072,  0.07250958
  0.01146888, -0.00774054, -0.00596174, -0.02771283,  0.11095848, -0.08557661, -0.10855428,  0.17148880,  0.02374431, -0.21313837,  0.07950090,  0.21952195, -0.14652736, -0.18636296,  0.21837538,  0.09212083, -0.27979046,  0.02814183,  0.20164870, -0.04192491, -0.15799242,  0.11788663,  0.09725375, -0.13934822, -0.03217807,  0.10955898, -0.06441045, -0.05579735,  0.10705167, -0.00190753, -0.10338401,  0.06460362,  0.10160345, -0.16392150, -0.06559093,  0.21058618,  0.00188423, -0.25081243,  0.12374958,  0.21784933, -0.18523268, -0.17871522,  0.21110611,  0.08786655, -0.24328268,  0.01427088,  0.22990645, -0.11338940, -0.14418525,  0.11614152
  0.01112185, -0.07180766,  0.09964307,  0.05599069, -0.22616582,  0.15878523,  0.07601378, -0.22064314,  0.14167286,  0.00026288, -0.09377606,  0.16684608, -0.15137358,  0.02390991,  0.11151096, -0.16100319,  0.14764036, -0.08033307, -0.08720445,  0.23634840, -0.20589261,  0.02412912,  0.13762900, -0.16430758,  0.12209078, -0.05381796, -0.04453477,  0.15208794, -0.21612401,  0.12498341,  0.10692775, -0.26334667,  0.21178616, -0.02363784, -0.11683527,  0.17980074, -0.18930611,  0.07610414,  0.13021012, -0.23230582,  0.15064153, -0.00767316, -0.11361071,  0.19992531, -0.15385513, -0.04439725,  0.19769808, -0.12756268, -0.03284785,  0.06306387
  0.02139215, -0.01107305, -0.05460384,  0.07771463,  0.02205513, -0.16943128,  0.17003787, -0.03707925, -0.10954514,  0.18131070, -0.13097105,  0.01378955,  0.12409080, -0.19453879,  0.13858958, -0.02449531, -0.12990305,  0.23672709, -0.20544891,  0.07404186,  0.10555223, -0.19581392,  0.16521174, -0.05211855, -0.10437070,  0.18813736, -0.17584545,  0.08395334,  0.07651731, -0.21637147,  0.23026362, -0.08098119, -0.12949090,  0.21872080, -0.16961593,  0.04916264,  0.11327302, -0.23594505,  0.21559740, -0.04999016, -0.14034564,  0.20087599, -0.16195177,  0.02752304,  0.14194175, -0.20434572,  0.11503714,  0.02833442, -0.12083185,  0.09048510
 -0.01365806, -0.05560003,  0.14709291,  0.06913698, -0.34971237,  0.33761476, -0.19087929,  0.08041292, -0.14295906,  0.16881140, -0.04693957,  0.07466802, -0.15046759,  0.17334283, -0.21588527,  0.20883122, -0.17196742,  0.04239936,  0.01866597,  0.04982735,  0.01010288, -0.06354809,  0.05548418, -0.00609553, -0.04130600, -0.07820515,  0.16544546, -0.16991366,  0.12112901, -0.01818062,  0.06977597, -0.12458260,  0.05789360, -0.03181429,  0.05788785, -0.09908547,  0.05749734,  0.05641310, -0.03568902,  0.09292081, -0.22296988,  0.15867699, -0.07244866,  0.01631978, -0.00634851,  0.02501607,  0.00382539,  0.12173812, -0.38262465,  0.27266828
 -0.01741181,  0.13149237, -0.21833382,  0.02220759,  0.17870654, -0.09748647, -0.07735743,  0.18421484, -0.16066652,  0.17803112, -0.28497252,  0.25004356, -0.16816631,  0.11578218, -0.04149042,  0.02249493, -0.02306537,  0.04680643, -0.00234616, -0.10550893,  0.09094334, -0.09263013,  0.14507594, -0.19943315,  0.22672656, -0.12275730,  0.05318374, -0.06136559,  0.11597500, -0.18747849,  0.10841937, -0.01880950,  0.02422986,  0.00088485, -0.06511371,  0.13635170, -0.13836583,  0.08361204, -0.11168975,  0.06211009,  0.01490501,  0.08265934, -0.18395375,  0.23753916, -0.23939908,  0.20619718, -0.19247582,  0.04234237,  0.21635500, -0.18368329
  0.07708474, -0.10199342, -0.01292222, -0.00169371,  0.16126536, -0.26936121,  0.22451319, -0.11732279,  0.09719169, -0.07322016, -0.03420844,  0.10769871, -0.13198368,  0.15157821, -0.15378834,  0.14331900, -0.16122876,  0.23840833, -0.25394119,  0.19211531, -0.17593706,  0.18787156, -0.16643467,  0.09336384,  0.00059725, -0.01477667,  0.00278743,  0.01616025,  0.00079834, -0.10963190,  0.15657407, -0.14568833,  0.16210654, -0.18886098,  0.21474562, -0.17021040,  0.12245637, -0.14213618,  0.08898181, -0.08164925,  0.13549758, -0.13105296,  0.06822906,  0.02659731, -0.08948840,  0.11989592, -0.21060741,  0.24132662, -0.10019406,  0.02676998
 -0.17937417,  0.21655655,  0.09562176, -0.18701778,  0.02809221,  0.01718291,  0.16918077, -0.26049938,  0.03498570,  0.18018022, -0.13590177,  0.03386583, -0.03740202,  0.07718186, -0.12222387,  0.09869810,  0.08634533, -0.25695611,  0.14730881,  0.12205590, -0.19326299,  0.04341421,  0.02738916,  0.05233834, -0.19986687,  0.15621495,  0.05580301, -0.24095922,  0.24054287,  0.04301272, -0.17901623,  0.07391724,  0.01943780, -0.00545027, -0.09347651,  0.05017016,  0.12979973, -0.19841652,  0.29109427, -0.15613250, -0.11373602,  0.17471112, -0.05110776, -0.03619729, -0.03279933,  0.20298529, -0.09744327, -0.13041601,  0.12950671, -0.09176719
  0.06783237, -0.18830430,  0.23175277, -0.19755013,  0.15105964, -0.11483042,  0.01372825,  0.15815419, -0.25263465,  0.22762027, -0.14808606,  0.06867929, -0.00028764, -0.09215057,  0.18440132, -0.23738406,  0.19681716, -0.02782132, -0.12183647,  0.15247556, -0.09410249,  0.03734709, -0.03125853, -0.00679903,  0.09612489, -0.16848960,  0.15804833, -0.02080270, -0.12960917,  0.17046110, -0.09853738,  0.00064978,  0.06287839, -0.11952826,  0.21084706, -0.26756191,  0.23640165, -0.11613536, -0.06448811,  0.19206926, -0.20264060,  0.12942904, -0.06472831,  0.05350554, -0.01981101, -0.06544122,  0.13988050, -0.12695423,  0.08518183, -0.01395992
  0.02102118,  0.02417410, -0.06803842,  0.00355596,  0.01869269,  0.01271397, -0.02747770, -0.08120764,  0.22232187, -0.13071734, -0.10785680,  0.25688213, -0.21695558,  0.03433664,  0.08204463, -0.07510562,  0.03140799, -0.05935177,  0.20713014, -0.19143411, -0.04344782,  0.26526755, -0.27684653,  0.04433308,  0.14586459, -0.13122886,  0.04403196,  0.00359951,  0.10193227, -0.15918629, -0.00551445,  0.22830484, -0.29208326,  0.12766641,  0.10677125, -0.14842434,  0.08743385, -0.03936710,  0.05337410, -0.14014176,  0.06253673,  0.14377747, -0.27219978,  0.17947715,  0.10836910, -0.25375668,  0.13836202,  0.04224208, -0.10203499,  0.11563187
  0.02043187, -0.06615796,  0.07675711, -0.02959390, -0.00103830,  0.00335052, -0.06628486,  0.13502414, -0.06453179, -0.11081665,  0.20471417, -0.08072377, -0.12385972,  0.18794914, -0.09887081, -0.03825563,  0.06370248,  0.01814557, -0.02161831, -0.09353805,  0.20043743, -0.08780326, -0.19149668,  0.33655570, -0.24479477,  0.01691333,  0.10553497, -0.05031167,  0.00848207, -0.08438348,  0.22510118, -0.21082707, -0.01109098,  0.18605462, -0.14379618, -0.04298786,  0.17386874, -0.13367459,  0.04785107, -0.02543713,  0.07816430, -0.10106586, -0.06049581,  0.27609523, -0.29199136,  0.07244988,  0.21015175, -0.29289199,  0.16078920, -0.02415435
 -0.00475437, -0.00173462,  0.04675332, -0.06252727, -0.05494946,  0.18698902, -0.20420010,  0.15612338, -0.08906440,  0.08702113, -0.09798795,  0.01872565,  0.06764622, -0.14043012,  0.12085976, -0.01745601,  0.02551573, -0.09092064,  0.18730550, -0.19655513,  0.07683174, -0.01020204, -0.04676274,  0.07839298, -0.15273368,  0.31666342, -0.36096163,  0.30369750, -0.14442032,  0.01875870, -0.00439093, -0.02324872,  0.11441410, -0.19233791,  0.23435088, -0.15000333,  0.07869755, -0.07859932,  0.12249080, -0.18285233,  0.10263889,  0.06237532, -0.13142539,  0.16275285, -0.12890520,  0.15106684, -0.20439969,  0.17881494, -0.02332343,  0.00680501
 -0.00835270,  0.00512924,  0.00252520, -0.00564274, -0.05398402,  0.12082537, -0.05043418, -0.04001854,  0.10925395, -0.12656572,  0.09756873, -0.16835844,  0.22421769, -0.21252240,  0.13483009,  0.01933859, -0.03798269,  0.02199777, -0.03861775,  0.08059271, -0.21307681,  0.21783054, -0.15655661,  0.09487874, -0.03739668,  0.07874478, -0.01406620, -0.12663332,  0.24650380, -0.29770879,  0.21857376, -0.16158864,  0.20450297, -0.18806497,  0.11354397,  0.04209017, -0.16351359,  0.16810305, -0.16000083,  0.14482803, -0.18241798,  0.27148949, -0.19405354,  0.08413017,  0.01353129, -0.05641011,  0.03096218, -0.05254241,  0.20384587, -0.14569085
 -0.02854747,  0.10482664, -0.15419211,  0.11830473,  0.01093664, -0.09567824,  0.05574786, -0.02387422, -0.00945916,  0.00503893,  0.03105390,  0.00889708, -0.03042405,  0.03631146,  0.01272710, -0.10587963,  0.04228076,  0.04117504, -0.13145456,  0.19099270, -0.14664117,  0.17181089, -0.18178617,  0.20154294, -0.20661282,  0.10775799, -0.10635295,  0.14061342, -0.19817775,  0.22469081, -0.16344417,  0.13106766, -0.17218940,  0.18499405, -0.19465810,  0.12099380, -0.08062389,  0.13227649, -0.19557843,  0.26144877, -0.23024299,  0.13859738, -0.15967464,  0.16604351, -0.19833905,  0.18904424, -0.13119182,  0.10235693, -0.19460825,  0.09381132
  0.00865605,  0.05033431, -0.15080512,  0.15935032,  0.00248546, -0.16545502,  0.15607120, -0.14839003,  0.12504412, -0.12544272,  0.17423750, -0.13127356,  0.11996125, -0.09922275,  0.13631728, -0.29381883,  0.27491771, -0.23887983,  0.17948201, -0.11172096,  0.17082472, -0.13273656,  0.13182859, -0.09891824,  0.04682577, -0.14663559,  0.15354580, -0.14412469,  0.08945133, -0.05346929,  0.11683661, -0.15190507,  0.10186985, -0.07941224,  0.03355456, -0.08636034,  0.12535900, -0.09414171,  0.02838398,  0.08157518, -0.09297934,  0.00555931, -0.05305230,  0.07028012, -0.14539362,  0.18521804, -0.16788831,  0.15674780, -0.29983642,  0.16916258
  0.07937366, -0.06333789, -0.15006324,  0.19630226,  0.01223232, -0.12498431,  0.04167419,  0.05221260, -0.14889846,  0.19482574, -0.23213939,  0.24277328, -0.14726268,  0.13686877, -0.03655499, -0.17558346,  0.22211722, -0.24805849,  0.15491163, -0.06332366,  0.00234592,  0.13284764, -0.11896814,  0.19644991, -0.23869428,  0.15466649, -0.11225595, -0.03391630,  0.04967537, -0.11260500,  0.17059107, -0.15903828,  0.15115311, -0.09577043, -0.04551634,  0.08353798, -0.12580991,  0.06333053, -0.07903000,  0.13036749, -0.00968367, -0.12191796,  0.18283815, -0.28149114,  0.19411674, -0.16277625,  0.08455815, -0.01281148, -0.07712112, -0.01339636
 -0.11984400,  0.22110194, -0.11128377,  0.02015110, -0.06345236,  0.17155043, -0.23424882,  0.22433129, -0.20180661,  0.13979532, -0.02954257, -0.05014468,  0.11089808, -0.20701671,  0.25980053, -0.19227007,  0.05977910,  0.05705848, -0.14485876,  0.20441246, -0.20423745,  0.17400151, -0.15244162,  0.07513716,  0.02406313, -0.12521667,  0.16616429, -0.14570291,  0.14571923, -0.09572161,  0.05579482,  0.00295380, -0.10096753,  0.13576059, -0.10450223,  0.02858232,  0.04764909, -0.03912743,  0.11608167, -0.20861843,  0.24790711, -0.24459269,  0.16014631, -0.04817317, -0.01707668,  0.09390239, -0.10140026,  0.09210711, -0.11272586,  0.04418205
  0.05602811, -0.28597675,  0.51394899, -0.43409302,  0.20081451, -0.09593611,  0.07328908, -0.03293644, -0.01460446,  0.04622489, -0.03135295,  0.02030463,  0.01682169, -0.09943493,  0.07248500, -0.01355806,  0.02620197, -0.04835671,  0.09439448, -0.08126624,  0.05475408, -0.00897966, -0.06814090,  0.04032188, -0.02507177,  0.01437049,  0.01775157, -0.03639205,  0.11616637, -0.11648221,  0.08958553, -0.01565163, -0.09638359,  0.14181553, -0.15417008,  0.20854283, -0.23500791,  0.21960620, -0.06974753, -0.05056980,  0.05621398, -0.05701236,  0.02060257,  0.02721705, -0.02552277,  0.09415336, -0.12899275,  0.17513855, -0.18434622,  0.12464897
  0.38929430, -0.56413830, -0.00792166,  0.31788822, -0.18614705,  0.01611241, -0.02300993,  0.11180421, -0.04583035, -0.01579736, -0.02743568, -0.06715827,  0.15883566,  0.00039311, -0.10698730,  0.01365653,  0.08316282, -0.07203017,  0.01406784, -0.00004932, -0.09166687,  0.12931372,  0.01435246, -0.01816168,  0.03365303, -0.00149787,  0.04606182, -0.15043643,  0.02680641, -0.02170089, -0.11372865,  0.20083464, -0.07122436,  0.05868582, -0.09501300,  0.12316603, -0.08707778, -0.24607532,  0.17749160, -0.04921150,  0.02335479,  0.07684762, -0.04375056, -0.00078035, -0.11843452,  0.04964078, -0.11872166,  0.11638659,  0.14961947, -0.09327672
  0.17439418,  0.02949107, -0.18846765, -0.12235946, -0.03535200, -0.01841321,  0.04418395,  0.10501067,  0.11646246,  0.06198086, -0.07934456, -0.14322690, -0.09838350, -0.00933928, -0.00384908,  0.05784118,  0.18443124,  0.13077236,  0.08215314, -0.02813116, -0.15702835, -0.15164375, -0.09427630, -0.02228886,  0.04810211,  0.18330910,  0.17388622,  0.09126372,  0.02612445, -0.06002063, -0.12657744, -0.08207283,  0.11861640,  0.09881280,  0.07311200,  0.16192145,  0.04375443, -0.07807965, -0.19785837, -0.11871581, -0.06502088,  0.07492545,  0.20687933,  0.11793660,  0.09029885, -0.04056578, -0.09007033,  0.00978900,  0.30141212,  0.58055035
