 -0.14170122, -0.14169227, -0.14168686, -0.14168370, -0.14168157, -0.14167928, -0.14167735, -0.14167336, -0.14166476, -0.14165331, -0.14163949, -0.14162414, -0.14160803, -0.14159164, -0.14157451, -0.14155674, -0.14153897, -0.14152064, -0.14150267, -0.14148482, -0.14146756, -0.14145101, -0.14143458, -0.14141855, -0.14140377, -0.14138986, -0.14137655, -0.14136382, -0.14135197, -0.14134035, -0.14132916, -0.14131789, -0.14130635, -0.14129528, -0.14128511, -0.14127502, -0.14126490, -0.14125489, -0.14124516, -0.14123618, -0.14122770, -0.14121923, -0.14121049, -0.14120225, -0.14119099, -0.14117655, -0.14116306, -0.14115172, -0.14114231, -0.14113420
  0.38434759,  0.40939524,  0.40139826,  0.36493890,  0.30875876,  0.24054532,  0.16050307,  0.08406277,  0.02841115, -0.01521165, -0.05001437, -0.07816919, -0.10156947, -0.11941047, -0.13109795, -0.13713678, -0.13769556, -0.13229138, -0.12469423, -0.11415797, -0.10326984, -0.09148284, -0.07802161, -0.06515131, -0.05593161, -0.05039151, -0.04791777, -0.04645550, -0.04871831, -0.05071374, -0.05259960, -0.05154562, -0.04767823, -0.04448406, -0.04310044, -0.04122182, -0.03945863, -0.03857077, -0.03761286, -0.03715670, -0.03695928, -0.03614531, -0.03350625, -0.03001289, -0.02398910, -0.01487063, -0.00654300, -0.00077059,  0.00313239,  0.00613569
 -0.10450790, -0.04838901,  0.01202289,  0.07195432,  0.12626639,  0.17192322,  0.20613102,  0.22772221,  0.23817596,  0.24063982,  0.23755172,  0.22970288,  0.21742242,  0.20054688,  0.18112395,  0.16033100,  0.13790253,  0.11576187,  0.09417373,  0.07381653,  0.05498826,  0.03723387,  0.02169243,  0.00871918, -0.00279157, -0.01276040, -0.02158725, -0.03043772, -0.03927106, -0.04867498, -0.05890413, -0.06966143, -0.08000554, -0.08996262, -0.10020034, -0.11006142, -0.11906083, -0.12733941, -0.13568529, -0.14485854, -0.15440054, -0.16349874, -0.17194094, -0.18090051, -0.18348925, -0.17937746, -0.17547327, -0.17356051, -0.17332440, -0.17364079
 -0.57773694, -0.31515780, -0.07009104,  0.11921383,  0.24959197,  0.31578795,  0.26322242,  0.14907887,  0.09023281,  0.05506440,  0.03263799,  0.01309372, -0.01720979, -0.05118235, -0.08524343, -0.11770436, -0.14030947, -0.14666158, -0.15485050, -0.15621564, -0.16106677, -0.16013447, -0.14093407, -0.10629214, -0.06792460, -0.03167174, -0.00398021,  0.02369260,  0.02534940,  0.02099301,  0.00795263,  0.00629896,  0.02158162,  0.03696813,  0.04455514,  0.05704340,  0.07105527,  0.07923879,  0.08767221,  0.09298393,  0.08962704,  0.07879709,  0.07180893,  0.07104980,  0.06650006,  0.06369761,  0.06185341,  0.05419164,  0.04543624,  0.04006774
 -0.00683926, -0.04208421, -0.05486139, -0.03946581, -0.00812013,  0.02218056,  0.02885010,  0.02064760,  0.01266714,  0.00587501,  0.01285836,  0.03199641,  0.05407582,  0.06109334,  0.05582720,  0.04516363,  0.02656610,  0.01557913,  0.00717064,  0.00198084, -0.00291921, -0.01259309, -0.01974602, -0.02141827, -0.02745488, -0.03250330, -0.03097717, -0.03222983, -0.03736200, -0.04415362, -0.05791605, -0.07696102, -0.09289376, -0.10902877, -0.13266234, -0.15161330, -0.15580759, -0.14181678, -0.11889142, -0.10840055, -0.11879265, -0.13855689, -0.14981850, -0.15946951, -0.07934557,  0.12638144,  0.35431576,  0.49730988,  0.49004889,  0.33513508
 -0.00215474, -0.00015227,  0.01130943,  0.04114009,  0.03021914, -0.01842415, -0.04279711, -0.02267192, -0.01782551, -0.01320652,  0.01455543,  0.04902314,  0.06527600,  0.02181498, -0.01431197, -0.00182084,  0.00453525,  0.01284703,  0.01235622,  0.01355261,  0.02315797,  0.00783239, -0.00284456,  0.00321593, -0.00711964, -0.01433480, -0.01036435, -0.02500432, -0.02752932, -0.03230324, -0.03824247, -0.04774542, -0.05378716, -0.05493721, -0.06075767, -0.05436459, -0.02031234,  0.03053475,  0.04476854, -0.00928663, -0.07243036, -0.07416125, -0.02439902, -0.01004286,  0.18016726,  0.46984427,  0.48282672,  0.15237647, -0.31045659, -0.58777619
  0.35167878, -0.03029779, -0.35657328, -0.40248934, -0.12516007,  0.28013894,  0.41330578,  0.25654610,  0.12407647,  0.00434965, -0.08783136, -0.12282096, -0.11894648, -0.10060519, -0.10032955, -0.12206347, -0.11824670, -0.04467478,  0.04926525,  0.14078102,  0.15390638,  0.10124848,  0.03073840, -0.03743293, -0.10458708, -0.14967645, -0.13414707, -0.02263572,  0.05692323,  0.08079269,  0.03813085,  0.00578904,  0.01812461,  0.03454753,  0.02831623,  0.01187909, -0.01159595, -0.02579913, -0.00904396,  0.01758070,  0.04107747,  0.04666388,  0.03556246,  0.00965084, -0.03585156, -0.03192064,  0.03719081,  0.06181413, -0.02084463, -0.11661082
 -0.00755827, -0.17345773, -0.09079553,  0.15736731,  0.33326643,  0.26258507,  0.04287813, -0.14532472, -0.26906221, -0.31479708, -0.28967753, -0.21912615, -0.12560651, -0.02800286,  0.06714419,  0.16116044,  0.24947690,  0.30049863,  0.29256351,  0.20838303,  0.08352662, -0.02181827, -0.08402566, -0.10518849, -0.08066753, -0.01059404,  0.08023602,  0.12310597,  0.10551545,  0.04971969,  0.00734211, -0.01041737, -0.02575456, -0.04926831, -0.06846010, -0.07789963, -0.07352165, -0.05488201, -0.03699388, -0.02331954, -0.01083630, -0.00599716, -0.01275867, -0.00938094,  0.01378453,  0.01479003, -0.02946582, -0.07199713, -0.05148570,  0.02458293
 -0.00456207,  0.04593133,  0.01055631, -0.08655656, -0.11857964, -0.00348465,  0.09596801,  0.11346410,  0.05298187, -0.01909498,  0.03239177,  0.05843563, -0.02194123, -0.09594085, -0.00172205,  0.10509558,  0.02932176, -0.03335180, -0.02523228,  0.02711640,  0.00823301, -0.06129123, -0.04124676,  0.01953421, -0.02323091, -0.06306893, -0.01879394, -0.01014831, -0.01340155,  0.02394782,  0.00073126, -0.07295293, -0.05702155, -0.01984050, -0.07269393, -0.06805890,  0.00694705,  0.01069881, -0.09615916, -0.17997711, -0.11353710,  0.02697744,  0.06934296, -0.06893013,  0.21965109,  0.53198242,  0.04405713, -0.48482002, -0.14501165,  0.48746870
  0.19258466,  0.10368619, -0.10689905, -0.17047404, -0.01682587,  0.13641368,  0.06645759, -0.10829217, -0.16572658, -0.11782139, -0.01337595,  0.11072845,  0.24430222,  0.34835292,  0.35123238,  0.22658138,  0.05566749, -0.06378096, -0.13370552, -0.16784375, -0.19833545, -0.19698032, -0.14880094, -0.10198460, -0.08959063, -0.09328301, -0.09016585, -0.06034977, -0.05755875, -0.10883236, -0.18379053, -0.19138978, -0.13373219, -0.07298316, -0.02012283,  0.02143004,  0.02488963,  0.01712651,  0.04320472,  0.09718127,  0.16021685,  0.20105264,  0.19822509,  0.16681960,  0.10660400, -0.01054748, -0.06798107,  0.00842558,  0.04625856, -0.03645801
 -0.30127110,  0.23057247,  0.40257296, -0.11797303, -0.42854976, -0.02519858,  0.27608873,  0.15748715,  0.06168762, -0.06538049, -0.16668070, -0.20091247, -0.19138521, -0.07255806,  0.10826171,  0.22388821,  0.22798120,  0.14016946, -0.01073203, -0.04612702, -0.02656615, -0.06693002, -0.11753493, -0.07409297,  0.02994432,  0.05536415, -0.04176113, -0.04377560,  0.03008459,  0.13178281,  0.07834053, -0.03892945, -0.09186256, -0.07344421, -0.02982341,  0.03589781,  0.06515058,  0.02788613,  0.00608101,  0.00175561, -0.05273735, -0.09207685,  0.00681412,  0.12229596,  0.02702396, -0.09264719,  0.00548236,  0.11261566,  0.01858050, -0.11487343
  0.04764230, -0.03988469,  0.02766290, -0.04323083, -0.02496364,  0.07465195, -0.01221924, -0.05625299,  0.03994711, -0.06636251, -0.14430972,  0.04143681,  0.10767681,  0.06114329,  0.00189831, -0.00045360,  0.09141976, -0.04437099, -0.15182826, -0.07834530, -0.02667057,  0.00216336, -0.05385101, -0.01518911,  0.11730846,  0.01582362, -0.01795977,  0.12393476,  0.04053968, -0.02423918,  0.06799726,  0.04914976, -0.01624764,  0.07166874,  0.13208285,  0.00617679, -0.05085694,  0.02755944,  0.02337562, -0.04423751, -0.08141401, -0.03254898,  0.09817306,  0.12604033, -0.42649628, -0.25671503,  0.49603847, -0.01535039, -0.46304399,  0.29553829
 -0.12286420,  0.20326146, -0.07684138, -0.22683665,  0.12615032,  0.18251710,  0.01835360, -0.00386173, -0.15897521, -0.19944618, -0.12209109, -0.09417190,  0.01727419,  0.16011757,  0.15040226,  0.03127273, -0.13301429, -0.24339087, -0.20555568, -0.14798479, -0.04944866,  0.03704916,  0.15815111,  0.24612730,  0.21640979,  0.20188103,  0.20836264,  0.14999079,  0.19022780,  0.13817738,  0.03293133,  0.04688062,  0.10983401,  0.11701756,  0.10569809,  0.08707009,  0.00027830, -0.12925921, -0.18382965, -0.19319106, -0.21253866, -0.14225258, -0.08048069, -0.12054183,  0.01240314,  0.08247962, -0.09304489, -0.02948992,  0.06589940, -0.12711301
  0.23537664, -0.42239355, -0.03810598,  0.45210287, -0.24116620, -0.24319742,  0.29551646,  0.12280729,  0.02438037, -0.08665318, -0.23932963, -0.08197316,  0.13486246,  0.07823061,  0.07455752,  0.06101444, -0.05324810, -0.02915975, -0.15401763, -0.16344561, -0.06147888,  0.11542569,  0.15931394, -0.00588378, -0.04435992,  0.05636915,  0.07461820,  0.11280469, -0.00314195, -0.03217789,  0.00532386, -0.01098681, -0.01989968,  0.02589133,  0.06626933,  0.07352534,  0.01280857, -0.02563140, -0.11308677, -0.17212932, -0.00188185,  0.01610846, -0.08604548,  0.01324744,  0.18712205, -0.01985692, -0.07493418,  0.08418559, -0.05992271,  0.00224786
 -0.14234264, -0.07463003,  0.33302825,  0.00014722, -0.21826628,  0.17988863,  0.17875254, -0.14702518, -0.27877566, -0.24180701,  0.03189648,  0.27286963,  0.19140211,  0.01924578, -0.07244328, -0.14704011, -0.16700259, -0.13866200, -0.01414950,  0.19586957,  0.32496479,  0.24915536,  0.02836480, -0.05383917,  0.02306108,  0.06723885,  0.03271530, -0.09242061, -0.14862385, -0.04403130,  0.00273468,  0.00367265,  0.04846763,  0.04695280, -0.04001594, -0.14171837, -0.18186947, -0.18113109, -0.11480417,  0.06806436,  0.16327137,  0.08728986,  0.06856132,  0.07465434, -0.00421171, -0.00574825, -0.00623783, -0.05415799,  0.02793815, -0.00927305
  0.04362376, -0.12848679,  0.12640211,  0.01508100,  0.01618121, -0.03949959, -0.04053630,  0.14615162,  0.03467948, -0.20291244, -0.09376446, -0.00852045, -0.08595105,  0.14453570,  0.11770137,  0.02717920,  0.10327097, -0.04021867, -0.00336216, -0.06136262,  0.00630669,  0.10036210, -0.01831720, -0.01455278, -0.13611318, -0.18904730,  0.01635185, -0.08541537, -0.28566186, -0.02328899,  0.05482651, -0.03653961,  0.11039254,  0.21543782,  0.16652213,  0.09476357,  0.21097596,  0.13917471,  0.02656009,  0.10080763,  0.05505272, -0.05053417, -0.08739632, -0.18961529, -0.43406976,  0.19245028,  0.11841119, -0.29209756,  0.32068693, -0.15666072
 -0.07293510, -0.04571600, -0.00634195, -0.02998792,  0.10346178,  0.01411783, -0.05513764,  0.15414729,  0.16946264, -0.01045609, -0.10745835, -0.15029911, -0.16677111, -0.02881915, -0.02555615, -0.06992927,  0.02960698,  0.02470505, -0.01632948, -0.06252496,  0.05767837,  0.22839588,  0.27305010,  0.28563671,  0.20493157,  0.13490600,  0.16107323,  0.06970060, -0.12327030, -0.20601943, -0.26598299, -0.34309451, -0.30165271, -0.19595614, -0.13577674, -0.10693809, -0.00493047,  0.01140335, -0.00069862,  0.07398058,  0.09530490,  0.13955829,  0.22550931,  0.17492447, -0.09633892, -0.01266673,  0.04733083, -0.09464091,  0.07971112, -0.02234377
  0.09975853, -0.14336046,  0.10164415, -0.00515679, -0.15614879,  0.11363754,  0.02323633, -0.14937131, -0.03512977,  0.10953559,  0.16651355,  0.02373515, -0.19082912,  0.02362127,  0.22644083, -0.08070184, -0.27194971, -0.02207554,  0.26936111,  0.00264146, -0.31815292, -0.11386205,  0.12820446,  0.08589868, -0.12296067, -0.10097946,  0.24885777,  0.18539616, -0.08428493,  0.11721008,  0.31854840,  0.02916943, -0.22606279, -0.08532290,  0.10200679, -0.09448145, -0.22098156, -0.02928883,  0.08652144,  0.03618852, -0.09305022, -0.14362969,  0.07130403,  0.19121350, -0.04796744,  0.00883782,  0.05099417, -0.11481824,  0.07487634, -0.04481183
 -0.00033235, -0.01389410, -0.05686632,  0.07500590,  0.00256149, -0.05805167,  0.09394149,  0.08500211, -0.08867258, -0.12598682,  0.04543733,  0.12635728, -0.11647615, -0.23218290,  0.08940941,  0.28034195, -0.01282014, -0.26499650, -0.01982859,  0.26176135,  0.04376101, -0.22798703, -0.01659396,  0.30520782,  0.17176721, -0.17437336, -0.09913311,  0.16938933, -0.06476397, -0.33604782, -0.05879349,  0.20798745, -0.00656560, -0.20311548,  0.02005779,  0.22851498,  0.05395221, -0.12951330,  0.01367567,  0.20832954,  0.10452074, -0.15443333, -0.16593146,  0.03901303,  0.01538643, -0.04887011,  0.05364000, -0.01269160, -0.01012435,  0.00402088
 -0.13503424,  0.16516132, -0.12367605,  0.05794687,  0.05295753, -0.04671790,  0.23186585, -0.05124830, -0.23155938,  0.08209417,  0.06228069, -0.18848016, -0.03621997,  0.02211767, -0.00313100,  0.10187312,  0.00531123,  0.00819527,  0.06383462,  0.10459305, -0.03965565,  0.00884814,  0.27855526,  0.03427761, -0.11991327,  0.14021676, -0.01683717, -0.30916974, -0.36747194, -0.19754056, -0.01319952,  0.01145341, -0.04137645,  0.12867487,  0.25438198,  0.15039517, -0.13915661, -0.01729869,  0.27577280, -0.04900836, -0.25073575,  0.11242147,  0.12593421, -0.17017685, -0.00339595, -0.00027502, -0.01021781,  0.11190607, -0.12787643,  0.09835149
 -0.03583678,  0.16559613, -0.13366613,  0.07640443,  0.05077164, -0.37470273,  0.14180624,  0.23139678, -0.14592689, -0.09094188,  0.14754309,  0.03763851,  0.05100727,  0.13065549, -0.19512251, -0.11635905,  0.11242267, -0.02212692, -0.11646605,  0.08309178,  0.10004990, -0.14323577, -0.09976929, -0.08487772, -0.25363110,  0.00753926,  0.25201122,  0.28400525,  0.06813007,  0.12996937,  0.05925004, -0.02940195, -0.01683501, -0.10175751, -0.13789117,  0.07332265, -0.02275447, -0.28691251,  0.04337725,  0.12853487, -0.15598498,  0.06339541,  0.27320023,  0.04799243, -0.20034522,  0.04137976, -0.00379002, -0.02833617,  0.05699070, -0.06083266
  0.14615130, -0.05858524, -0.09997092,  0.03328668, -0.15558775,  0.02304262,  0.20664728, -0.11616971, -0.08826949,  0.10899460,  0.05109946,  0.01706083, -0.01097071, -0.13338985, -0.13844158,  0.09942276,  0.11242981, -0.08823871,  0.00430363, -0.00240544, -0.17439783, -0.19367535, -0.17360112, -0.01240013,  0.32223543,  0.40204680,  0.18012928,  0.00741582, -0.00439584,  0.11051746, -0.00743237, -0.04062761,  0.03734180, -0.04624580, -0.09342081, -0.14403799, -0.12871683,  0.09854039,  0.16517562,  0.03205818,  0.20369719,  0.24774105, -0.15647433, -0.29918088, -0.21710977,  0.06793067,  0.03478678, -0.10431006,  0.07296985, -0.09706330
  0.02626481,  0.02197401,  0.06531828, -0.11505753, -0.07421088,  0.00199124, -0.07110883,  0.11039960,  0.12737105, -0.01210944, -0.03884752,  0.02950536,  0.03054298, -0.01457920,  0.02569890, -0.11080906, -0.20011951,  0.04750648,  0.23794150,  0.17841310,  0.04462326, -0.13635315, -0.30220702, -0.25990507, -0.01190780,  0.22847385,  0.34239876,  0.18425676, -0.03603680, -0.31265750, -0.28036457, -0.15941453, -0.07532519,  0.16964553,  0.31176914,  0.17479579,  0.07717132,  0.03437592, -0.10142112, -0.08147111, -0.02465479, -0.07648430, -0.05332570, -0.03966219,  0.07000420, -0.00271341, -0.01254293,  0.07039128, -0.03314444,  0.02561307
  0.06776796, -0.03452363, -0.06801645, -0.02082376, -0.02986811,  0.00383399,  0.09238160,  0.13766548, -0.02875626, -0.17336695,  0.03534489,  0.08245142,  0.00704936,  0.06173474, -0.07817527, -0.28301509,  0.06400509,  0.41928830,  0.07926378, -0.14078349, -0.18563622, -0.28697367, -0.07040315,  0.27510088,  0.25965996,  0.05175307, -0.02355184, -0.14790671, -0.27016884, -0.09555631,  0.05282375,  0.04951731,  0.22533505,  0.23536797, -0.10988833, -0.09757856,  0.04188174, -0.16038263, -0.15500961,  0.09869554, -0.01411929, -0.15602635,  0.08489182,  0.12977968,  0.07713752,  0.00775104, -0.02989061,  0.04056971, -0.04224329,  0.02162963
 -0.11151571,  0.26973769, -0.27482537,  0.11803059,  0.13014789, -0.21302825,  0.09840183,  0.00308947,  0.00318363, -0.07848263,  0.01462229,  0.09199093, -0.14510544, -0.09504411,  0.27782904,  0.06949272, -0.26666412,  0.09415678, -0.05496832, -0.09380843,  0.20816145,  0.07554826, -0.10081172, -0.12922421,  0.08079430,  0.10103064, -0.14473729,  0.14962949, -0.12706006, -0.04453022,  0.33082715, -0.05708633, -0.25964528,  0.25203244, -0.02930886, -0.27820732,  0.07059228,  0.07160936, -0.07896243,  0.01758449,  0.16400278,  0.03555241, -0.09513403, -0.01522326,  0.00829017, -0.04671963,  0.03537582,  0.00232477, -0.03112174, -0.00283525
 -0.06459268,  0.01908278, -0.04451330,  0.19710313, -0.02465213, -0.11774684,  0.01857105, -0.07244519,  0.10133505,  0.21183216, -0.14922305, -0.32552024, -0.02296944,  0.33912857,  0.17656870, -0.12257940, -0.17257062, -0.22490205,  0.10265053,  0.36481618,  0.09990663, -0.15305619, -0.15513820,  0.04098008,  0.19386363, -0.00029887, -0.19813128, -0.09154421, -0.01782191,  0.14664731, -0.07918425, -0.15157874,  0.21496336,  0.08827464, -0.13684456, -0.00732601, -0.05112819, -0.08244062,  0.03247758, -0.04206767, -0.05200865,  0.01123297, -0.01008931,  0.19816041, -0.00209976, -0.02300973,  0.11860815, -0.15104524,  0.07335481, -0.00300450
 -0.13971720,  0.20916925, -0.02939391, -0.04793150,  0.06555610, -0.16871027,  0.09215283,  0.06025761,  0.12929308, -0.08978523, -0.33378043,  0.10152941,  0.31700160,  0.00589219, -0.21555014,  0.04432116, -0.12024856,  0.00041586,  0.39054536, -0.07699749, -0.23760138,  0.03296201,  0.05594305,  0.01273186, -0.01126438,  0.00344996, -0.20822584,  0.09873302,  0.04627531, -0.13224282, -0.01433600,  0.28174508,  0.01761425, -0.11753249,  0.09999554, -0.09416520, -0.16011246,  0.03737862,  0.01672639, -0.18208313,  0.03327206,  0.15545528, -0.00575596,  0.15588679, -0.10803984,  0.06412171,  0.00333581, -0.11455252,  0.16489960, -0.08862254
  0.00933848,  0.07218987, -0.18879302,  0.06482701,  0.03650607,  0.01282487,  0.08169732, -0.12204467, -0.13570081,  0.14467996,  0.14531430,  0.13729402, -0.10668380, -0.22785555, -0.07327974,  0.12402622,  0.14295374,  0.01166165,  0.05718949, -0.23318137,  0.00107434,  0.28460189, -0.17405113, -0.11097984,  0.12449559, -0.08523131,  0.04198030,  0.04005125, -0.19699380,  0.10790737, -0.09535490, -0.20866645,  0.20607448,  0.00389653,  0.08877021,  0.27417554, -0.09816748, -0.11594253, -0.06003960, -0.23699873, -0.06139000, -0.05298027, -0.08660326,  0.39007295,  0.04045561, -0.05724537,  0.12112061, -0.12188180,  0.15363304, -0.06871988
  0.05381816, -0.10437016,  0.02116765, -0.00088673,  0.09729224, -0.11286508,  0.08264041, -0.14062141,  0.12188897,  0.08788232,  0.03379715, -0.04099696, -0.18948351,  0.01460235,  0.04485411,  0.19247887, -0.08759853,  0.03960282, -0.08215559, -0.16138873,  0.30752287, -0.12373356, -0.20005331,  0.19103165, -0.13380212,  0.09646892,  0.06404290, -0.19603157,  0.03273971,  0.08335114, -0.23059000,  0.27898127,  0.02570482, -0.05858881,  0.26612377, -0.17551209, -0.16862188,  0.00254014, -0.14076387, -0.06284954,  0.10645710, -0.08208950,  0.17110712,  0.19615126, -0.24258110,  0.23032796, -0.16358202,  0.11970810, -0.04662042, -0.01648881
  0.06643702, -0.12114451,  0.04666698, -0.00926183,  0.00238472,  0.04480390, -0.09772771, -0.00845332,  0.09688132,  0.11698260,  0.09462024, -0.07969932, -0.18713525, -0.01569889, -0.02669648,  0.14983396,  0.23491152, -0.19310300, -0.04043181,  0.07061254, -0.22816153,  0.11030224,  0.07294743, -0.30772139,  0.07556226,  0.19264666, -0.22888257,  0.08491413,  0.09194889, -0.27225028,  0.08782997,  0.13913930,  0.02058364,  0.26072282,  0.06845097, -0.16064162, -0.01906983, -0.34148617, -0.24635436,  0.13231994, -0.08517742,  0.05625021,  0.24973229,  0.05477967,  0.00818198,  0.09652985, -0.02340588, -0.01485530,  0.07565755, -0.09526782
  0.02520332, -0.11591192,  0.18569792, -0.14870920,  0.09432218, -0.03913635, -0.12074042,  0.13133541,  0.10608103, -0.00064284, -0.03763741, -0.14975529,  0.00163317,  0.03523965,  0.01802749,  0.20603673, -0.12959233, -0.06415201,  0.09655185, -0.16400669,  0.04641415,  0.17836315, -0.33270345,  0.09318328,  0.17009501, -0.28125229,  0.11935021,  0.16810315, -0.24137192, -0.01761222,  0.15807103,  0.02554407,  0.15052535,  0.04152476, -0.12327388, -0.01390009, -0.17806964, -0.18868912,  0.18087079, -0.02508838, -0.07304357,  0.29985680,  0.08335872, -0.20060495,  0.08514979,  0.00587667, -0.12125963,  0.18833014, -0.14827195,  0.02067829
 -0.08659157,  0.18382148, -0.18273534,  0.19288719, -0.18566196,  0.14489936, -0.22531979,  0.17190296,  0.10381399,  0.02110350, -0.09125221, -0.03203939,  0.00249226, -0.16968349,  0.25345407, -0.09486737,  0.10533443,  0.07414002, -0.19146247,  0.05287999,  0.04025649, -0.10371335,  0.03963242, -0.04278719, -0.06840930, -0.14628333,  0.23694122, -0.07680562, -0.03226401, -0.07610083,  0.00583210,  0.19192350,  0.20032355, -0.06161694,  0.06622188, -0.03314165, -0.37197398,  0.06594465, -0.17488988, -0.07921230,  0.12559364,  0.16740254,  0.19054808, -0.14463011,  0.12339550, -0.14158566,  0.16504254, -0.11513848,  0.10191307, -0.09953174
 -0.03074827,  0.09152200, -0.17042299,  0.23586864, -0.22030616,  0.17132564, -0.01692206, -0.14123559,  0.11329981, -0.12725942,  0.03387135,  0.00205977,  0.05610689,  0.02180561, -0.01645290, -0.06716588, -0.03062057,  0.01846949,  0.04277072, -0.04319761,  0.09477868,  0.00684786,  0.07837721, -0.27529248,  0.41688143, -0.21691054, -0.07074045,  0.13033191, -0.03883667,  0.01676071, -0.07031717,  0.05787152, -0.08038615, -0.06877866, -0.04775892,  0.13113050, -0.01031448,  0.13273341,  0.12182862,  0.00443940, -0.10263091, -0.22639968,  0.28686588, -0.07947157, -0.22140735,  0.24383428, -0.27782287,  0.14507595, -0.00789691,  0.00443565
 -0.00003288, -0.02746690,  0.11537736, -0.16700529,  0.14904201, -0.14912385,  0.14144344, -0.19613172,  0.26396686, -0.18982588,  0.22379165, -0.27789981,  0.21581232, -0.23268954,  0.18966583, -0.07955954,  0.10427775, -0.08393855,  0.09539936, -0.15945463,  0.13108102, -0.23037393,  0.30200209, -0.17427726, -0.02918322, -0.02198330,  0.06728637,  0.02539362,  0.01818169, -0.06444049,  0.02782449, -0.09181698,  0.16364324,  0.06485365, -0.09738551,  0.04825091, -0.04687092, -0.18555440,  0.12816921, -0.14701899,  0.28862368, -0.09379647, -0.03117880,  0.01567927, -0.01304136,  0.00849473,  0.04718502, -0.02862775, -0.02223809,  0.00546790
 -0.01669122,  0.02397085,  0.03293005, -0.03005059, -0.07397236,  0.14816602, -0.20488449,  0.16532506, -0.07885101,  0.14818079, -0.12871243,  0.05446451, -0.10695927,  0.08542116, -0.11029265,  0.23630139, -0.22793068,  0.23935955, -0.20207933,  0.06861607, -0.02213384, -0.12924117,  0.25125038, -0.10876008, -0.15018848,  0.10366524, -0.04574306,  0.15066647, -0.05606946, -0.05581825,  0.01039402, -0.06448288,  0.13405302,  0.16485955, -0.26426803,  0.19294730, -0.19229337, -0.08282975,  0.11489440, -0.10467300,  0.24628527, -0.01002772, -0.18935849,  0.18641363, -0.20666987,  0.18812094, -0.09844613,  0.06569672, -0.07750537,  0.02694787
 -0.02394156,  0.03857000, -0.08874993,  0.21032808, -0.25825860,  0.24780790, -0.14975258, -0.03273921,  0.05328389, -0.06520828,  0.11178674, -0.02325582, -0.01268250,  0.03612784, -0.14546335,  0.06825859,  0.03189510, -0.07929779,  0.21911582, -0.24064366,  0.26516918, -0.23350800,  0.02802731,  0.16413529, -0.07569035, -0.08435515,  0.04448777, -0.09732366,  0.15819756, -0.06031985, -0.00748692,  0.05369134, -0.24910299,  0.25041318, -0.04639619,  0.01310574,  0.21191019, -0.23959808,  0.05626865, -0.12782618, -0.13674900,  0.33547486, -0.15264993,  0.08184580, -0.04866621, -0.04574755,  0.06766340, -0.02576674,  0.05308069, -0.04946640
 -0.01124009, -0.05544963,  0.06587662, -0.03098480,  0.11120477, -0.03109626, -0.06862052, -0.00227394,  0.00076469, -0.01996876,  0.06960861,  0.00741137, -0.02651061,  0.04923154, -0.08583115, -0.06178343,  0.05376566, -0.00130013,  0.00386417,  0.22088574, -0.07076524, -0.15433513,  0.02929679,  0.01619123,  0.13383604, -0.04134739, -0.09510576, -0.08589901, -0.17068933,  0.18941267,  0.27662759, -0.06936962, -0.23222497, -0.17659181,  0.14912850,  0.30063689,  0.11335357, -0.04597249, -0.41059029, -0.36299920,  0.24535578,  0.25502234,  0.09963205, -0.05026780, -0.09290060,  0.04599178, -0.02989114,  0.14887013, -0.05669232, -0.04526082
 -0.04466874,  0.02603567,  0.02988924,  0.04782637, -0.00250422, -0.07547851, -0.04150581,  0.04682545,  0.03968500, -0.02779344, -0.05701856,  0.03974397,  0.05718568, -0.02528078, -0.08764833, -0.04552115,  0.09313001,  0.09907767, -0.04703116, -0.00648805, -0.02915706, -0.04426862,  0.01447923,  0.12291836,  0.09676604, -0.18736825, -0.19527626,  0.04577491,  0.20514598,  0.21959009, -0.08817829, -0.32098650, -0.20049366,  0.21951101,  0.44464648,  0.03665492, -0.40575621, -0.22629076,  0.08506889,  0.25769080,  0.14450602, -0.03521027, -0.11684823, -0.12541569,  0.06476211,  0.06190677, -0.04352258, -0.02301683, -0.00567270,  0.00957701
 -0.03665700,  0.02629162,  0.03750892, -0.00801090, -0.00539677, -0.05686519,  0.06007827,  0.01678321, -0.05622259, -0.09573581,  0.13354813,  0.09096263, -0.11581983,  0.02654212, -0.15314540,  0.07574675,  0.19933814, -0.20201609, -0.02187404,  0.20971412, -0.08673665, -0.12796771,  0.13081096,  0.09527883, -0.02803570, -0.28204290,  0.06531999,  0.23130487, -0.05462571,  0.01914420, -0.15867600, -0.14271571,  0.11862006,  0.30817650,  0.03008514, -0.39327642, -0.02454569,  0.36882699, -0.01963249, -0.28131850, -0.00961976,  0.04249039,  0.00995493,  0.10692544,  0.02033114, -0.07286395, -0.09854190,  0.18209336, -0.03599230, -0.03754188
  0.08835355, -0.17406905,  0.11315502, -0.07428470,  0.04957764,  0.02283699, -0.02644131,  0.02026571, -0.02247939, -0.04180270, -0.00019099,  0.11763368, -0.02623812, -0.06010201,  0.12248071, -0.23722879,  0.14065293,  0.09992075, -0.22987006,  0.04066705,  0.21246286, -0.11524307, -0.15128028,  0.10201004,  0.03435993,  0.16316473, -0.27315770,  0.10580810,  0.11979463, -0.27342968,  0.23776690, -0.06804746, -0.02896286, -0.06402819,  0.07926340,  0.05603048, -0.15935837,  0.12347453,  0.33680523, -0.31210771, -0.25159303,  0.07207393,  0.04404555,  0.09050837,  0.01215018,  0.03004140, -0.09094125, -0.05200729,  0.20156125, -0.10400497
  0.04985576, -0.07808536, -0.00792758,  0.04839113, -0.02513569,  0.04675179, -0.16522425,  0.35082733, -0.25822952, -0.09208669,  0.33193839, -0.40288216,  0.33419644, -0.07741480, -0.15422812,  0.23490297, -0.14257315, -0.04379505,  0.07183424, -0.04548607,  0.04945689,  0.00764906, -0.10870368,  0.03038955,  0.05042055,  0.09361414, -0.09111947, -0.09468758,  0.08143875, -0.03315004,  0.13872605, -0.08275947, -0.05916989,  0.02088768,  0.02496977, -0.03016509, -0.13370770,  0.25989715, -0.10835689,  0.01622008,  0.03590191, -0.20537539,  0.11278757,  0.10367034, -0.02935457, -0.05352199,  0.04354253, -0.06313620,  0.06756701, -0.01955803
  0.03448472,  0.03307623, -0.12846672,  0.00478414,  0.04169075,  0.02642430, -0.11778241,  0.11594966,  0.29211811, -0.37866366,  0.08536056,  0.04188236, -0.17949411,  0.33875666, -0.18310346,  0.01248694,  0.16865518, -0.20211595, -0.04914738,  0.04886092, -0.01604230,  0.07911077, -0.05721982, -0.15141293,  0.02833748,  0.16543465,  0.12584093, -0.19664121, -0.15622715,  0.06435588,  0.11678267,  0.15692143, -0.12994527, -0.09785223,  0.02291676,  0.00195334, -0.20582329,  0.00803747,  0.21256621, -0.02308001,  0.10033703, -0.14289535, -0.22753839,  0.17420029,  0.20197343, -0.04274861, -0.02491160, -0.01950571, -0.03624925,  0.06358383
  0.03959887, -0.04030292,  0.00651111, -0.06383317,  0.04724462,  0.04773495, -0.15519362,  0.25633160, -0.19348262,  0.22175084, -0.23730784,  0.03590414,  0.11127396, -0.08082935,  0.08835055, -0.10716635,  0.19262616, -0.22706655,  0.11700382, -0.17140909,  0.25596194, -0.24846963,  0.19016280, -0.20607953,  0.09110481,  0.06213913, -0.00103640,  0.06800334, -0.28364471,  0.14994842,  0.07531848, -0.01379183,  0.04518551, -0.18387394,  0.18489007, -0.20590812,  0.05699013, -0.00044885, -0.03582336,  0.18129636, -0.11716606,  0.02750068, -0.17941004,  0.15946620,  0.02208551,  0.07698103, -0.11419143,  0.07186666, -0.06347298,  0.04668563
 -0.05160065,  0.07979067, -0.02231395,  0.06506611, -0.14192744,  0.09984292,  0.02542261, -0.12483969,  0.04928017, -0.04582807,  0.14249822, -0.05848472, -0.19963904,  0.26224111, -0.08476474, -0.07664741,  0.06857296, -0.06284674,  0.21273151, -0.25492247,  0.12576386, -0.01329860,  0.00695422,  0.14201033, -0.24140042,  0.19323276, -0.29220481,  0.35816960, -0.08345415, -0.09585899,  0.03594106, -0.14669714,  0.25892748, -0.19217844,  0.04018735,  0.11269199, -0.12855004,  0.16131631, -0.20998733,  0.11723176,  0.08799062,  0.01763252,  0.00615470, -0.20924847,  0.06355616, -0.01427206,  0.03789617,  0.01734724, -0.08719573,  0.04970817
 -0.02497553,  0.09608716, -0.06626338, -0.04138559, -0.02068700,  0.09894762,  0.07889807, -0.29843688,  0.09305212,  0.29725407, -0.20938311, -0.20036030,  0.29389684,  0.02952765, -0.20473510, -0.04776983,  0.26012510, -0.06182330, -0.16160058,  0.05195576,  0.06546753,  0.04024633, -0.16335915,  0.18688311, -0.12824871, -0.08057502,  0.18556170,  0.11251177, -0.17876308, -0.20047426,  0.26139916,  0.03601003, -0.20822840,  0.15989862, -0.08116073,  0.05488977, -0.03915007,  0.06969339, -0.10931609,  0.09119417,  0.09875396, -0.19085475, -0.07252015,  0.06994156,  0.04177763,  0.09416492, -0.10586774, -0.01423561,  0.05295969, -0.01092369
 -0.01918975,  0.01167288,  0.07527608, -0.08461640, -0.01202838, -0.00243639,  0.09476244, -0.02076983, -0.20452685,  0.15938730,  0.18477627, -0.26433258, -0.06857240,  0.31031927, -0.15164277, -0.06833039, -0.04903507,  0.28143752, -0.19027343, -0.05274999,  0.07954699,  0.00030311,  0.06707202, -0.16198569,  0.20918452, -0.21203441,  0.00532556,  0.21167168, -0.03233198, -0.12480446, -0.13487848,  0.27173101, -0.06345810, -0.16247435,  0.22438012, -0.17277537,  0.12653015, -0.09439043,  0.07591309, -0.11643479,  0.14367617,  0.03055661, -0.15739362, -0.05089534,  0.11893333, -0.04775148,  0.13846072, -0.17662450,  0.08183427, -0.00601336
 -0.03791868,  0.03680017,  0.02695596, -0.00749962, -0.00480965, -0.08748075,  0.05166561,  0.19216788, -0.27795661,  0.08208496,  0.11357677, -0.09108556, -0.10293242,  0.04336995,  0.28515993, -0.37738228,  0.21300668, -0.12893608,  0.17087859, -0.09553514, -0.10679413,  0.20680118, -0.09854967,  0.01994383,  0.01732727, -0.06317561, -0.00441019, -0.03975378,  0.17887450, -0.10671172, -0.13699191,  0.22675516, -0.16112585,  0.14255820, -0.18621736,  0.16317497, -0.17520269,  0.09618021, -0.04542880, -0.03609545,  0.16742688,  0.08591991, -0.19423469,  0.07449374, -0.13939245,  0.16691600, -0.08648961,  0.09888808, -0.15096909,  0.08216207
 -0.00487044,  0.01874688, -0.02001321,  0.02007557, -0.05823617,  0.10410783, -0.06962754, -0.07201633,  0.17585739, -0.20222544,  0.22173958, -0.21689633,  0.21215331, -0.20166888,  0.14506240, -0.07494664, -0.01824630,  0.13690686, -0.19786650,  0.18221169, -0.14084442,  0.09757656, -0.05752242,  0.07538793, -0.12472690,  0.13859123, -0.15834303,  0.24785650, -0.27828297,  0.23619656, -0.22628698,  0.15720450, -0.04855449, -0.01445505,  0.03758661, -0.02174303,  0.02654852, -0.00534059, -0.05378134,  0.12237660, -0.21876944,  0.25125982, -0.24426008,  0.15143183, -0.07559418,  0.08317275, -0.05965591,  0.03208578, -0.01107401,  0.00171108
 -0.02144463,  0.03458585, -0.00421924, -0.01841235,  0.03079052, -0.07782067,  0.11836809, -0.10760762,  0.08900269, -0.08601383,  0.08604868, -0.05212284, -0.03420907,  0.07694687, -0.04210033,  0.03493066, -0.08216009,  0.11150269, -0.07405085,  0.02545033, -0.00435215, -0.01614831,  0.08309947, -0.11751155,  0.13003295, -0.18026045,  0.19170123, -0.19245557,  0.23898997, -0.27548615,  0.22821655, -0.19371209,  0.19226398, -0.14982830,  0.06907233,  0.01054918, -0.10820009,  0.16788916, -0.23766782,  0.26659907, -0.24559782,  0.29172755, -0.29316284,  0.18684438, -0.12401624,  0.12133561, -0.07138247,  0.04492422, -0.04428307,  0.02335837
  0.06263650, -0.13243152,  0.13178011, -0.14788738,  0.15326191, -0.11708404,  0.09076814, -0.07081647,  0.03133708,  0.01307539, -0.03366570,  0.07787741, -0.05883958,  0.04129481, -0.08111917,  0.08149517, -0.04507417,  0.02574987,  0.00118233, -0.09611434,  0.17312711, -0.20037507,  0.13359421, -0.13213148,  0.11903719, -0.00587221, -0.03797358,  0.05437044, -0.09853598,  0.13995953, -0.16335733,  0.21161044, -0.23419648,  0.23588222, -0.24758466,  0.28110415, -0.27889130,  0.27155419, -0.20460234,  0.15570174, -0.23104218,  0.08085526,  0.03902168, -0.04982266,  0.14262392, -0.14686649,  0.12734420, -0.12877869,  0.12307553, -0.05626285
