 -0.05092863, -0.05469019, -0.05827366, -0.06189476, -0.06545084, -0.06900653, -0.07260145, -0.07638351, -0.08024567, -0.08417908, -0.08832213, -0.09254445, -0.09672145, -0.10063550, -0.10454559, -0.10849023, -0.11219971, -0.11592752, -0.11957002, -0.12317218, -0.12671596, -0.13007234, -0.13341584, -0.13673392, -0.13979956, -0.14278388, -0.14576910, -0.14856456, -0.15130928, -0.15398745, -0.15654533, -0.15898859, -0.16140662, -0.16371886, -0.16581416, -0.16789416, -0.17006218, -0.17231222, -0.17447670, -0.17637520, -0.17813374, -0.17995373, -0.18186651, -0.18355028, -0.18666521, -0.19120353, -0.19536765, -0.19868065, -0.20118502, -0.20310342
  0.15351475,  0.16972985,  0.18736891,  0.20503811,  0.22049187,  0.23254898,  0.24175878,  0.24658339,  0.24480217,  0.23873343,  0.22980136,  0.21865713,  0.20588200,  0.19134849,  0.17589783,  0.16004803,  0.14355572,  0.12705586,  0.11114106,  0.09584787,  0.08159319,  0.06797546,  0.05510508,  0.04314587,  0.03191013,  0.02152170,  0.01191424,  0.00230372, -0.00657842, -0.01544628, -0.02428352, -0.03348037, -0.04281166, -0.05186037, -0.06068282, -0.06932940, -0.07752685, -0.08516536, -0.09274782, -0.10050500, -0.10812444, -0.11528137, -0.12212603, -0.12915379, -0.13333833, -0.13483731, -0.13658039, -0.13916999, -0.14260008, -0.14653517
  0.37421287,  0.39391205,  0.37785078,  0.33199046,  0.26619091,  0.18911992,  0.10189084,  0.02096064, -0.03657314, -0.08022885, -0.11348894, -0.13888398, -0.15854138, -0.17189305, -0.17831039, -0.17846058, -0.17285793, -0.16099766, -0.14692769, -0.12997666, -0.11287687, -0.09518954, -0.07613218, -0.05816193, -0.04456273, -0.03513046, -0.02902712, -0.02424409, -0.02329445, -0.02198367, -0.02048481, -0.01597870, -0.00866277, -0.00221797,  0.00216371,  0.00701938,  0.01179000,  0.01572360,  0.01967306,  0.02291781,  0.02580128,  0.02937979,  0.03491854,  0.04117896,  0.05110347,  0.06517348,  0.07791455,  0.08702101,  0.09308803,  0.09714780
 -0.59052756, -0.31856884, -0.06737931,  0.12709182,  0.26215934,  0.33347112,  0.28891709,  0.18287566,  0.12728853,  0.09240233,  0.06831622,  0.04607761,  0.01301760, -0.02406881, -0.06130847, -0.09689329, -0.12308803, -0.13324217, -0.14450754, -0.14844296, -0.15504527, -0.15578863, -0.13872291, -0.10671920, -0.07142571, -0.03834691, -0.01341129,  0.01161985,  0.01195416,  0.00653753, -0.00731739, -0.01042642,  0.00269580,  0.01592210,  0.02150461,  0.03165078,  0.04324764,  0.04937704,  0.05578923,  0.05916216,  0.05445890,  0.04297491,  0.03536705,  0.03348248,  0.02965111,  0.02985999,  0.03212548,  0.02946224,  0.02593567,  0.02553494
 -0.00423941,  0.04497946,  0.06507543,  0.05043540,  0.01393500, -0.02378444, -0.03307205, -0.02292434, -0.01561564, -0.01058082, -0.01966908, -0.04196885, -0.06752373, -0.07742681, -0.07238417, -0.06008975, -0.04027366, -0.02822675, -0.01831551, -0.01136340, -0.00386263,  0.00863560,  0.01875874,  0.02277923,  0.03006861,  0.03617492,  0.03553629,  0.03609497,  0.04176753,  0.04985680,  0.06585995,  0.08681436,  0.10397761,  0.12100860,  0.14534470,  0.16501266,  0.16974260,  0.15553032,  0.13102613,  0.11894456,  0.12957896,  0.15141199,  0.16466144,  0.17487313,  0.09821007, -0.10654424, -0.34008331, -0.48613606, -0.47178715, -0.30176845
 -0.00729992, -0.00333872,  0.01098259,  0.04322752,  0.03373215, -0.01495836, -0.04152510, -0.02421060, -0.02073543, -0.01661847,  0.01112639,  0.04566802,  0.06182853,  0.01843131, -0.01752453, -0.00492147,  0.00171422,  0.01043715,  0.01010459,  0.01126856,  0.02061144,  0.00523022, -0.00507623,  0.00167606, -0.00769320, -0.01379802, -0.00889814, -0.02282230, -0.02524687, -0.03007410, -0.03611406, -0.04539004, -0.05091495, -0.05160863, -0.05706309, -0.05018000, -0.01569244,  0.03534482,  0.04975627, -0.00398524, -0.06689356, -0.06869463, -0.01914589, -0.00479529,  0.18464552,  0.47229565,  0.48311078,  0.15154952, -0.31106077, -0.58771394
  0.34996293, -0.02930707, -0.35496707, -0.40195638, -0.12632458,  0.27828342,  0.41270714,  0.25787222,  0.12580623,  0.00563504, -0.08718185, -0.12339759, -0.12124092, -0.10443225, -0.10433560, -0.12549109, -0.12154077, -0.04771378,  0.04689650,  0.13938941,  0.15346458,  0.10139015,  0.03145140, -0.03638187, -0.10382337, -0.14923231, -0.13375580, -0.02248901,  0.05740174,  0.08200585,  0.04009438,  0.00813085,  0.02083142,  0.03762299,  0.03147486,  0.01523356, -0.00797747, -0.02243439, -0.00671590,  0.01891645,  0.04245606,  0.04894747,  0.03849546,  0.01225146, -0.03211341, -0.02838592,  0.03603809,  0.05639349, -0.02483850, -0.11480048
  0.00879404,  0.17537453,  0.09262953, -0.15646636, -0.33435784, -0.26575205, -0.04569612,  0.14463908,  0.27000242,  0.31690883,  0.29238352,  0.22245109,  0.12980236,  0.03266312, -0.06271311, -0.15691991, -0.24531582, -0.29708615, -0.29010979, -0.20679399, -0.08207550,  0.02344131,  0.08548262,  0.10634442,  0.08160727,  0.01094685, -0.08087769, -0.12483234, -0.10790081, -0.05256981, -0.01023829,  0.00733427,  0.02196707,  0.04490063,  0.06396556,  0.07311607,  0.06848126,  0.05003274,  0.03245867,  0.01867567,  0.00567133,  0.00058742,  0.00774656,  0.00512109, -0.01772513, -0.01705506,  0.03059359,  0.07449944,  0.05160832, -0.02749257
 -0.00008039, -0.05001584, -0.01012724,  0.09125800,  0.12208963,  0.00242267, -0.09678723, -0.11037931, -0.04962152,  0.02032645, -0.03487125, -0.06505337,  0.01165070,  0.08269870, -0.01187566, -0.11534747, -0.03421169,  0.03304840,  0.02797291, -0.02314636, -0.00345385,  0.06605890,  0.04473194, -0.01772918,  0.02441872,  0.06486919,  0.02156974,  0.01295971,  0.01694645, -0.01917886,  0.00640323,  0.08141620,  0.06475436,  0.02631763,  0.07826592,  0.07268892, -0.00284362, -0.00672622,  0.09917454,  0.18122569,  0.11314879, -0.02800830, -0.07006863,  0.06907054, -0.21812635, -0.53005035, -0.04381711,  0.48156405,  0.14047112, -0.48625496
  0.19377384,  0.10066182, -0.11050417, -0.16746204, -0.00934310,  0.13869885,  0.06344459, -0.11187409, -0.16843004, -0.11881584, -0.01640122,  0.10618980,  0.24195882,  0.34759430,  0.34694247,  0.21877677,  0.05053426, -0.06569908, -0.13447006, -0.16983988, -0.19980000, -0.19616508, -0.14818504, -0.10351506, -0.09041181, -0.09242168, -0.08921940, -0.05892960, -0.05535986, -0.10811267, -0.18181252, -0.18566918, -0.12736384, -0.06726289, -0.01237464,  0.02915288,  0.02992541,  0.02172614,  0.05054847,  0.10647181,  0.16770280,  0.20507894,  0.20103115,  0.17323862,  0.10508485, -0.02349345, -0.07078378,  0.01916925,  0.04739516, -0.04931647
 -0.30001946,  0.23109644,  0.40157736, -0.11858593, -0.42760065, -0.02403877,  0.27619569,  0.15660007,  0.06043525, -0.06633750, -0.16755527, -0.20132199, -0.19047373, -0.07058177,  0.10999535,  0.22462909,  0.22824229,  0.14019700, -0.01110420, -0.04702223, -0.02764541, -0.06779262, -0.11824936, -0.07494419,  0.02919594,  0.05476727, -0.04239441, -0.04414031,  0.02998190,  0.13110424,  0.07734942, -0.03944039, -0.09199651, -0.07329740, -0.02896696,  0.03703270,  0.06582865,  0.02837821,  0.00700608,  0.00307315, -0.05138920, -0.09075049,  0.00834539,  0.12438678,  0.02774201, -0.09438802,  0.00469369,  0.11384742,  0.01824573, -0.11673289
  0.04772994, -0.03988077,  0.02758584, -0.04320395, -0.02486243,  0.07465667, -0.01228016, -0.05628705,  0.03994713, -0.06632367, -0.14425698,  0.04151987,  0.10780985,  0.06128301,  0.00199491, -0.00038732,  0.09150600, -0.04425184, -0.15167691, -0.07818263, -0.02650567,  0.00233559, -0.05369248, -0.01508096,  0.11735969,  0.01581949, -0.01799930,  0.12387822,  0.04044709, -0.02439580,  0.06782811,  0.04899131, -0.01642323,  0.07147378,  0.13188259,  0.00594972, -0.05111124,  0.02732087,  0.02316981, -0.04442254, -0.08156682, -0.03265090,  0.09810885,  0.12600853, -0.42655321, -0.25678972,  0.49603522, -0.01535178, -0.46312478,  0.29551657
 -0.12284412,  0.20331785, -0.07689622, -0.22687496,  0.12619734,  0.18254319,  0.01835803, -0.00384597, -0.15899390, -0.19949100, -0.12220918, -0.09433628,  0.01719140,  0.16012923,  0.15044100,  0.03129180, -0.13301304, -0.24340723, -0.20563987, -0.14815291, -0.04964520,  0.03687073,  0.15801090,  0.24599609,  0.21629817,  0.20181505,  0.20832015,  0.14998707,  0.19029797,  0.13823498,  0.03298521,  0.04698810,  0.10997387,  0.11718394,  0.10593619,  0.08735691,  0.00053145, -0.12904834, -0.18363563, -0.19303870, -0.21244315, -0.14217200, -0.08037521, -0.12039312,  0.01252462,  0.08242001, -0.09309829, -0.02939168,  0.06587285, -0.12720018
  0.23521971, -0.42250359, -0.03773743,  0.45212333, -0.24142606, -0.24302761,  0.29571029,  0.12265237,  0.02411577, -0.08687222, -0.23924680, -0.08162641,  0.13507989,  0.07823073,  0.07445937,  0.06085358, -0.05341957, -0.02929946, -0.15400438, -0.16317957, -0.06106802,  0.11575988,  0.15941565, -0.00585858, -0.04425897,  0.05648802,  0.07468678,  0.11273513, -0.00331748, -0.03224502,  0.00529789, -0.01105594, -0.01994776,  0.02583234,  0.06609216,  0.07322791,  0.01250075, -0.02590634, -0.11328033, -0.17211012, -0.00172978,  0.01618991, -0.08600018,  0.01327745,  0.18705336, -0.01984557, -0.07490898,  0.08408179, -0.05987464,  0.00227349
 -0.14295211, -0.07314180,  0.33290951, -0.00080676, -0.21709383,  0.18099965,  0.17836532, -0.14741911, -0.27969966, -0.24250844,  0.03119241,  0.27203909,  0.19161781,  0.02014646, -0.07186916, -0.14713140, -0.16708874, -0.13835865, -0.01392500,  0.19589092,  0.32515644,  0.24918062,  0.02810578, -0.05464769,  0.02213486,  0.06649899,  0.03161431, -0.09374284, -0.14890830, -0.04476739,  0.00199870,  0.00409736,  0.04939119,  0.04797745, -0.03839725, -0.13994109, -0.18107211, -0.18097368, -0.11438068,  0.06854621,  0.16317370,  0.08741002,  0.06979568,  0.07674760, -0.00243886, -0.00686114, -0.00709985, -0.05288703,  0.02690993, -0.00996856
  0.04840880, -0.12779607,  0.12739854,  0.01647793,  0.00829712, -0.03982813, -0.03657586,  0.13736108,  0.02576338, -0.20187180, -0.08696851,  0.00075298, -0.07805532,  0.14325918,  0.11715950,  0.02999917,  0.10062876, -0.04289729, -0.00351989, -0.05894792,  0.00155088,  0.08625097, -0.03448313, -0.02965537, -0.14478658, -0.19316254,  0.01153911, -0.08551017, -0.27672158, -0.01026823,  0.07023315, -0.01864093,  0.12526721,  0.22442285,  0.17201901,  0.09878223,  0.21089342,  0.13978039,  0.02804309,  0.09887526,  0.05301607, -0.05599233, -0.09940535, -0.20024467, -0.43010570,  0.19396796,  0.11638572, -0.28818918,  0.31752167, -0.15541501
 -0.07371379, -0.04882060, -0.00016899, -0.02944820,  0.10849126,  0.01235189, -0.05870249,  0.16269213,  0.17036439, -0.02271375, -0.11501123, -0.15323748, -0.16899444, -0.01726594, -0.01754767, -0.06806479,  0.03600178,  0.02479453, -0.01579548, -0.06427491,  0.06224052,  0.23789414,  0.27502081,  0.28401564,  0.19417826,  0.12095815,  0.15541829,  0.05823220, -0.14202695, -0.21196096, -0.26682358, -0.34449231, -0.29327572, -0.18133868, -0.12313802, -0.09780837,  0.00746660,  0.01694421, -0.00134133,  0.07650767,  0.09386483,  0.13482231,  0.22266359,  0.16871696, -0.11438638, -0.00479043,  0.05190771, -0.10631290,  0.09317453, -0.02966337
  0.09793534, -0.14303082,  0.10235699, -0.00622912, -0.15503641,  0.11521592,  0.02254427, -0.14881260, -0.03427711,  0.10955882,  0.16518791,  0.02150014, -0.19178624,  0.02384597,  0.22611601, -0.08283186, -0.27318123, -0.02080693,  0.26977186,  0.00172496, -0.31740400, -0.11069072,  0.13158118,  0.08701801, -0.12266883, -0.09934811,  0.25031444,  0.18433652, -0.08588534,  0.11465592,  0.31561261,  0.02597826, -0.22861070, -0.08544198,  0.10296502, -0.09429744, -0.22115763, -0.02888681,  0.08692463,  0.03624429, -0.09327643, -0.14220750,  0.07521669,  0.19458382, -0.04576182,  0.00786001,  0.05046055, -0.11368604,  0.07374737, -0.04398378
 -0.00048437, -0.01414720, -0.05642465,  0.07485620,  0.00240876, -0.05744137,  0.09391045,  0.08466493, -0.08879946, -0.12577870,  0.04569240,  0.12600948, -0.11721383, -0.23199648,  0.09028486,  0.27993828, -0.01391562, -0.26489856, -0.01884069,  0.26183309,  0.04302720, -0.22778778, -0.01546544,  0.30570862,  0.17115569, -0.17481867, -0.09851170,  0.16944535, -0.06564367, -0.33649767, -0.05831142,  0.20782470, -0.00750310, -0.20316668,  0.02095294,  0.22867842,  0.05335217, -0.12961194,  0.01402451,  0.20841388,  0.10391645, -0.15492707, -0.16513735,  0.04020494,  0.01579127, -0.04905883,  0.05369398, -0.01270897, -0.01021841,  0.00412739
 -0.13373623,  0.16817220, -0.12779809,  0.06100235,  0.05306733, -0.05449938,  0.23580700, -0.04946487, -0.23517612,  0.08199370,  0.06536336, -0.18697546, -0.03345467,  0.02513936, -0.00649468,  0.10315698,  0.01050162,  0.00727601,  0.06102007,  0.10584178, -0.03899891,  0.00461919,  0.27427621,  0.03120064, -0.12327734,  0.14031790, -0.01669255, -0.30740231, -0.36585067, -0.19092823, -0.00888179,  0.01386941, -0.03769213,  0.12843044,  0.25032754,  0.14941112, -0.14028529, -0.02113434,  0.27690316, -0.04890226, -0.25329989,  0.11411584,  0.12524560, -0.17582643, -0.01047164,  0.00198812, -0.00962074,  0.10985902, -0.12556375,  0.09620864
 -0.03534180,  0.16308888, -0.13010487,  0.07437358,  0.05107997, -0.37309816,  0.13614091,  0.23370785, -0.14117378, -0.09351881,  0.14588623,  0.04009534,  0.05073443,  0.13072121, -0.19402050, -0.12004799,  0.10999838, -0.02143350, -0.11679055,  0.08155370,  0.10199380, -0.14143849, -0.10206466, -0.08467365, -0.25394480,  0.00300262,  0.25310615,  0.28999896,  0.07350765,  0.13019052,  0.05787184, -0.03065227, -0.01809504, -0.10393427, -0.14016534,  0.07295140, -0.01944597, -0.28749988,  0.03782827,  0.12995819, -0.15321265,  0.05972185,  0.27435803,  0.05546022, -0.19717129,  0.04025120, -0.00414120, -0.02876023,  0.05794049, -0.06132472
  0.14569490, -0.05990424, -0.09726281,  0.02950416, -0.15686484,  0.02406719,  0.20521515, -0.11100692, -0.08605044,  0.10609631,  0.05107404,  0.01792545, -0.01325607, -0.13654216, -0.14239066,  0.09244675,  0.10827308, -0.08799727,  0.00490733, -0.00205931, -0.17328173, -0.19473147, -0.17625557, -0.01265818,  0.32374927,  0.40824031,  0.19417489,  0.01821230, -0.00149567,  0.10480195, -0.01509709, -0.04754551,  0.03103724, -0.04991253, -0.09271602, -0.14113910, -0.12694234,  0.09683993,  0.16442596,  0.03736686,  0.20735375,  0.24937444, -0.14834585, -0.29107092, -0.21391002,  0.06639164,  0.03364871, -0.10292487,  0.07229638, -0.09707404
  0.02170148,  0.02491800,  0.06662923, -0.11513913, -0.07050112,  0.00129654, -0.07494833,  0.11016869,  0.12881600, -0.01143177, -0.03983654,  0.02774946,  0.03061444, -0.01426618,  0.02999047, -0.10755571, -0.20349353,  0.04551086,  0.23632937,  0.18010354,  0.05063465, -0.12910888, -0.29615120, -0.26299814, -0.02082343,  0.22215590,  0.33759270,  0.18343997, -0.03465877, -0.31550604, -0.27988773, -0.15898514, -0.08025185,  0.16987736,  0.31588638,  0.17761417,  0.07913543,  0.03615871, -0.10139106, -0.08427279, -0.02914918, -0.07849583, -0.05283944, -0.04068264,  0.07354113, -0.00400153, -0.01299498,  0.07351547, -0.03573994,  0.02897725
  0.06770427, -0.03327148, -0.06793982, -0.02155305, -0.03032443,  0.00271634,  0.09149799,  0.13892005, -0.02674680, -0.17321741,  0.03448511,  0.08266504,  0.00779619,  0.06251043, -0.07664295, -0.28392405,  0.06087969,  0.42001329,  0.08290397, -0.13781601, -0.18447951, -0.28879950, -0.07466779,  0.27128699,  0.25917105,  0.05386241, -0.02113814, -0.14611858, -0.27110984, -0.09938701,  0.05022218,  0.04797210,  0.22470919,  0.23864605, -0.10576490, -0.09594612,  0.04283213, -0.16005027, -0.15695536,  0.09654376, -0.01514905, -0.15754614,  0.08316046,  0.12879117,  0.07770715,  0.00780444, -0.02971944,  0.04123083, -0.04248628,  0.02201334
 -0.11112870,  0.26933012, -0.27523510,  0.11853869,  0.13002119, -0.21273826,  0.09910680,  0.00208317,  0.00227737, -0.07799711,  0.01501107,  0.09200788, -0.14583759, -0.09584248,  0.27733791,  0.07051364, -0.26569244,  0.09248523, -0.05628411, -0.09478626,  0.20789153,  0.07648893, -0.10051247, -0.12895159,  0.08157394,  0.10135492, -0.14458725,  0.15007548, -0.12617181, -0.04239152,  0.33168592, -0.05712870, -0.25976963,  0.25026255, -0.03075819, -0.27891714,  0.06983273,  0.07187830, -0.07780588,  0.01842650,  0.16552054,  0.03706012, -0.09502704, -0.01461315,  0.00732529, -0.04669214,  0.03560475,  0.00132265, -0.03039209, -0.00375447
 -0.07366931,  0.03565147, -0.04777561,  0.19292022, -0.02005443, -0.13136911,  0.02648712, -0.06839001,  0.11093598,  0.20514974, -0.17428746, -0.31473140,  0.00224540,  0.33769162,  0.15856748, -0.11647672, -0.18001472, -0.22539013,  0.13472477,  0.35733293,  0.08005630, -0.15008747, -0.15396893,  0.03915590,  0.19296701,  0.00125286, -0.21244636, -0.08233513, -0.01401454,  0.13693286, -0.08037185, -0.12863074,  0.21655824,  0.07828487, -0.12699215, -0.01460953, -0.06500717, -0.07932848,  0.03256947, -0.05850333, -0.04842105,  0.02397737, -0.01312346,  0.20948587, -0.01323440, -0.01709922,  0.11906024, -0.16118090,  0.08804470, -0.01207268
 -0.13325783,  0.20688674, -0.02621768, -0.06351417,  0.06706303, -0.15882524,  0.09063029,  0.06544681,  0.12042033, -0.10610096, -0.32003201,  0.12814189,  0.31754074, -0.02193295, -0.22908672,  0.05498569, -0.10523290,  0.01805531,  0.38124164, -0.10636690, -0.24499360,  0.04523632,  0.06674572,  0.00829452, -0.02655938,  0.00399835, -0.19082311,  0.10622112,  0.04754066, -0.14299428, -0.00789848,  0.29292322,  0.00049567, -0.12437909,  0.11119113, -0.09322240, -0.15592862,  0.04385144,  0.01360559, -0.17879601,  0.03776333,  0.15419241, -0.00595339,  0.13922634, -0.10849988,  0.06601606, -0.00600937, -0.10256822,  0.15910599, -0.08889974
  0.01106840,  0.07082024, -0.18814708,  0.06388864,  0.03637216,  0.01319735,  0.08110237, -0.12224347, -0.13551879,  0.14472538,  0.14744484,  0.13877029, -0.10761122, -0.22867371, -0.07323953,  0.12564900,  0.14471163,  0.01298014,  0.05640445, -0.23399068,  0.00201365,  0.28369670, -0.17546951, -0.11153484,  0.12251054, -0.08489474,  0.04391079,  0.03908023, -0.19690549,  0.10735112, -0.09640489, -0.20712997,  0.20561146,  0.00418526,  0.09149227,  0.27404642, -0.09829857, -0.11611355, -0.06240167, -0.23810409, -0.06186829, -0.05441985, -0.08697317,  0.38802009,  0.03899226, -0.05598066,  0.11998474, -0.12037495,  0.15298841, -0.06891299
  0.05434605, -0.10499697,  0.02209495, -0.00142627,  0.09692993, -0.11264030,  0.08200952, -0.13997298,  0.12231619,  0.08713567,  0.03384907, -0.04103111, -0.18916232,  0.01527900,  0.04513840,  0.19227944, -0.08740072,  0.03973123, -0.08263272, -0.16041313,  0.30727330, -0.12507418, -0.19950851,  0.19093070, -0.13468783,  0.09699382,  0.06440194, -0.19615859,  0.03366461,  0.08266828, -0.22998396,  0.28006611,  0.02452900, -0.05847279,  0.26615889, -0.17671525, -0.16804260,  0.00296755, -0.14110507, -0.06194748,  0.10662884, -0.08202849,  0.17111784,  0.19350193, -0.24299542,  0.23067350, -0.16422744,  0.12045138, -0.04735580, -0.01638481
  0.06679932, -0.12118783,  0.04670173, -0.00933669,  0.00201873,  0.04506564, -0.09804844, -0.00812192,  0.09671779,  0.11664406,  0.09493620, -0.07922628, -0.18691443, -0.01566586, -0.02657869,  0.14960670,  0.23555688, -0.19292501, -0.04065208,  0.07117579, -0.22850724,  0.10971412,  0.07316999, -0.30806760,  0.07508264,  0.19282417, -0.22843132,  0.08477813,  0.09224965, -0.27236014,  0.08819128,  0.13932118,  0.02003419,  0.26062900,  0.06863654, -0.16081654, -0.01873849, -0.34109966, -0.24690576,  0.13227232, -0.08508762,  0.05619686,  0.24917515,  0.05351353,  0.00804309,  0.09636961, -0.02331130, -0.01483074,  0.07560146, -0.09541492
  0.02516820, -0.11598763,  0.18571056, -0.14868698,  0.09439940, -0.03915927, -0.12071303,  0.13120204,  0.10617871, -0.00045971, -0.03760478, -0.14988746,  0.00144936,  0.03521267,  0.01795171,  0.20618035, -0.12953787, -0.06429797,  0.09658752, -0.16405754,  0.04631514,  0.17856739, -0.33263492,  0.09299784,  0.17022945, -0.28111970,  0.11900965,  0.16817830, -0.24133786, -0.01782206,  0.15798815,  0.02557057,  0.15064783,  0.04178222, -0.12322003, -0.01393159, -0.17809310, -0.18903652,  0.18076782, -0.02501037, -0.07318792,  0.29980018,  0.08365642, -0.20023091,  0.08516840,  0.00600725, -0.12129370,  0.18830473, -0.14817926,  0.02065902
 -0.08643509,  0.18375061, -0.18260664,  0.19271419, -0.18565220,  0.14487287, -0.22537642,  0.17210878,  0.10367813,  0.02090476, -0.09120716, -0.03188942,  0.00262284, -0.16956928,  0.25346223, -0.09489700,  0.10538152,  0.07416639, -0.19145888,  0.05297443,  0.04022885, -0.10388306,  0.03943168, -0.04261938, -0.06856263, -0.14633013,  0.23729653, -0.07685073, -0.03231217, -0.07589727,  0.00609168,  0.19192024,  0.20009479, -0.06183756,  0.06617048, -0.03322304, -0.37185361,  0.06618638, -0.17486306, -0.07925122,  0.12573711,  0.16760578,  0.19013650, -0.14514906,  0.12337434, -0.14172106,  0.16504434, -0.11504938,  0.10175444, -0.09954637
 -0.03090961,  0.09163499, -0.17053246,  0.23598082, -0.22031101,  0.17134144, -0.01691203, -0.14127489,  0.11340768, -0.12711464,  0.03371127,  0.00187271,  0.05602838,  0.02164228, -0.01632054, -0.06718149, -0.03073040,  0.01845377,  0.04264371, -0.04331791,  0.09481977,  0.00694550,  0.07856224, -0.27534106,  0.41687227, -0.21681542, -0.07084665,  0.13034977, -0.03877078,  0.01661172, -0.07047621,  0.05793100, -0.08007460, -0.06867951, -0.04783126,  0.13109136, -0.01059301,  0.13259467,  0.12193602,  0.00460886, -0.10254149, -0.22643403,  0.28715647, -0.07908308, -0.22127813,  0.24381601, -0.27770196,  0.14488778, -0.00776667,  0.00442857
 -0.00017239, -0.02738510,  0.11535211, -0.16698510,  0.14902522, -0.14907594,  0.14139720, -0.19606808,  0.26393544, -0.18951369,  0.22350673, -0.27797332,  0.21568677, -0.23278406,  0.18970767, -0.07939271,  0.10396313, -0.08372782,  0.09518390, -0.15957950,  0.13109499, -0.23022010,  0.30219070, -0.17425302, -0.02940954, -0.02180469,  0.06712945,  0.02551702,  0.01827824, -0.06467068,  0.02755488, -0.09185095,  0.16406625,  0.06511534, -0.09759141,  0.04825782, -0.04719873, -0.18572899,  0.12845089, -0.14677528,  0.28863019, -0.09394095, -0.03111516,  0.01611131, -0.01296082,  0.00853523,  0.04727892, -0.02880939, -0.02215403,  0.00553391
 -0.01684779,  0.02408434,  0.03278789, -0.02987966, -0.07407537,  0.14819840, -0.20482016,  0.16536370, -0.07900511,  0.14861116, -0.12914068,  0.05453635, -0.10713219,  0.08534254, -0.11023193,  0.23637869, -0.22823871,  0.23954922, -0.20224170,  0.06843275, -0.02215643, -0.12870648,  0.25103529, -0.10850697, -0.15036891,  0.10378301, -0.04595761,  0.15073652, -0.05583147, -0.05610290,  0.00988353, -0.06442635,  0.13445322,  0.16509271, -0.26424840,  0.19268540, -0.19255468, -0.08284172,  0.11521439, -0.10405003,  0.24572471, -0.01028567, -0.18910883,  0.18673611, -0.20635957,  0.18800607, -0.09828020,  0.06539024, -0.07729075,  0.02703250
 -0.02382904,  0.03858246, -0.08885673,  0.21030335, -0.25830451,  0.24794406, -0.14984072, -0.03256035,  0.05329552, -0.06548280,  0.11178258, -0.02336219, -0.01269456,  0.03632805, -0.14546507,  0.06828211,  0.03185141, -0.07956987,  0.21911264, -0.24076699,  0.26517165, -0.23357471,  0.02811351,  0.16380965, -0.07558932, -0.08400757,  0.04483127, -0.09743849,  0.15808690, -0.06017337, -0.00716397,  0.05398884, -0.24924013,  0.25004416, -0.04681025,  0.01305427,  0.21199106, -0.23950143,  0.05650765, -0.12756631, -0.13631086,  0.33552243, -0.15288195,  0.08192681, -0.04879493, -0.04567666,  0.06757624, -0.02579044,  0.05293862, -0.04947698
 -0.01062037, -0.05546393,  0.06574165, -0.03139836,  0.11097087, -0.03068452, -0.06893324, -0.00162700,  0.00070788, -0.02099931,  0.07023967,  0.00746969, -0.02659703,  0.05004470, -0.08601039, -0.06120904,  0.05409353, -0.00214080,  0.00390092,  0.22105383, -0.07088646, -0.15493309,  0.02982665,  0.01486022,  0.13363008, -0.04082528, -0.09349635, -0.08576092, -0.17149878,  0.18942997,  0.27728912, -0.06845753, -0.23206442, -0.17710542,  0.14736745,  0.29987914,  0.11390824, -0.04481320, -0.40998424, -0.36348351,  0.24626680,  0.25471467,  0.09826043, -0.05026654, -0.09365894,  0.04623597, -0.03048526,  0.14939786, -0.05737331, -0.04526566
 -0.04471247,  0.02591895,  0.02986337,  0.04793448, -0.00231974, -0.07534401, -0.04182187,  0.04681466,  0.03980983, -0.02777473, -0.05709395,  0.03951433,  0.05723478, -0.02514700, -0.08772020, -0.04581354,  0.09292240,  0.09915910, -0.04686259, -0.00646221, -0.02909385, -0.04446566,  0.01435128,  0.12289829,  0.09721499, -0.18695408, -0.19556548,  0.04505615,  0.20487914,  0.22012501, -0.08720083, -0.32082847, -0.20143507,  0.21857674,  0.44494547,  0.03796016, -0.40534463, -0.22709651,  0.08413765,  0.25742583,  0.14520734, -0.03440201, -0.11656388, -0.12549489,  0.06459076,  0.06205751, -0.04336273, -0.02302171, -0.00573041,  0.00950438
 -0.03656943,  0.02656628,  0.03718037, -0.00781450, -0.00568940, -0.05676035,  0.05978647,  0.01734178, -0.05600438, -0.09644543,  0.13355014,  0.09089311, -0.11573583,  0.02701110, -0.15355226,  0.07597309,  0.19967722, -0.20251998, -0.02172391,  0.20927516, -0.08680116, -0.12801138,  0.13099437,  0.09492898, -0.02785589, -0.28212645,  0.06583376,  0.23116113, -0.05430918,  0.01987758, -0.15887723, -0.14284926,  0.11808549,  0.30853588,  0.03043634, -0.39387205, -0.02547119,  0.36852337, -0.01877120, -0.27990217, -0.00885736,  0.04208086,  0.00884167,  0.10685575,  0.02050084, -0.07274667, -0.09874753,  0.18196722, -0.03633471, -0.03738790
  0.08827574, -0.17405391,  0.11310621, -0.07419569,  0.04963277,  0.02284901, -0.02656305,  0.02048199, -0.02245675, -0.04221599,  0.00000225,  0.11765804, -0.02650909, -0.05984328,  0.12206188, -0.23725982,  0.14104294,  0.09931841, -0.22986912,  0.04094846,  0.21240940, -0.11555258, -0.15110750,  0.10211822,  0.03459723,  0.16299182, -0.27311425,  0.10583942,  0.11960062, -0.27308084,  0.23799171, -0.06818668, -0.02926785, -0.06390695,  0.07949278,  0.05570947, -0.15946025,  0.12385602,  0.33670230, -0.31250454, -0.25119051,  0.07247064,  0.04405789,  0.09092708,  0.01227318,  0.02994287, -0.09109691, -0.05175232,  0.20147926, -0.10409280
  0.04948674, -0.07842190, -0.00647263,  0.04831397, -0.02565017,  0.04641882, -0.16380826,  0.34935789, -0.26144677, -0.08773211,  0.33102003, -0.40336989,  0.33630935, -0.08127544, -0.15207862,  0.23488720, -0.14466071, -0.04120966,  0.07238713, -0.04605389,  0.04954072,  0.00695289, -0.10815071,  0.03208385,  0.04994291,  0.09171412, -0.09249494, -0.09249126,  0.08329897, -0.03402510,  0.13722054, -0.08447623, -0.05756985,  0.02206148,  0.02458347, -0.03005293, -0.13135544,  0.25967191, -0.11078002,  0.01656148,  0.03463311, -0.20400309,  0.11533331,  0.10144215, -0.03168255, -0.05303503,  0.04392039, -0.06299942,  0.06798679, -0.02022688
  0.03539216,  0.03234072, -0.12866986,  0.00514833,  0.04114113,  0.02685929, -0.11947303,  0.11954814,  0.28971354, -0.37974242,  0.08959951,  0.03712071, -0.17510162,  0.33801326, -0.18451552,  0.01591326,  0.16628454, -0.20117402, -0.04838515,  0.04813269, -0.01588307,  0.08031083, -0.05912042, -0.15152626,  0.02809977,  0.16664575,  0.12527729, -0.19807828, -0.15484196,  0.06315272,  0.11757715,  0.15648304, -0.13006890, -0.09740654,  0.02251230,  0.00216994, -0.20760978,  0.01039104,  0.21171917, -0.02222217,  0.10002784, -0.14699757, -0.22698707,  0.17407621,  0.20148644, -0.04328536, -0.02401864, -0.02077955, -0.03545965,  0.06370230
  0.03989332, -0.04024676,  0.00623733, -0.06398187,  0.04725089,  0.04779423, -0.15555220,  0.25669112, -0.19289281,  0.22119048, -0.23695173,  0.03578943,  0.11146898, -0.08018329,  0.08811862, -0.10675850,  0.19277797, -0.22692421,  0.11697060, -0.17148648,  0.25601397, -0.24806841,  0.18987062, -0.20675616,  0.09085768,  0.06253836, -0.00063731,  0.06752715, -0.28405847,  0.14978062,  0.07529002, -0.01330959,  0.04520522, -0.18409735,  0.18487731, -0.20585030,  0.05649203, -0.00060707, -0.03540159,  0.18156871, -0.11751353,  0.02631651, -0.18036060,  0.15933225,  0.02242966,  0.07696930, -0.11413776,  0.07163517, -0.06353419,  0.04699974
 -0.05167047,  0.07977901, -0.02233536,  0.06512159, -0.14186932,  0.09984432,  0.02538757, -0.12482842,  0.04934845, -0.04590154,  0.14241614, -0.05842868, -0.19974539,  0.26220351, -0.08485740, -0.07662814,  0.06854225, -0.06301889,  0.21275390, -0.25487666,  0.12577133, -0.01336735,  0.00702645,  0.14209143, -0.24134316,  0.19328355, -0.29227724,  0.35810668, -0.08352054, -0.09572234,  0.03600412, -0.14678265,  0.25890722, -0.19217846,  0.04022546,  0.11270952, -0.12852170,  0.16134112, -0.21002979,  0.11715808,  0.08805142,  0.01776414,  0.00639873, -0.20907017,  0.06365178, -0.01435087,  0.03791374,  0.01738578, -0.08717512,  0.04968692
 -0.02499439,  0.09610903, -0.06624577, -0.04135268, -0.02073270,  0.09891930,  0.07897085, -0.29844372,  0.09294277,  0.29726974, -0.20935120, -0.20034566,  0.29384196,  0.02947728, -0.20458446, -0.04791642,  0.26017627, -0.06187688, -0.16150654,  0.05191500,  0.06538089,  0.04032751, -0.16342845,  0.18699651, -0.12829782, -0.08059110,  0.18554294,  0.11252793, -0.17856149, -0.20055085,  0.26139419,  0.03598036, -0.20824212,  0.15998783, -0.08130592,  0.05498502, -0.03921733,  0.06977375, -0.10935010,  0.09121189,  0.09885963, -0.19075442, -0.07251232,  0.06989355,  0.04163606,  0.09424604, -0.10592468, -0.01416930,  0.05288838, -0.01093076
 -0.01920413,  0.01173506,  0.07531420, -0.08460758, -0.01213108, -0.00246946,  0.09491431, -0.02080909, -0.20476395,  0.15950786,  0.18488826, -0.26442622, -0.06860430,  0.31034058, -0.15140927, -0.06862485, -0.04888550,  0.28144704, -0.19017105, -0.05284875,  0.07943143,  0.00047912,  0.06692078, -0.16184804,  0.20910058, -0.21212442,  0.00533814,  0.21178589, -0.03203071, -0.12503536, -0.13491016,  0.27179481, -0.06351565, -0.16235066,  0.22416809, -0.17264414,  0.12640856, -0.09426720,  0.07585458, -0.11638502,  0.14386489,  0.03065333, -0.15755505, -0.05102671,  0.11869847, -0.04757260,  0.13836684, -0.17655778,  0.08171672, -0.00600370
 -0.03765926,  0.03677828,  0.02687316, -0.00751733, -0.00495646, -0.08740474,  0.05137556,  0.19231853, -0.27751876,  0.08156976,  0.11394793, -0.09096070, -0.10250144,  0.04299491,  0.28571223, -0.37721327,  0.21300746, -0.12866651,  0.17098046, -0.09542001, -0.10696661,  0.20695826, -0.09870164,  0.01972564,  0.01681979, -0.06276802, -0.00450268, -0.03974232,  0.17862813, -0.10651354, -0.13729199,  0.22670423, -0.16076666,  0.14245911, -0.18631688,  0.16324230, -0.17543006,  0.09617490, -0.04553438, -0.03564470,  0.16653154,  0.08577262, -0.19507212,  0.07424139, -0.13976473,  0.16717237, -0.08669512,  0.09906148, -0.15117579,  0.08230723
 -0.00483612,  0.01872744, -0.02003320,  0.02012341, -0.05830654,  0.10424660, -0.06958405, -0.07241848,  0.17618008, -0.20233040,  0.22162287, -0.21681203,  0.21228896, -0.20176645,  0.14470233, -0.07447531, -0.01858685,  0.13715516, -0.19816050,  0.18235879, -0.14077605,  0.09731195, -0.05742641,  0.07547627, -0.12475305,  0.13860705, -0.15831016,  0.24799868, -0.27831523,  0.23623363, -0.22601392,  0.15677804, -0.04827873, -0.01467363,  0.03781764, -0.02200896,  0.02684399, -0.00543040, -0.05371995,  0.12248420, -0.21889370,  0.25132225, -0.24397906,  0.15127468, -0.07554547,  0.08300099, -0.05957673,  0.03196262, -0.01087751,  0.00153285
 -0.02131089,  0.03459174, -0.00425861, -0.01839238,  0.03066122, -0.07775593,  0.11831328, -0.10764829,  0.08907201, -0.08602931,  0.08601993, -0.05193575, -0.03408031,  0.07691726, -0.04208146,  0.03517519, -0.08221441,  0.11165411, -0.07400141,  0.02543885, -0.00434952, -0.01618772,  0.08301991, -0.11755246,  0.12984847, -0.18021124,  0.19178880, -0.19246730,  0.23909883, -0.27559992,  0.22834705, -0.19397328,  0.19252655, -0.14996119,  0.06913594,  0.01037581, -0.10807038,  0.16773116, -0.23751315,  0.26660005, -0.24566271,  0.29140034, -0.29322118,  0.18643880, -0.12415044,  0.12134574, -0.07140880,  0.04491845, -0.04429593,  0.02333013
  0.06247573, -0.13238813,  0.13178028, -0.14783407,  0.15331014, -0.11708671,  0.09088715, -0.07094596,  0.03134733,  0.01302221, -0.03364571,  0.07767520, -0.05894416,  0.04127686, -0.08122108,  0.08135315, -0.04516137,  0.02568778,  0.00101012, -0.09603253,  0.17306375, -0.20036181,  0.13368219, -0.13200919,  0.11922810, -0.00597321, -0.03797870,  0.05438037, -0.09846358,  0.13994612, -0.16325403,  0.21157480, -0.23423498,  0.23583095, -0.24750913,  0.28110567, -0.27886173,  0.27168036, -0.20472525,  0.15580317, -0.23094706,  0.08134995,  0.03911723, -0.04939349,  0.14264994, -0.14683819,  0.12732092, -0.12875383,  0.12309339, -0.05629630
