 -0.14061757, -0.14061732, -0.14062242, -0.14063052, -0.14064269, -0.14066088, -0.14068541, -0.14071556, -0.14075098, -0.14079070, -0.14083486, -0.14088269, -0.14093431, -0.14098942, -0.14104661, -0.14110471, -0.14116270, -0.14122045, -0.14127925, -0.14133895, -0.14139983, -0.14146040, -0.14151781, -0.14157164, -0.14162109, -0.14166514, -0.14170267, -0.14173445, -0.14176109, -0.14178426, -0.14180409, -0.14182057, -0.14183333, -0.14184170, -0.14184876, -0.14185525, -0.14186072, -0.14186175, -0.14186209, -0.14186631, -0.14187018, -0.14187437, -0.14187747, -0.14188070, -0.14188398, -0.14188615, -0.14188755, -0.14188851, -0.14188899, -0.14188813
  0.05708924,  0.09142392,  0.12278889,  0.15028337,  0.17353860,  0.19199259,  0.20582663,  0.21529702,  0.22055673,  0.22178238,  0.21879904,  0.21157214,  0.20086681,  0.18748671,  0.17174585,  0.15358591,  0.13335090,  0.11127737,  0.08793493,  0.06427214,  0.04098450,  0.01889067, -0.00136032, -0.02011160, -0.03744635, -0.05245501, -0.06502138, -0.07558057, -0.08469428, -0.09255081, -0.09944988, -0.10549126, -0.11093232, -0.11621042, -0.12068458, -0.12448103, -0.12770778, -0.13074851, -0.13425320, -0.13853218, -0.14258095, -0.14627062, -0.15006356, -0.15398188, -0.15802855, -0.16210486, -0.16564059, -0.16860097, -0.17095725, -0.17281672
 -0.39010846, -0.35949642, -0.32367113, -0.28172023, -0.23526656, -0.18780364, -0.14032937, -0.09291415, -0.04629872, -0.00057324,  0.04221152,  0.08089365,  0.11489251,  0.14421869,  0.16910422,  0.18890585,  0.20368939,  0.21241249,  0.21318485,  0.20635037,  0.19162309,  0.17100671,  0.14819056,  0.12296874,  0.09607130,  0.07083701,  0.04966694,  0.03219591,  0.01778255,  0.00520252, -0.00564683, -0.01442143, -0.02069722, -0.02409205, -0.02578957, -0.02636935, -0.02535555, -0.01960752, -0.01366722, -0.01320993, -0.01284828, -0.01307384, -0.01348803, -0.01548105, -0.01933100, -0.02401325, -0.02874524, -0.03368645, -0.03859532, -0.04266488
 -0.31038102, -0.24069270, -0.16688460, -0.09594389, -0.03002969,  0.03476777,  0.09535628,  0.14593277,  0.18276043,  0.20153532,  0.20513432,  0.19564149,  0.17293007,  0.13632470,  0.08624641,  0.02711041, -0.03818776, -0.10349547, -0.16053817, -0.20606335, -0.23441511, -0.24633151, -0.24801042, -0.23534438, -0.20730789, -0.17281049, -0.13896245, -0.10594691, -0.07282957, -0.03778108, -0.00148105,  0.03342393,  0.06429143,  0.08921077,  0.10839624,  0.12256030,  0.12932701,  0.11998490,  0.10577598,  0.10232439,  0.09552605,  0.08640318,  0.07558685,  0.06755601,  0.06400570,  0.06283780,  0.06129471,  0.06034651,  0.05998286,  0.05856078
  0.33354434,  0.22319627,  0.11292333, -0.00196648, -0.10967772, -0.18666894, -0.22531863, -0.22710178, -0.19332164, -0.13472005, -0.05460536,  0.03664436,  0.12684705,  0.20088441,  0.24462398,  0.25276966,  0.22063054,  0.15785425,  0.08725832,  0.01894896, -0.03324972, -0.07034058, -0.10625824, -0.13119835, -0.14103723, -0.14885397, -0.16514083, -0.18418383, -0.19933750, -0.19949759, -0.18159750, -0.14713937, -0.10212044, -0.05624218, -0.00882209,  0.03638473,  0.07096301,  0.06726242,  0.04956423,  0.05723012,  0.05991490,  0.06075898,  0.05556894,  0.05357033,  0.05931873,  0.06889492,  0.07869956,  0.08831897,  0.09492073,  0.09277049
  0.29646271,  0.14887744, -0.03281313, -0.17843486, -0.25162047, -0.26179271, -0.21045069, -0.09951363,  0.04816820,  0.19978829,  0.29633954,  0.30209203,  0.21849135,  0.07638784, -0.07521054, -0.19571896, -0.24757334, -0.21940106, -0.13220794, -0.01522986,  0.08117462,  0.13473194,  0.15481519,  0.12327408,  0.04154264, -0.04523038, -0.09155551, -0.08552763, -0.03543376,  0.03012335,  0.08893127,  0.12988992,  0.14801260,  0.14068696,  0.09500795,  0.01457637, -0.06782527, -0.09280360, -0.09212942, -0.12077536, -0.11790586, -0.08575620, -0.03207028,  0.01120539,  0.02907831,  0.02923260,  0.02105627,  0.00084179, -0.02721129, -0.04648132
  0.24743216,  0.02316970, -0.13517847, -0.20633142, -0.18598114, -0.07139169,  0.08718071,  0.21781201,  0.26979386,  0.20801195,  0.06306353, -0.10423000, -0.22596700, -0.26083013, -0.20030215, -0.06538705,  0.07744332,  0.18236365,  0.24209743,  0.23259601,  0.16534163,  0.04996242, -0.10905118, -0.23091328, -0.25289101, -0.19291527, -0.09964892, -0.00853130,  0.04649433,  0.05966242,  0.03872786,  0.00000748, -0.04267645, -0.08417122, -0.10907769, -0.10347183, -0.07060971, -0.07852825, -0.08729901, -0.00642911,  0.08150256,  0.14477444,  0.14866992,  0.10874943,  0.06144274,  0.02947605,  0.01745904,  0.02618794,  0.04563787,  0.05741340
 -0.26266048, -0.02490977,  0.25744878,  0.29055659,  0.05697092, -0.18229006, -0.22101667, -0.08511853,  0.07124120,  0.13210599,  0.11374045,  0.04253539, -0.05824702, -0.13007309, -0.11603559, -0.01534515,  0.07548093,  0.05686017, -0.04478825, -0.10507676, -0.01240917,  0.15425978,  0.20773072,  0.10536868, -0.06337996, -0.17530825, -0.17407285, -0.08276388,  0.01813772,  0.09176929,  0.10150342,  0.01693648, -0.14037111, -0.26497762, -0.18167315,  0.08127295,  0.28040680,  0.18643164, -0.03862771, -0.11948119, -0.08489647,  0.03875671,  0.14670725,  0.19199920,  0.13283728, -0.02946990, -0.17795417, -0.17427388, -0.01895629,  0.13311398
 -0.08248248,  0.13522839,  0.12818051, -0.06837457, -0.19510528, -0.13546105,  0.03616710,  0.15004675,  0.11361649,  0.00492870, -0.09223581, -0.13010594, -0.07282554,  0.06781370,  0.17867474,  0.13408698, -0.02174136, -0.16002992, -0.17918497, -0.04969879,  0.09134258,  0.12732351,  0.08356354, -0.02297430, -0.12320651, -0.09460924,  0.04837762,  0.17528299,  0.19110516,  0.08346997, -0.08926329, -0.20650462, -0.15978465,  0.05467614,  0.29668144,  0.31791760,  0.07400007, -0.14236259, -0.15457294, -0.08264659,  0.03645999,  0.09490750,  0.04202617, -0.10022292, -0.25609394, -0.29810151, -0.14544134,  0.08543885,  0.19890078,  0.11261725
 -0.11077488,  0.00323895,  0.16897648,  0.09740872, -0.13444932, -0.16545210,  0.07483436,  0.23338556,  0.04579232, -0.24815086, -0.21175165,  0.12924025,  0.30546112,  0.07695543, -0.24556573, -0.24935566,  0.03016441,  0.20334358,  0.06972147, -0.11802940, -0.04907322,  0.16395346,  0.17814622, -0.06416426, -0.25578015, -0.12751012,  0.16795398,  0.22711374, -0.04396446, -0.27873458, -0.16907620,  0.11697423,  0.20264729,  0.03409266, -0.09539136, -0.03070180,  0.04638275, -0.00697747, -0.04640274,  0.02562268,  0.08278151,  0.03828181, -0.06291389, -0.08887666, -0.01909591,  0.05065814,  0.05965929,  0.03599065,  0.00264628, -0.04921558
 -0.06820233,  0.13427144,  0.07272793, -0.15376588, -0.14917304,  0.10454876,  0.22196069, -0.00474509, -0.26461772, -0.14731071,  0.19764128,  0.26764651, -0.04565612, -0.28847428, -0.12842093,  0.18578620,  0.23257671, -0.03413951, -0.24099351, -0.08923396,  0.17837135,  0.17544369, -0.06510329, -0.21987596, -0.07652303,  0.18869463,  0.19985198, -0.07547104, -0.23635499, -0.05156381,  0.20295913,  0.16358899, -0.08707338, -0.16547097,  0.02272720,  0.15491978,  0.04075158, -0.05507878,  0.01316650,  0.05721878,  0.02467742, -0.04600533, -0.04672373,  0.00998631,  0.02033231, -0.02547281, -0.04138055, -0.01540477, -0.01056735, -0.03712661
 -0.09801396,  0.05276985,  0.14975106,  0.14373582,  0.02677671, -0.11225256, -0.17269528, -0.10475066,  0.02789996,  0.07630883,  0.01085108, -0.06473075, -0.05894479, -0.00589947, -0.02478149, -0.11632482, -0.14554801, -0.00800713,  0.20991354,  0.31662022,  0.22012890, -0.01124044, -0.20730717, -0.21953616, -0.07734549,  0.03905112,  0.02489733, -0.05808479, -0.08609176, -0.03115434,  0.03726766,  0.06813944,  0.09420891,  0.16137533,  0.22761746,  0.23913254,  0.19060857,  0.14009675,  0.15403780,  0.19423820,  0.13181005, -0.01148788, -0.13475974, -0.15699178, -0.10788572, -0.07506711, -0.12488639, -0.21711122, -0.26999648, -0.23678866
  0.14254000,  0.14441204, -0.00959456, -0.19829372, -0.23941922, -0.09005210,  0.10187324,  0.14927626,  0.02559830, -0.08862526, -0.08164636,  0.00638075,  0.03307842, -0.04911471, -0.10579046, -0.00372110,  0.19981310,  0.29068027,  0.12879590, -0.15959761, -0.33669769, -0.25650344, -0.00604895,  0.16805304,  0.15529222,  0.02515632, -0.07030498, -0.05211653,  0.06354843,  0.15128814,  0.14839159,  0.08659387,  0.05803855,  0.10990670,  0.12132880,  0.07536826,  0.05665659,  0.15697103,  0.19488342,  0.03446667, -0.11067085, -0.13535576, -0.03021653,  0.01971734, -0.07630124, -0.22178631, -0.28652387, -0.21884247, -0.07646776,  0.05513638
  0.22450343, -0.03413385, -0.29211338, -0.12750712,  0.20611978,  0.23393870, -0.06004175, -0.21794651, -0.05442530,  0.08022436,  0.01837039, -0.03760303,  0.00113014, -0.03505051, -0.08706580,  0.05357948,  0.19160860,  0.05717286, -0.18842124, -0.20111675,  0.07808969,  0.24988894,  0.08720727, -0.08136649, -0.08855005, -0.10187272, -0.08371535,  0.07054518,  0.15139444, -0.00053655, -0.13206934,  0.02308780,  0.23914222,  0.15047225, -0.10394863, -0.05097431,  0.26219922,  0.27354804,  0.00038318, -0.08152409,  0.04210062,  0.16027324,  0.04648494, -0.17916834, -0.24815676, -0.13959952, -0.05231170, -0.05798533, -0.08484671, -0.07966885
  0.18796636, -0.14429759, -0.17377224,  0.11296599,  0.13738612, -0.16702434, -0.18597695,  0.15013667,  0.19707969, -0.08851790, -0.14976509,  0.09011585,  0.09663776, -0.15912226, -0.08666219,  0.24055887,  0.17790945, -0.18868287, -0.18101090,  0.16404715,  0.12616103, -0.23781969, -0.19455907,  0.16290506,  0.17158017, -0.08955449, -0.04956919,  0.15611813,  0.05829058, -0.16381690, -0.00980282,  0.25875281,  0.10537061, -0.18165920, -0.09088056,  0.18870376,  0.11265035, -0.11187395, -0.10413769,  0.01918188,  0.08974024, -0.07656647, -0.17801859, -0.07867958,  0.03432452,  0.00087673, -0.06728680, -0.02901358,  0.05704502,  0.09147159
  0.15418825, -0.12396751, -0.09095577,  0.08141738,  0.01950162, -0.02359777,  0.07691495,  0.00589373, -0.17320949, -0.09424766,  0.16171991,  0.10187880, -0.17569350, -0.12400669,  0.21105514,  0.19989005, -0.17970649, -0.18576604,  0.17661785,  0.09039781, -0.25828131, -0.09320503,  0.29677526,  0.18593489, -0.24752810, -0.26529506,  0.11966514,  0.21239016, -0.08091694, -0.13239577,  0.11616948,  0.15379136, -0.02163048, -0.05136949,  0.01667193, -0.02091886, -0.02963262,  0.00421933,  0.05856666,  0.13721423,  0.08587106,  0.09451329,  0.16563987,  0.09176312, -0.09462475, -0.14884473, -0.04759606, -0.01050935, -0.12609364, -0.21878033
 -0.07877425,  0.15184278,  0.09572732, -0.07775548, -0.03929832, -0.00124471, -0.05798878, -0.03647933,  0.00576128, -0.05382712, -0.06078606,  0.06472514,  0.14267238,  0.08097686, -0.01714329, -0.00111837,  0.07363844, -0.06348333, -0.22391872, -0.04471181,  0.09769398, -0.07345800, -0.13012740,  0.04411918,  0.12022568,  0.03022202, -0.02800149,  0.08149368,  0.18041595,  0.05546268, -0.11760593, -0.06639708,  0.04490086, -0.01595641, -0.07764240, -0.13878695, -0.23434006, -0.17231567,  0.01577832,  0.15681865,  0.30558247,  0.34956900,  0.29504376,  0.25263798,  0.14637856, -0.06620044, -0.21015158, -0.22981469, -0.22298583, -0.25143728
 -0.19782361,  0.13863213,  0.11727539, -0.07457850, -0.10275436,  0.11322510,  0.22079576,  0.00453605, -0.20261363, -0.14341777,  0.12501296,  0.22250257, -0.01068005, -0.18890007, -0.10307060,  0.02215245, -0.06682012, -0.14098500,  0.08142986,  0.28850551,  0.14588348, -0.09884746, -0.07704743,  0.13940122,  0.10855907, -0.21192665, -0.28289896,  0.04761938,  0.20848629, -0.05223149, -0.29883839, -0.16981353,  0.11008275,  0.12081006, -0.07723462, -0.10086285,  0.13258873,  0.20503352,  0.04743371,  0.00036615, -0.08897979, -0.12245085, -0.05614989,  0.05886121,  0.04508556, -0.05756925, -0.04246457,  0.14219276,  0.19057359, -0.06792682
 -0.10511121,  0.19678006,  0.08426902, -0.30333314, -0.02738733,  0.26008073, -0.06013393, -0.21292865,  0.06321103,  0.21015668,  0.06716554, -0.13910327, -0.12024590,  0.13951702,  0.06164378, -0.23408445, -0.00966878,  0.20047983, -0.01839431,  0.00013725,  0.01133957, -0.21015631, -0.03066001,  0.19883518, -0.00345633, -0.06742054,  0.12249706,  0.14178298, -0.03585693, -0.21606191, -0.10996260,  0.20744984,  0.07970970, -0.33041107, -0.08855908,  0.29928413,  0.08718536, -0.07911721, -0.00568089, -0.05893819, -0.04207697, -0.02884403, -0.01109550,  0.07349634,  0.03405057, -0.08860363,  0.04751992,  0.18336667,  0.00055879, -0.13322435
 -0.08084287,  0.06963427, -0.11213642, -0.03943721,  0.21364636,  0.16079748, -0.00278853,  0.00853481,  0.00021214, -0.17280008, -0.20759871, -0.01735916,  0.10608459, -0.01475008, -0.15936344,  0.02950246,  0.19805630,  0.03839245, -0.00605670,  0.09847085,  0.01042510, -0.00577882,  0.12773145,  0.06088961, -0.13375444, -0.22857755, -0.21010842, -0.11281744, -0.00751813,  0.07241818,  0.12777659,  0.01835187, -0.10039624,  0.14073769,  0.40108571,  0.21903134, -0.04196400, -0.10859577, -0.19259328, -0.19587655, -0.14841633, -0.06322379,  0.07750864,  0.16981734,  0.13574221,  0.14787121,  0.16534111,  0.03010292, -0.17421915, -0.29125605
 -0.08772535,  0.24370131, -0.15687726, -0.09616692,  0.24344491, -0.11765111, -0.22872628,  0.06850453,  0.00136292,  0.00812336,  0.21976192,  0.07308942,  0.04163479,  0.07232664, -0.27965910, -0.12040560,  0.19743422, -0.13008728, -0.03303979,  0.22484205, -0.17129703, -0.15888391,  0.15414495, -0.09104842, -0.10055790,  0.22812318,  0.13289376,  0.11665431,  0.13772936, -0.10024825, -0.11340451, -0.06720553, -0.29416368, -0.13731126,  0.17434352, -0.15365326, -0.08698093,  0.21751626,  0.05064508,  0.05463828,  0.03462152, -0.01492229, -0.00743439,  0.02406216, -0.13320785, -0.09171709,  0.11715553,  0.02338280, -0.02428214,  0.13662105
 -0.03610562,  0.04896811,  0.00574759, -0.07949585,  0.05808241,  0.03705560,  0.06692533,  0.15230765, -0.10029982, -0.24511013, -0.08294740, -0.12507049,  0.01004717,  0.36548949,  0.14294023, -0.15278000, -0.02436479, -0.10753541, -0.12100031,  0.17045993,  0.15928362,  0.05009544,  0.08928400, -0.06607561, -0.15597013, -0.08847776, -0.27037549, -0.23827379,  0.09145639,  0.17708964,  0.24354538,  0.37573526,  0.07409324, -0.23716046, -0.10396774, -0.12881395, -0.09786728,  0.10977775,  0.08519395,  0.07502905,  0.07092839, -0.01529097, -0.08170396, -0.02141223, -0.08127548, -0.16697435, -0.04644506,  0.04690969,  0.08156677,  0.08678638
 -0.04919232,  0.02726872, -0.03280039, -0.01266840,  0.02129438, -0.11304455,  0.06300252,  0.29988595,  0.07611340, -0.00527284,  0.11753723, -0.20287161, -0.36213433, -0.00458122,  0.08163128,  0.01460051,  0.09384148, -0.03993483, -0.12650197, -0.01500456, -0.00613228,  0.10688423,  0.23305544,  0.10513394,  0.13465205,  0.19103912, -0.14850293, -0.30363256, -0.21325122, -0.37017492, -0.32240767,  0.09148322,  0.21312222,  0.12794405,  0.13699374,  0.00885472, -0.02109178,  0.05001007, -0.03598483, -0.01644936,  0.07303137,  0.04664911,  0.01486015,  0.10387167,  0.09782595,  0.01668818, -0.02219378, -0.07899840, -0.04715824,  0.00287645
 -0.00368548,  0.00658401, -0.03844312,  0.10865722, -0.11766561, -0.08542851,  0.28774931, -0.09589874, -0.24543923,  0.31388032,  0.02422877, -0.37329669,  0.18372008,  0.19092205, -0.22329692,  0.05401519,  0.08760413, -0.13183074,  0.05065469,  0.00497883, -0.06144219,  0.12617710, -0.06799189, -0.08410881,  0.23745666, -0.06963526, -0.20711735,  0.23271247, -0.02012757, -0.29960555,  0.16886593,  0.15704247, -0.17418823,  0.03572712,  0.06084586, -0.07967857,  0.06837219, -0.03378778, -0.09259128,  0.08568178,  0.03530162, -0.08000321,  0.05832840,  0.08479482, -0.04275687,  0.00056962, -0.01837148, -0.05243838,  0.06189530, -0.02792785
  0.08429188, -0.09371721, -0.02725166,  0.14645228,  0.02926231, -0.17487285,  0.02881268,  0.07631584, -0.32774547, -0.11972743,  0.33863107,  0.03465507, -0.19514269,  0.11888806,  0.12768862, -0.09182502,  0.03696515,  0.18897319,  0.05339469, -0.09379968, -0.10110536, -0.04311910, -0.12254281, -0.23340297, -0.01625437,  0.09445627, -0.07371978,  0.14499107,  0.45906949,  0.10234196, -0.12729584,  0.12011858,  0.08443517, -0.06157797,  0.03832049,  0.16150040,  0.01963282, -0.13291857, -0.20162428, -0.18830968,  0.00965383, -0.04614771, -0.09906084,  0.01998929,  0.12305995,  0.11635600,  0.03163753, -0.07168549, -0.09252737, -0.05478947
  0.05170402, -0.06267739, -0.11375934,  0.04716137,  0.05673763, -0.00393684,  0.09942478,  0.06895479, -0.09903924, -0.09327048,  0.06519497,  0.15888076,  0.10126781, -0.04695235, -0.14411715, -0.20791675, -0.13912438,  0.11068770,  0.17556487, -0.01424204, -0.07520043, -0.01097891,  0.01570549,  0.14424568,  0.27870997,  0.10064682, -0.20474139, -0.25822121, -0.10907178,  0.03064347,  0.01476558, -0.09746959, -0.18120057, -0.19067534, -0.00899629,  0.21018071,  0.15002685, -0.09628356, -0.14902014,  0.00885936,  0.29254107,  0.35662395,  0.08949865, -0.20459080, -0.23930177, -0.07104498,  0.08290061,  0.12746347,  0.06854097, -0.08488256
 -0.01047922,  0.13260291, -0.12393820, -0.08025917,  0.06930998, -0.04053630,  0.01933115,  0.12577774, -0.00719279, -0.12462484, -0.14512875,  0.00063727,  0.14090486,  0.07181393,  0.08886550,  0.06347723, -0.20879884, -0.15453031,  0.16307319,  0.13731059, -0.04122995, -0.04047546, -0.13071331, -0.22130141,  0.05128476,  0.26279265,  0.15565876,  0.00431337, -0.10016736, -0.07200847,  0.04079704,  0.06883313,  0.10633363,  0.00911554, -0.17823505,  0.02542588,  0.26335117,  0.10298943, -0.15445407, -0.39034500, -0.26750915,  0.10107742,  0.33246704,  0.22109808, -0.01811695, -0.09825385, -0.09650408, -0.05350877,  0.02272766, -0.02317305
  0.15399036, -0.28085180,  0.04172183,  0.22887964, -0.26831001,  0.09465655,  0.10872171, -0.08752997,  0.05910152, -0.15225434,  0.09792341,  0.05829219, -0.14245573,  0.22947481, -0.06395440, -0.21983320,  0.16984804,  0.00200846, -0.14409986,  0.07519105,  0.19671794, -0.13582165, -0.22756893,  0.21605449, -0.00536698, -0.09869765,  0.26366250, -0.04290634, -0.10786340,  0.00533756, -0.05595160,  0.06678701, -0.16731788,  0.05826354,  0.20921553, -0.19454064,  0.08533066,  0.21152921, -0.15761263, -0.16331971, -0.05436215,  0.08462307,  0.11968539,  0.06917647, -0.06337452, -0.07312419,  0.01958750, -0.01381594, -0.07601288,  0.07115669
 -0.03631529,  0.19318308, -0.30101739,  0.15850437,  0.09123788, -0.26528578,  0.22167039, -0.10498906,  0.07528215,  0.07318581, -0.22071456,  0.23867413, -0.12776916, -0.07076248,  0.23262944, -0.19844008, -0.00134838,  0.08845881, -0.07851921, -0.03191263, -0.00938512,  0.19317251, -0.10045832, -0.12325356,  0.23271182, -0.15890902, -0.02584120,  0.19642315, -0.16415524,  0.08563586, -0.07203764, -0.02413166,  0.07610346, -0.28263116,  0.21105130, -0.01949514, -0.17162435,  0.21543421,  0.05266565,  0.04516469, -0.11049922, -0.00245758, -0.01061288,  0.05243760,  0.04181517, -0.06363992,  0.01886082,  0.04664569, -0.00033496, -0.06437239
 -0.03200190,  0.01651152, -0.01243717,  0.09450273, -0.06952539, -0.06913725,  0.26591994, -0.22422949, -0.13245417,  0.22444254, -0.11128132, -0.02233295,  0.05083407,  0.02778441, -0.06236899, -0.04272305,  0.23358948, -0.15075778, -0.06498895,  0.32059132, -0.21503424, -0.17724380,  0.20545009, -0.01916425, -0.13033571,  0.02113612,  0.15245985, -0.16530517, -0.09744770,  0.31160253, -0.16930149, -0.06424358,  0.34812337, -0.06898083, -0.06855901,  0.08943635,  0.04745027, -0.15382744, -0.19636708,  0.05871663,  0.02424039,  0.03494038,  0.01160555, -0.07106211, -0.02750920,  0.06454291,  0.00932837, -0.15005219,  0.03262038,  0.12278095
  0.01023438, -0.02667620,  0.03957397, -0.10032019,  0.19718874, -0.19963878,  0.01078949,  0.26247689, -0.31046411,  0.10622989,  0.08198657, -0.12509252,  0.07550217, -0.06310027,  0.11861575, -0.13274430, -0.02139587,  0.24048865, -0.28838532,  0.07007041,  0.23043503, -0.24882237,  0.03163862,  0.09613106, -0.02809104, -0.06584276, -0.01289044,  0.19610463, -0.24134103,  0.01203426,  0.26477074, -0.32319904,  0.09187680,  0.14612545, -0.14302605,  0.04420991, -0.02040833,  0.13462320, -0.11986869, -0.01816781,  0.04240018, -0.04547937,  0.05336385, -0.00823672, -0.01753812, -0.03648613,  0.06950745,  0.02254038, -0.12465823,  0.07295593
 -0.07302702,  0.27752231, -0.26248508,  0.04670620,  0.09062859, -0.22448132,  0.08463738,  0.08512447,  0.03966073, -0.08155809,  0.09104015, -0.02475280, -0.20899625,  0.26443263, -0.09350028, -0.03444505,  0.13553053, -0.15031163,  0.06805874, -0.13401720,  0.04109772,  0.11221031, -0.17624595,  0.22836700, -0.05931917, -0.15807360,  0.20491466, -0.09606570, -0.02349919,  0.10830854,  0.07400979, -0.15307882, -0.06491834,  0.14833802, -0.29959401,  0.03686084,  0.25075246, -0.21776609,  0.20103952,  0.04576553,  0.03335032, -0.08256694, -0.11490323,  0.11197031, -0.05322555,  0.06331956,  0.11160646, -0.02619609,  0.02113039, -0.16334919
  0.13589635, -0.06892218, -0.12374665,  0.15750005, -0.21507974, -0.07317999,  0.17022741,  0.02165998,  0.10132613, -0.03657656,  0.04028393, -0.17516023,  0.10001091,  0.11231401, -0.20135566,  0.20145616, -0.13113023, -0.05323788, -0.03722325, -0.14478719,  0.24925952, -0.15942250,  0.14135309,  0.05638066, -0.17442542,  0.26059543, -0.10474321,  0.02160704,  0.06852989,  0.05860914, -0.07627755, -0.22137585,  0.08025576, -0.33810306, -0.01095038,  0.19527164, -0.07549876,  0.23429057,  0.20864151,  0.02550382, -0.12999996, -0.06808558,  0.07752107, -0.00153709, -0.00775294,  0.12483239,  0.07277597,  0.04340555, -0.08407238, -0.24681118
  0.10567558, -0.07031308,  0.02395107, -0.04313155, -0.12988590,  0.03594174, -0.08206783,  0.26368498, -0.05307078,  0.01362096,  0.05107045, -0.22020620,  0.20418444, -0.12433248,  0.11566354, -0.02273393, -0.05701328,  0.06155727, -0.28126881,  0.19565505, -0.13165448,  0.08368368,  0.11132252, -0.16029478,  0.24845554, -0.19388584,  0.16841405, -0.04967460, -0.02169557,  0.23085328, -0.26199903,  0.08153756, -0.21614816, -0.10927628,  0.00074500, -0.09236063,  0.29702792, -0.06328165,  0.26175019,  0.01254022, -0.08466546, -0.01896367, -0.02009916, -0.00265375,  0.03564440,  0.08378790,  0.11246586,  0.03370536, -0.10728661, -0.21494141
  0.13208671, -0.21364221,  0.18648904, -0.16914776,  0.06476470, -0.13411638,  0.10839894,  0.10827288, -0.13835638,  0.23724598, -0.24582984,  0.08638254,  0.04871445, -0.09914639,  0.15461047, -0.19822764,  0.20367708, -0.23028918,  0.02606289,  0.04568568, -0.10231799,  0.20999255, -0.18440395,  0.18559240, -0.11800369,  0.07876841,  0.08667724, -0.20610252,  0.29331775, -0.18139332,  0.01034003, -0.03504940, -0.14301128, -0.02086740, -0.12031820,  0.20580360, -0.12337297,  0.20321558,  0.11557399, -0.02479060, -0.07686933, -0.01340103,  0.08989344, -0.06961207,  0.05132000,  0.01080805,  0.09199512,  0.01110566, -0.08952095, -0.10896434
 -0.05746153,  0.09561334, -0.26237027,  0.32091756, -0.11066165,  0.17487552, -0.16695646,  0.09047677, -0.15090526,  0.02740767,  0.08964521, -0.08942987,  0.13106240, -0.05079085, -0.09395030,  0.02663068, -0.09580986,  0.16278694, -0.09945331,  0.15847399, -0.12307615,  0.21327389, -0.18632522,  0.09869507, -0.06571732, -0.06665431,  0.09949380, -0.14017574,  0.01135003, -0.00565083, -0.10674327,  0.05510160,  0.03441812,  0.11349293, -0.13372944,  0.28162598, -0.35048558,  0.04870862,  0.01456900,  0.04286871, -0.01285473, -0.09831918,  0.10577060,  0.15316237, -0.15756267, -0.01115916, -0.23347248,  0.21534655, -0.05995093,  0.16396485
 -0.02688738, -0.00330871, -0.04326637, -0.01437918,  0.25614346, -0.17587748,  0.09559242, -0.02107296, -0.19106692,  0.14465537,  0.00025906, -0.10584312,  0.24093516, -0.18748874, -0.02972439,  0.09597518, -0.18397543,  0.13778367,  0.12922151, -0.23197935,  0.28043031, -0.09464535, -0.08919153,  0.15420566, -0.14547836, -0.06581404,  0.20663443, -0.26517457,  0.09519707,  0.03492539, -0.23170396,  0.19973762,  0.01437413, -0.07004370,  0.24770348, -0.15700442,  0.00618069, -0.10559271,  0.01912273,  0.03549761, -0.03664769, -0.00679754, -0.02292964,  0.17327545, -0.04151085, -0.21799652,  0.08681430, -0.11803075,  0.14006363,  0.08874076
  0.02670394, -0.07078891,  0.12213457, -0.17160360,  0.06600330,  0.09984564, -0.16008863,  0.20675760, -0.12646583, -0.05734917,  0.14119062, -0.13136874,  0.02349006,  0.14195274, -0.18798830,  0.10150803,  0.05663754, -0.25915065,  0.28665439, -0.12999712, -0.06447706,  0.21231266, -0.18130131,  0.04348220,  0.12803728, -0.20251980,  0.09632609,  0.08315771, -0.20697206,  0.20218736, -0.07860615, -0.15015447,  0.25172962, -0.24395482,  0.13501474,  0.04612562, -0.09147409,  0.11319240, -0.10922589,  0.03775866, -0.01193046,  0.02080232, -0.00263316, -0.11188606,  0.22767855, -0.14517191,  0.03221684,  0.02596972, -0.15623711,  0.12248306
 -0.00042714, -0.02147763, -0.04857305,  0.08959992,  0.01050207,  0.00354077,  0.02698546, -0.13027008,  0.15101687, -0.20532908,  0.22982118, -0.18565826,  0.19054954, -0.18260574,  0.15905447, -0.23508150,  0.21234845, -0.13057934,  0.11557556, -0.07046593,  0.09513373, -0.10137923,  0.15218328, -0.22036860,  0.20986894, -0.20999249,  0.19995460, -0.21463496,  0.19450083, -0.24239960,  0.22240773, -0.22216360,  0.20390412, -0.07768099,  0.04810587,  0.02433542, -0.05412703, -0.07411031,  0.09235714, -0.05081422,  0.05672579, -0.12968986,  0.13628331,  0.00347714, -0.02561560, -0.03982955, -0.09269685,  0.08104675,  0.03369665,  0.02301551
  0.03692645, -0.12198515,  0.16245055, -0.17522608,  0.22959478, -0.23275554,  0.20682757, -0.22617960,  0.22589008, -0.21690376,  0.19484673, -0.11128886,  0.02347586,  0.05741238, -0.11974594,  0.09092961, -0.05144522,  0.05164191, -0.03899043,  0.03295752, -0.01512068, -0.01400841,  0.05730208, -0.13284189,  0.16107335, -0.13190222,  0.08533624, -0.00711677, -0.07201902,  0.11044711, -0.14624295,  0.16433850, -0.17819970,  0.22523309, -0.25153189,  0.28177556, -0.27592382,  0.18308592, -0.10451773,  0.11357842, -0.14298190,  0.09136589, -0.01088598,  0.01085502,  0.00015805, -0.06338145,  0.04235503, -0.03610146,  0.08856327, -0.05112472
 -0.10174058,  0.27437207, -0.07340374, -0.06886608, -0.14558479,  0.00012301,  0.11357096, -0.04421268,  0.10391915, -0.07118195,  0.07539623, -0.20015751,  0.14563708, -0.13505787,  0.16159311,  0.13809724, -0.14948101,  0.00237987, -0.03558832,  0.03433559, -0.12678873,  0.04825917, -0.09209036,  0.17841715, -0.04914039, -0.07923783,  0.13084634, -0.08357213,  0.14154407, -0.07226594,  0.14888870, -0.01821017, -0.02764471, -0.08675459,  0.01079406, -0.07604835,  0.00234681,  0.32083764, -0.28129639, -0.11084661,  0.14927931,  0.25030577, -0.37010442, -0.06097775,  0.04311415,  0.27502170,  0.06191866, -0.15422987, -0.13169665,  0.03511848
  0.01205557, -0.00258355, -0.01948925, -0.01452053,  0.01275422,  0.00950419,  0.02590365, -0.02660311,  0.04219817, -0.08695928,  0.11473774, -0.16190285,  0.21505500, -0.22893320,  0.25836286, -0.27686269,  0.23976594, -0.24058686,  0.20655826, -0.14825345,  0.09310394, -0.01269838, -0.03097802,  0.10094533, -0.15997193,  0.19230703, -0.21774849,  0.23628965, -0.23999676,  0.22102871, -0.20389556,  0.13358222, -0.12155097,  0.07141728, -0.03750803,  0.02611445,  0.02315526, -0.01984542,  0.00419290,  0.00058122,  0.01076253,  0.03416165, -0.12741512,  0.17189105, -0.13666088,  0.16427296, -0.18420642,  0.11540262, -0.09458106,  0.05766352
 -0.07905143,  0.13863793, -0.02587893,  0.01193988, -0.08575149, -0.00178495,  0.01598251,  0.08679771, -0.13865234,  0.19694605, -0.20033486,  0.13229277, -0.11584960,  0.06287730, -0.03481885,  0.09918600,  0.00214790, -0.14184514,  0.17180475, -0.20743793,  0.23604964, -0.26752547,  0.23622535, -0.16991015,  0.19042133, -0.20071035,  0.11757689, -0.07463386,  0.03248300,  0.05984067, -0.11117378,  0.19491224, -0.16728428,  0.10607552, -0.11818279,  0.05874850, -0.10368158,  0.12789767,  0.03389989, -0.22232985,  0.19138105, -0.01529059,  0.02288965, -0.12481648, -0.03465260,  0.16403062, -0.05277567,  0.16196851, -0.30506956,  0.14642967
 -0.16039777,  0.02842612,  0.23638019,  0.08153731, -0.01226217, -0.18410374, -0.06896603, -0.01048159, -0.01278328,  0.05117383,  0.10126719, -0.06731234, -0.05015841, -0.08924820, -0.06809416,  0.16611906,  0.17487426,  0.01366288, -0.02444943,  0.04311678, -0.08015600, -0.04748777, -0.16160216,  0.04417962,  0.04574555, -0.02985700, -0.07899569,  0.03804534, -0.03639546,  0.03115222,  0.11018436,  0.12933531,  0.24706376, -0.00442099,  0.04860686, -0.12925316, -0.19596372, -0.09448079,  0.29504055, -0.34434303, -0.16758775,  0.33710173,  0.00786546, -0.08355536, -0.36573140,  0.05839649,  0.19981958,  0.17610446,  0.00263492, -0.09989537
  0.01585405, -0.01357356, -0.02682379,  0.07216436, -0.09528695,  0.13065027, -0.19574273,  0.18068598, -0.13095128,  0.09594350, -0.06671389,  0.06547025, -0.06443070,  0.03281167,  0.01954118, -0.07174644,  0.09932167, -0.06491913,  0.07225856, -0.11322988,  0.11227583, -0.12457324,  0.10927096, -0.12170032,  0.10874473, -0.05934552,  0.06166490, -0.05885968,  0.07365120, -0.06664646,  0.07562640, -0.04781921,  0.02864435,  0.01084292, -0.04304208,  0.04994261, -0.02399217,  0.03688840, -0.19092842,  0.39774376, -0.47426998,  0.36435706, -0.25147036,  0.20457632, -0.15578124,  0.07103738,  0.00054638, -0.05546349,  0.12694866, -0.10017699
 -0.14178272,  0.20160293, -0.01321837,  0.11825900, -0.18556575,  0.03597476, -0.14656566,  0.06809886,  0.07134265, -0.03473388,  0.04416323, -0.05108210,  0.00414264, -0.14974658,  0.16490305,  0.00994316,  0.10038898, -0.03051380,  0.04347328, -0.11987244,  0.01931780, -0.04740638, -0.08150361,  0.04610863,  0.02517884,  0.03680255, -0.07585003,  0.00790668,  0.02628263,  0.09377543, -0.03130582,  0.18661723,  0.00733328,  0.05804186, -0.11954348, -0.03447740, -0.03548384,  0.08384364, -0.26520725,  0.22492266, -0.03477523, -0.24514469,  0.39287923, -0.26530329, -0.09381846, -0.09893322,  0.46981029, -0.16458265,  0.02402755, -0.09882994
  0.00394465, -0.00333672, -0.07300336,  0.17689941, -0.15487409,  0.04062067,  0.05167516, -0.07963842,  0.05057455,  0.01039978, -0.03512443, -0.01530517,  0.07614061, -0.07564097,  0.01685505,  0.00186265,  0.03085300, -0.03511758,  0.00666037,  0.01973751, -0.01770583, -0.01214763,  0.06655251, -0.07153025, -0.00860456,  0.10365066, -0.10207613,  0.00515712,  0.03037598, -0.02644680,  0.03163370, -0.03666028, -0.02074027,  0.12943894, -0.14335114,  0.06722077,  0.02041792, -0.07510069,  0.08005928, -0.07029846, -0.00580582,  0.16340327, -0.28698557,  0.15565184,  0.27144317, -0.59036511,  0.36906173,  0.12126524, -0.29962103,  0.13792877
  0.05824901, -0.12993735,  0.14502210, -0.11642827, -0.03179825,  0.09095615, -0.00673317, -0.00229492,  0.05384826, -0.03395800, -0.08245018,  0.10384446, -0.03835835,  0.01676952, -0.00389267,  0.03105429, -0.07775767, -0.01645109,  0.01186565,  0.00316317, -0.02596045,  0.09237787,  0.00281714, -0.07782389,  0.12380981, -0.04991443, -0.04220847,  0.02695375,  0.00688025,  0.00369146, -0.03065575, -0.10442156,  0.09467576, -0.11011505, -0.02083824,  0.09514632, -0.02024296,  0.03708129, -0.01420808, -0.04509488,  0.24168044, -0.24947111, -0.09532180,  0.51921013, -0.48812997,  0.06911507,  0.30669152, -0.24236990, -0.10619207,  0.12817224
  0.01840597,  0.01482164, -0.13298561,  0.06991472, -0.06528957,  0.20476032, -0.07223386,  0.06917185, -0.12671867,  0.00776864,  0.03299653, -0.00903846,  0.04126567, -0.00075782,  0.02626775, -0.13339741,  0.01942255, -0.05894531,  0.05102806,  0.03055278,  0.07650483, -0.03163997,  0.06407925, -0.00014291, -0.01706116, -0.09146093, -0.00636282,  0.12742541, -0.12833429, -0.02671573, -0.04388519, -0.00787751, -0.09065166,  0.03804793, -0.02324162,  0.20306728, -0.21388833,  0.03377148,  0.28890284, -0.30997868,  0.07940948,  0.12857941, -0.05384435, -0.09253745,  0.14388241, -0.00834374,  0.10544643, -0.55505294,  0.41033220,  0.01465522
 -0.02092742,  0.05676001, -0.05883766, -0.08919897,  0.04410521,  0.04359187,  0.16674468, -0.04667223,  0.00200398, -0.14867248,  0.04729962,  0.03503602,  0.00232679,  0.02802290,  0.01951932, -0.04452161, -0.12236589,  0.00635216, -0.02810011,  0.06893563,  0.08665102,  0.05288088, -0.02343371,  0.07659500, -0.00566650, -0.08821931, -0.11383232,  0.06955514,  0.07109866, -0.16361779, -0.05251853, -0.01203514, -0.04431319, -0.05463329,  0.03590253,  0.08960156,  0.07479210, -0.23991189,  0.19913380,  0.15367308, -0.34088699,  0.14646384,  0.19782871, -0.17771230, -0.06069746,  0.18399780,  0.07450514, -0.22795132, -0.36553335,  0.49701638
