 -0.14160282, -0.14159787, -0.14159710, -0.14159909, -0.14160195, -0.14160450, -0.14160715, -0.14160660, -0.14160185, -0.14159519, -0.14158743, -0.14157814, -0.14156781, -0.14155625, -0.14154324, -0.14152858, -0.14151309, -0.14149764, -0.14148245, -0.14146735, -0.14145352, -0.14144108, -0.14142916, -0.14141755, -0.14140691, -0.14139713, -0.14138740, -0.14137736, -0.14136789, -0.14135912, -0.14135070, -0.14134271, -0.14133451, -0.14132705, -0.14131998, -0.14131330, -0.14130654, -0.14129886, -0.14129131, -0.14128446, -0.14127849, -0.14127251, -0.14126627, -0.14126012, -0.14125506, -0.14124995, -0.14124420, -0.14123809, -0.14123176, -0.14122566
  0.38038078,  0.40351523,  0.39221886,  0.35441942,  0.29886628,  0.23118983,  0.15604389,  0.08965251,  0.03758584, -0.01023610, -0.05298536, -0.08918666, -0.12012807, -0.14174270, -0.15281617, -0.15348720, -0.14698425, -0.13907014, -0.13065677, -0.11805364, -0.10534552, -0.09615908, -0.08856469, -0.08263047, -0.07758232, -0.07311057, -0.06748880, -0.05942202, -0.05274574, -0.04692147, -0.04349854, -0.03990323, -0.03617274, -0.03551990, -0.03564846, -0.03625929, -0.03561056, -0.02941915, -0.02464304, -0.02074239, -0.01681533, -0.01160014, -0.00631300, -0.00204539, -0.00180109, -0.00173172,  0.00099897,  0.00647643,  0.01215868,  0.01721675
 -0.10561838, -0.03465597,  0.03481401,  0.09747438,  0.15084088,  0.19302475,  0.21989516,  0.23647430,  0.24698168,  0.24995968,  0.24437182,  0.23235257,  0.21440339,  0.19187039,  0.16726221,  0.14353700,  0.12158879,  0.10137211,  0.08261573,  0.06571209,  0.04922873,  0.03304742,  0.01828812,  0.00504921, -0.00859502, -0.02272423, -0.03575926, -0.04659350, -0.05646053, -0.06598916, -0.07460806, -0.08323212, -0.09033483, -0.09787594, -0.10582264, -0.11448121, -0.12314178, -0.12976280, -0.13514156, -0.14086164, -0.14757921, -0.15341227, -0.15739822, -0.16016877, -0.16415129, -0.16799462, -0.17054939, -0.17187194, -0.17139855, -0.16992464
 -0.58993331, -0.31465298, -0.07932946,  0.09850983,  0.21610769,  0.25491372,  0.19996189,  0.14230793,  0.13611364,  0.11864891,  0.08812316,  0.04408470, -0.02768171, -0.09576979, -0.14690874, -0.17084676, -0.16783882, -0.16930065, -0.18102541, -0.16322080, -0.12855714, -0.10498125, -0.08419460, -0.07141152, -0.06039262, -0.05340173, -0.04593199, -0.02181507, -0.00119990,  0.02157748,  0.03207983,  0.05038193,  0.07323642,  0.07858973,  0.07893344,  0.06953153,  0.05384780,  0.06806221,  0.06673320,  0.05997933,  0.05708235,  0.06565464,  0.07965198,  0.09640903,  0.08883643,  0.06979145,  0.05696974,  0.06059459,  0.06965369,  0.08369889
 -0.14664045, -0.04250758,  0.11219712,  0.22453191,  0.22096049,  0.08113291, -0.12953884, -0.27316716, -0.28458647, -0.20470565, -0.07498738,  0.05863207,  0.16028750,  0.22273352,  0.22992760,  0.17257419,  0.06546170, -0.06445037, -0.16731259, -0.19076445, -0.13798523, -0.04188255,  0.06883056,  0.15551954,  0.19488573,  0.17401120,  0.09532761, -0.01321990, -0.12189421, -0.18614479, -0.18827967, -0.12636021, -0.03511077,  0.04769083,  0.11051500,  0.13440757,  0.10728021,  0.04117319, -0.06313834, -0.15006329, -0.17499214, -0.13151249, -0.04891240,  0.03970659,  0.10056803,  0.12590988,  0.11107991,  0.05710919, -0.02183388, -0.09251728
 -0.00039469, -0.11895661, -0.13709033, -0.03961795,  0.12490124,  0.25545110,  0.24690568,  0.11332923, -0.05564431, -0.19413440, -0.26270761, -0.24913117, -0.17952984, -0.07568015,  0.04636559,  0.16287990,  0.23395982,  0.22657845,  0.13891299,  0.01398581, -0.09949630, -0.16456133, -0.16074563, -0.09404278,  0.00576351,  0.10761267,  0.18525053,  0.21369163,  0.17287579,  0.07430901, -0.04396751, -0.13684294, -0.16764593, -0.14700563, -0.08915562, -0.01142829,  0.06773352,  0.13193827,  0.14276706,  0.07939415, -0.03086636, -0.12880043, -0.17410280, -0.16121691, -0.11373803, -0.04439562,  0.03305869,  0.09527650,  0.11800611,  0.09001263
  0.26208724,  0.06951809, -0.26430530, -0.34603360, -0.05779347,  0.26861421,  0.24295525, -0.00094697, -0.16614519, -0.14601887,  0.05980604,  0.26886253,  0.25046449,  0.04050063, -0.13261974, -0.09566432,  0.03844244,  0.05531040, -0.06074079, -0.14179425, -0.11733040, -0.00945727,  0.09423032,  0.07804686, -0.06322892, -0.18713327, -0.14549581, -0.00624717,  0.01840827, -0.09314299, -0.18916701, -0.11703894,  0.08504222,  0.17382443,  0.06940442, -0.10166400, -0.11938074,  0.05967121,  0.17465237,  0.07772747, -0.11212188, -0.13841058,  0.03347842,  0.18544684,  0.11722063, -0.03680430, -0.07187878,  0.02579558,  0.10577334,  0.06530346
 -0.18152644,  0.17933361,  0.24293108, -0.06162012, -0.28513357, -0.14895388,  0.10012619,  0.21951983,  0.13770945, -0.10066931, -0.21216144, -0.06667621,  0.15262746,  0.22553385,  0.06032155, -0.13459252, -0.11452586,  0.03181468,  0.07818740, -0.00396513, -0.14141335, -0.20347681, -0.07815164,  0.11331169,  0.16862384,  0.01833068, -0.15722747, -0.11098486,  0.07849289,  0.16124736,  0.01632570, -0.14687151, -0.10997769,  0.09790750,  0.25856289,  0.16060364, -0.08189550, -0.12836649,  0.01194995,  0.15001903,  0.06940423, -0.15701231, -0.24268080, -0.05968627,  0.12909874,  0.10506003, -0.05635549, -0.11680265, -0.00362591,  0.13734561
  0.02313356, -0.01487360,  0.01871141,  0.05232833,  0.03642531, -0.00960203, -0.07225223, -0.06920756,  0.00068706,  0.03532733,  0.01548115,  0.00830636,  0.03972496,  0.09462563,  0.12961422,  0.12643507,  0.10064711,  0.08364689,  0.08281925,  0.07838363,  0.01724727, -0.09268475, -0.17384569, -0.17981512, -0.15606607, -0.16899168, -0.22083912, -0.25830953, -0.24766004, -0.19886746, -0.16302204, -0.16061636, -0.13236122, -0.05456866,  0.07142145,  0.17987566,  0.22851266,  0.25661016,  0.28377128,  0.30247983,  0.27760373,  0.19993569,  0.09456205,  0.01249730, -0.03957025, -0.06261257, -0.08356627, -0.11297873, -0.11441933, -0.06410575
 -0.14011500, -0.05362031,  0.03381309,  0.05321072,  0.06405358,  0.07930362,  0.04354115,  0.00921555, -0.01272636, -0.06774181, -0.09135923, -0.06744252, -0.04576615, -0.04587542, -0.07899869, -0.08698843, -0.00960410,  0.09475359,  0.15490870,  0.17528482,  0.15474435,  0.12861180,  0.15351933,  0.18208825,  0.14479851,  0.03517148, -0.06391867, -0.06630977, -0.03265520, -0.06093747, -0.17592180, -0.27103801, -0.28845303, -0.25619510, -0.22549431, -0.24417609, -0.25279986, -0.15381610, -0.02315449,  0.08565778,  0.12874503,  0.13781922,  0.18130329,  0.26706405,  0.28612044,  0.20249619,  0.07678259, -0.00731023, -0.02783348, -0.02247764
  0.23512691, -0.04364154, -0.29009075, -0.19881170,  0.10390888,  0.22257406,  0.01885549, -0.09618730,  0.04864755,  0.10567677,  0.04840353,  0.01071152, -0.00070426,  0.02473792,  0.03736238,  0.00819776, -0.08855124, -0.19201096, -0.11750201,  0.14788674,  0.23368823, -0.01250035, -0.23453720, -0.11753250,  0.18269135,  0.21946948, -0.06413483, -0.30489824, -0.22460508,  0.08263897,  0.17301635, -0.00899637, -0.15434160, -0.07062956,  0.12900152,  0.12742920, -0.07748340, -0.15826995, -0.07885968,  0.03693104,  0.02973666, -0.08168669, -0.16535904, -0.10894040,  0.02853594,  0.17770030,  0.23398603,  0.15756045,  0.03404325,  0.03186443
 -0.17334760,  0.20213292,  0.21541656, -0.21966809, -0.29209405,  0.08993002,  0.21443243,  0.04775848, -0.04579318, -0.07807884,  0.00405799,  0.08447483,  0.03859414, -0.01118900, -0.06281042, -0.04246946,  0.10780411,  0.05547824, -0.23201166, -0.22636884,  0.12199737,  0.29509339,  0.09977059, -0.18440912, -0.11313073,  0.20160058,  0.26636638,  0.01673559, -0.24136143, -0.19930314, -0.02092629,  0.06890403, -0.09587031, -0.23530924, -0.04808357,  0.15395008,  0.07538044, -0.03796255, -0.10305179,  0.02571494,  0.16430253,  0.09381141, -0.06007288, -0.05136408, -0.01197169, -0.04280400, -0.05097491,  0.04258984,  0.10839015,  0.08583493
  0.03383632,  0.07607076, -0.07438998, -0.11497455,  0.08462979,  0.15985261,  0.02563011, -0.04701921, -0.02817094, -0.12119349, -0.15253064, -0.04113040,  0.08856319,  0.11246275,  0.04475773,  0.03615245,  0.12048929,  0.04865199, -0.14702758, -0.18958875, -0.09521299, -0.06351373, -0.09798334, -0.12667310, -0.03219901,  0.07531524,  0.07337153,  0.05052299,  0.10293163,  0.26777478,  0.30237170,  0.19837061,  0.00163944, -0.07320702, -0.00721430, -0.00513166, -0.08629729, -0.06181731, -0.01844166,  0.05339327,  0.10927309,  0.12672534,  0.14483800,  0.18078426,  0.16830678,  0.06967890, -0.10493645, -0.29457252, -0.41745313, -0.35606525
 -0.11402396,  0.16951210,  0.10087103, -0.26033573, -0.09586977,  0.26998793,  0.03576096, -0.19499960,  0.05831454,  0.25553015, -0.01317319, -0.32962339, -0.14794338,  0.23333833,  0.14362169, -0.18090280, -0.10741310,  0.16302216,  0.17883763,  0.02748530, -0.09155473, -0.07570818,  0.05506986,  0.09344971, -0.03926128, -0.13960413, -0.07220530,  0.04434762, -0.02872874, -0.18262210, -0.07335698,  0.17545353,  0.16456321, -0.02554227, -0.02978390,  0.02834724,  0.01280614, -0.00074257, -0.03949805, -0.01470269, -0.01873161, -0.05593037, -0.00505601,  0.05414130, -0.05851986, -0.02062198,  0.24924067,  0.26161911, -0.07986164, -0.27899786
  0.15817332, -0.13206443, -0.20542123,  0.08241760,  0.14825482, -0.07025343, -0.13656879,  0.12721974,  0.28283546, -0.02135471, -0.32611866, -0.05636389,  0.30051619,  0.15048741, -0.20612364, -0.21147661,  0.00635930,  0.13359701,  0.04198948, -0.11699861, -0.09057673,  0.12507408,  0.20565788,  0.04049362, -0.15716778, -0.10471374,  0.09974447,  0.05906385, -0.16382645, -0.17411276,  0.02452454,  0.05940377,  0.01105663, -0.04449517, -0.03408548,  0.03856431,  0.06466613,  0.00818990, -0.00291207, -0.01230984,  0.00256990,  0.04491021, -0.05694781, -0.21413954, -0.08722248,  0.25230028,  0.25608789, -0.07554395, -0.15662992,  0.13331462
 -0.05069917, -0.15634003,  0.14996340,  0.17324297, -0.09377512,  0.02096771,  0.16459424,  0.02119412, -0.15879640, -0.19756187, -0.05822363,  0.06564943, -0.06109029, -0.17222693, -0.06525588,  0.05791712,  0.13866093,  0.23067782,  0.21461451,  0.16412802,  0.16213033,  0.09885256, -0.06607271, -0.19122810, -0.21187448, -0.16047579, -0.13178014, -0.17386733, -0.15991954, -0.01961614,  0.10480421,  0.19333083,  0.24180099,  0.09250045,  0.02145215,  0.06517033,  0.02187794, -0.02896520, -0.06849499, -0.12125990, -0.15197939, -0.19415226, -0.19700160,  0.04094997,  0.28760658,  0.25190829,  0.05635386, -0.02562551, -0.01543750, -0.10862959
  0.23831341, -0.29779314,  0.02022611,  0.16676871, -0.32866352, -0.01828644,  0.26667219, -0.03265946,  0.03474300,  0.05735868,  0.01348252,  0.08317490, -0.09588652, -0.04043478,  0.22571068,  0.05459813, -0.19147316, -0.06532743, -0.06747394, -0.20879721, -0.18213454, -0.05208606,  0.07629169,  0.18903544,  0.19930379,  0.05234846, -0.00202808, -0.08127653, -0.14025360,  0.06305967,  0.00785425,  0.05488874,  0.21834538, -0.14339640, -0.31829171, -0.09228862, -0.02971151,  0.12103814,  0.18485489,  0.08428559,  0.10241430,  0.11291162, -0.15021641, -0.15018465,  0.07476728,  0.10056680, -0.00075584,  0.01181156, -0.05368177, -0.07174847
 -0.07396774,  0.09901206,  0.01050906,  0.00643120,  0.06097720, -0.12341320, -0.10955742,  0.06082102,  0.00297594,  0.01794033,  0.09307303,  0.07482008,  0.02415359, -0.13109652, -0.16916301,  0.04709769,  0.20659569,  0.14777609,  0.06734757, -0.02195422, -0.15777278, -0.24444152, -0.20544731, -0.05299808,  0.15127457,  0.27547268,  0.17532440, -0.00817327, -0.18347150, -0.27561734, -0.09132887,  0.11605441,  0.22701380,  0.26211643,  0.02019544, -0.27072494, -0.29670576, -0.16696294,  0.05013600,  0.22497101,  0.18659389,  0.03983716, -0.03177006, -0.07028487, -0.04806062,  0.04021498,  0.08421798,  0.04363894,  0.00697198, -0.09063530
 -0.15900622,  0.23098072, -0.02533782, -0.13798544,  0.14191711, -0.08862093, -0.08637956,  0.19982968,  0.03163135,  0.00222703,  0.01432060, -0.15339946, -0.11258800, -0.11558219, -0.10823145,  0.14204483,  0.19636443, -0.07827727, -0.15533143, -0.05947958,  0.00599661,  0.10596032,  0.22924447,  0.24798646,  0.15994557,  0.02774712, -0.20690718, -0.24411689, -0.10954525, -0.04289514,  0.21936663,  0.20302787, -0.07173105, -0.05740559, -0.12092275, -0.15457228,  0.13168370,  0.25346269,  0.22872712,  0.12582384, -0.13797970, -0.29117037, -0.08719018,  0.02334029, -0.01242793,  0.00330525,  0.00867752, -0.05796281, -0.02413861, -0.03445912
  0.03732865, -0.09078540,  0.19455842, -0.01000032, -0.05569160,  0.05978176, -0.27322404, -0.24527498,  0.03323670,  0.14432962,  0.21421264,  0.16786586,  0.10635308,  0.10854084, -0.09132291, -0.07364679,  0.09120901,  0.14097932,  0.07020561, -0.05626086, -0.18915137, -0.22768456, -0.19197498, -0.02429528, -0.06690448, -0.05217980,  0.08968505, -0.01791576,  0.02949626,  0.02949236,  0.16200287,  0.17790092, -0.14837345, -0.36136183, -0.17412457, -0.06997630,  0.03341262, -0.00258874,  0.05990690,  0.03121094, -0.08466184, -0.20650508, -0.04205150,  0.18164273,  0.12516127,  0.02676319,  0.02423026, -0.04165857,  0.08817835,  0.37008917
 -0.04333442,  0.20695132, -0.27567826,  0.19794711, -0.07093801, -0.25356974,  0.28959276, -0.09853125, -0.11111305,  0.36118678, -0.10050011, -0.09844324,  0.15184716, -0.10924798, -0.03291430,  0.10900267,  0.00781581,  0.04328550,  0.08156649, -0.04370537, -0.15864263, -0.06048417,  0.00650160, -0.11255450,  0.07457546, -0.01900298, -0.05236331,  0.18930929, -0.23370088, -0.06473954,  0.24782388, -0.14941663, -0.06595676, -0.01778542, -0.11776053,  0.20803022,  0.04252719, -0.15213540, -0.05323842,  0.11111457, -0.21616868, -0.07483969,  0.18506600,  0.14679810,  0.03846682,  0.02659406, -0.06648870,  0.06006846,  0.08372746, -0.01648393
 -0.05072991,  0.15084263, -0.13130448, -0.02835619,  0.22756563, -0.17300375,  0.03018581,  0.06448152, -0.30798727, -0.02095632,  0.19237030,  0.01987865,  0.12443443,  0.17831243,  0.06857641, -0.14155589, -0.20352432, -0.11252126,  0.00690595,  0.11655342,  0.04362307, -0.03576038,  0.03397940, -0.17794284, -0.07421267,  0.03487269, -0.11013497,  0.24545894,  0.18294613, -0.09121663, -0.01238662,  0.06511269,  0.01920078, -0.04932697, -0.28773642, -0.09550118,  0.14835933,  0.10488203, -0.13226270,  0.15469511,  0.28054585, -0.08861507, -0.30768095, -0.12787814,  0.16332935,  0.18196593, -0.05381418, -0.00611896,  0.04774724, -0.06628937
  0.06901254, -0.00410748, -0.07657876, -0.19859774,  0.06198424,  0.15336916,  0.05135561,  0.12308959, -0.05856253, -0.04940182,  0.04100176, -0.11628517, -0.08742897, -0.03986427, -0.02039662,  0.11909323, -0.01585978,  0.04320031,  0.15755358,  0.06627646, -0.15693960, -0.26553838,  0.05569661,  0.21716795,  0.09386122,  0.07746324, -0.08862452, -0.11354395, -0.10844117, -0.20420688,  0.06247442,  0.10252144,  0.07004885,  0.03787820, -0.05961221,  0.09817314,  0.23198320, -0.03555093, -0.36232164, -0.28371013,  0.10947295,  0.25341419,  0.08846408,  0.00606506,  0.02819703,  0.09108912, -0.21112283, -0.30023985,  0.12248376,  0.22456419
  0.02935071,  0.08784322, -0.00116214, -0.10114222, -0.17005850, -0.04991141,  0.07970560,  0.07487497,  0.12606956,  0.08916007,  0.06487340,  0.07434106, -0.04371139, -0.09513052, -0.14828094, -0.16842454, -0.10376433, -0.10131689,  0.03142082,  0.18437594,  0.10971799, -0.09508705, -0.21563747, -0.05826097,  0.15828916,  0.21127047,  0.23314351,  0.14986152,  0.00316627, -0.13497464, -0.21448429, -0.09886354, -0.01161206,  0.01180443, -0.00137727,  0.02129529,  0.22552697,  0.33949687,  0.12036225, -0.17643097, -0.25927452, -0.08788964,  0.06924143,  0.08582367,  0.12114444,  0.16167697,  0.06948484, -0.20678418, -0.32034754, -0.06950580
  0.07027642, -0.07304298, -0.18149786,  0.14806017,  0.14059558, -0.03680740,  0.06514365, -0.11512347,  0.05641178, -0.06807798, -0.01870101,  0.06721968, -0.20957343,  0.00206356, -0.09511414, -0.32464227,  0.08527096,  0.05957843,  0.09038842,  0.07142117, -0.07187607,  0.16855051,  0.02000915,  0.12526211,  0.26567249, -0.01425789,  0.11451749, -0.00804355, -0.10964874,  0.03737489, -0.16063360,  0.17135812,  0.06108946, -0.07603803,  0.12809836,  0.15861345,  0.19243692, -0.11943882, -0.14415205,  0.19041776,  0.15468204, -0.21136528, -0.10624472,  0.08789259,  0.13685866, -0.37263895, -0.24095281,  0.04131168, -0.18323592,  0.03037192
 -0.11165213,  0.14651888, -0.03418969,  0.04714622, -0.08044990, -0.05919814,  0.25739863, -0.16584333, -0.01170337, -0.03243785, -0.15008890,  0.13549808, -0.09192119,  0.15271887,  0.11562571, -0.00475191,  0.33973484, -0.21999209, -0.16220038,  0.21931941, -0.09479731,  0.03036176, -0.13201120, -0.05309313,  0.13769877, -0.29367541, -0.11900655,  0.08856659, -0.03839934,  0.01406092, -0.03950454,  0.16448714, -0.01278470, -0.01793831,  0.05776030, -0.29838941, -0.04800978,  0.11695651, -0.17806594, -0.05720927,  0.03206059,  0.10401409,  0.14759423, -0.17514758, -0.03327448,  0.06434406,  0.16466486,  0.01605596, -0.13253727,  0.29580791
 -0.01767783,  0.06766538, -0.11419612,  0.14376115, -0.18560803,  0.10523373,  0.03633542, -0.06893746,  0.14192434, -0.21539977,  0.20076004, -0.12510542, -0.01785084,  0.14774914, -0.11876763,  0.14748993,  0.06137998, -0.35644033,  0.27536395, -0.17923436,  0.06765822,  0.06684251, -0.13264906,  0.14086338, -0.13680579, -0.07117525,  0.12029953,  0.00299489,  0.00264534,  0.01561331, -0.07881570,  0.12058302, -0.20717229,  0.26394615, -0.22484410,  0.05487253,  0.06672808, -0.08435611, -0.11330733,  0.25202379, -0.11339172,  0.05127892, -0.05885387,  0.02324623,  0.06406895, -0.09121287,  0.22783274, -0.18890131,  0.08892631, -0.05737196
 -0.04739840,  0.09104051, -0.00538141, -0.04574177,  0.00573405,  0.10732707, -0.12654828, -0.18359595,  0.19342775,  0.09779406, -0.15194897,  0.09784787,  0.08030632, -0.14810703,  0.00811475,  0.04603255, -0.10644192, -0.00968097,  0.27129574, -0.11613265, -0.19791186,  0.22006808, -0.04125700, -0.10685693,  0.08357054, -0.02943986,  0.04602016,  0.02937090, -0.12756093,  0.04511526,  0.18147839, -0.10668106, -0.21056632,  0.18661247,  0.11324992, -0.30028723,  0.04399659,  0.31778769, -0.10164183, -0.18887145,  0.12282314,  0.09747203, -0.22699824, -0.04621246,  0.24922304, -0.08183606, -0.14876594,  0.11200458,  0.12719103, -0.11904883
 -0.00036224, -0.03119773,  0.00876852,  0.03615381, -0.00650586,  0.04460530,  0.07184066, -0.14603780, -0.04071626,  0.06609323, -0.01266337, -0.10579356,  0.12076593,  0.01175682, -0.18274385,  0.06918590,  0.02783615, -0.26436001,  0.22531246,  0.17352261, -0.27881027,  0.13364644,  0.21639284, -0.21024148,  0.01036379,  0.27033969, -0.13817609, -0.08621566,  0.20970129, -0.08076356, -0.18707140,  0.30515717, -0.02967278, -0.20784382,  0.16756964,  0.14242490, -0.22377131,  0.00331879,  0.22554319, -0.03652703, -0.11925962,  0.10721631,  0.01578932, -0.17948427,  0.06944337, -0.00024319, -0.11719760, -0.07949215,  0.06108194, -0.02872765
 -0.01495878,  0.02505146,  0.01139572, -0.01411167, -0.01803910, -0.00099263,  0.04281240, -0.08389667, -0.01671976,  0.13070200, -0.01087831, -0.08592738,  0.01308394,  0.12242245, -0.09043547, -0.07851109,  0.20387501, -0.14957407, -0.09731034,  0.30398721, -0.18032352, -0.17958245,  0.28875229,  0.01327085, -0.35444184,  0.12964630,  0.31644599, -0.28264828, -0.14728372,  0.34944500, -0.05442828, -0.25930397,  0.13553554,  0.10513013, -0.09621413, -0.10204001,  0.10461897,  0.04300271, -0.06332773,  0.01701702,  0.04021440, -0.05175711, -0.02329968, -0.00890644,  0.07965205, -0.00009982, -0.04480745,  0.04231360,  0.03675534, -0.04530639
 -0.00182543, -0.04909835, -0.00005950,  0.06770169,  0.02973765,  0.01681149,  0.07571505, -0.05647787, -0.18282712, -0.01392473,  0.15636678, -0.11935566, -0.06035215,  0.07162221,  0.01186612, -0.17537383, -0.03844617, -0.00300111, -0.06459737,  0.15542496,  0.16829109, -0.15885344,  0.05324261,  0.29173348, -0.10034439, -0.18257604,  0.24764192,  0.23020923, -0.27478176, -0.10437211,  0.24167527,  0.11341842, -0.24280403,  0.02861236,  0.25100209,  0.02072972, -0.27408292,  0.08230396,  0.24982963, -0.04015657, -0.03816499,  0.09514979, -0.07945941, -0.18570323,  0.08212717, -0.00035180, -0.18160560, -0.12354059,  0.07150048, -0.06066274
 -0.02949109,  0.06798104, -0.11008309,  0.13868753, -0.10424599,  0.12823560, -0.14987435,  0.14206363, -0.16302226,  0.11458346, -0.12430489,  0.12769544, -0.12019967,  0.10031123, -0.04158502, -0.08912824,  0.12135082, -0.11533964,  0.12191559, -0.10419039,  0.15482892, -0.15005715,  0.15211368, -0.12534489,  0.15318625, -0.14443643,  0.17271841, -0.19768820,  0.17600354, -0.12601107,  0.08579437, -0.03155847,  0.05517325, -0.05186956,  0.01725354,  0.05259681, -0.12759054,  0.16493673, -0.14465057,  0.16956847, -0.22533517,  0.28490442, -0.28496971,  0.20593845, -0.17724427,  0.12939634, -0.19448992,  0.15572984, -0.10236957,  0.04210028
 -0.05378222,  0.13516022, -0.09721774,  0.03352755,  0.04450531, -0.02556839, -0.11865069, -0.02349725,  0.08875494, -0.02235283,  0.05239106, -0.00500375,  0.10152629, -0.11459326,  0.15283148, -0.39674485,  0.25406871,  0.21299801, -0.07769276, -0.09863975,  0.08640768, -0.07812745, -0.08346713, -0.01406890,  0.12662604,  0.02326781, -0.12655296, -0.09142973, -0.01214130,  0.23868969, -0.18903959,  0.07565032, -0.00962066,  0.03149037, -0.25977875,  0.24033465, -0.14034095,  0.19921172, -0.07075411, -0.06187090, -0.17980091,  0.17285584,  0.09482603, -0.24153180,  0.13366959, -0.01419390, -0.01306045, -0.04527043,  0.29695695, -0.13093894
 -0.13579155,  0.06681094,  0.08471130, -0.05809012,  0.09100098,  0.21945360, -0.04864668, -0.17304277, -0.12002001, -0.08986433, -0.13498216,  0.10484534, -0.02101734, -0.01409766,  0.20112834, -0.16878095, -0.27350494,  0.01242778,  0.20805983,  0.09723077,  0.01949831,  0.20188618,  0.02368408, -0.10639742,  0.10100149,  0.05548187,  0.11995793, -0.05826101, -0.13082658,  0.07750218,  0.12278334, -0.03503452,  0.16444615,  0.11344741, -0.11989759, -0.10778314,  0.01800376, -0.03857170,  0.08445968,  0.28368615, -0.16565029, -0.12287586,  0.21189772, -0.14411005, -0.29621661,  0.09764638, -0.11536371, -0.32225596,  0.07032368,  0.14964414
 -0.02028549,  0.12747670, -0.04814636, -0.14527057,  0.09258524, -0.04084483, -0.13078600,  0.07307280,  0.14605179,  0.02417418,  0.00229682,  0.16015054, -0.24941673,  0.08239346, -0.01439480,  0.11059758,  0.06948738, -0.09678690, -0.01969866, -0.02248599, -0.14029076,  0.14611467, -0.20750410,  0.13482561, -0.05108931, -0.21542312,  0.12170863,  0.04743060,  0.05684837, -0.03372018, -0.05429145, -0.14064856,  0.17875636, -0.23616224,  0.08280484,  0.00921249,  0.18376334, -0.30268147,  0.13066573,  0.08207845, -0.17417880,  0.10606336,  0.02930632, -0.22082199,  0.21291642,  0.30322093, -0.20380211,  0.06519678,  0.18119742, -0.19163554
  0.03319547,  0.00828958,  0.01225340, -0.10262419, -0.02459315,  0.08759547, -0.16239705,  0.08527777,  0.16002586,  0.00858842, -0.08505541,  0.17557685,  0.00157194, -0.46304180,  0.35562277,  0.09574636,  0.01544334, -0.18961196, -0.05872720,  0.17051307, -0.15520578, -0.14353341,  0.23895191, -0.02348465, -0.07717362, -0.18693238,  0.12544556,  0.16523108, -0.00697581, -0.09012700, -0.10565873,  0.09501056, -0.10225224, -0.04596009,  0.02741674,  0.23040387, -0.15136559,  0.01845029, -0.16947904,  0.19081646,  0.09535719, -0.19534928, -0.02593222,  0.08219285,  0.05558865,  0.06888907,  0.12455938, -0.10319031,  0.01419057, -0.07353011
  0.13236240, -0.09483377, -0.08247529,  0.02719871, -0.00787868, -0.17051344,  0.01976552,  0.25892899,  0.04160335, -0.13742688,  0.25299787,  0.03014924, -0.39506316,  0.24136794,  0.26021778, -0.20756873,  0.03539322,  0.06819605,  0.06429441, -0.09702229, -0.31008189,  0.10748124,  0.11334946, -0.26082998, -0.09392564,  0.17221605, -0.04145039, -0.03904829, -0.08003382, -0.07964069,  0.11170523, -0.04422369, -0.19650772,  0.04046853,  0.16326921, -0.08348558, -0.07443741,  0.07598968, -0.07434066, -0.01149817, -0.11500465, -0.05389430,  0.16054721,  0.13915549, -0.00288255,  0.08663835,  0.10807161, -0.01420666,  0.09416046, -0.03718310
  0.10559546, -0.22251386,  0.19021198, -0.03914817, -0.13169267,  0.15723584, -0.12316316,  0.11549903, -0.15779606,  0.09869727,  0.25945048, -0.27102646,  0.10640621, -0.01603801, -0.20019662, -0.00849411,  0.17415394, -0.01950394, -0.06241758, -0.01105208, -0.12404791,  0.12994524,  0.07590243, -0.21251889,  0.39077439, -0.29022730,  0.04107293,  0.10331788, -0.05770638,  0.13798589, -0.06774260, -0.06305383, -0.13431846,  0.16356496, -0.01604341,  0.03417434,  0.10382780, -0.05737247, -0.05239311,  0.02585179,  0.11400257, -0.11618463,  0.09787085, -0.11040807, -0.10100144,  0.24922519, -0.10127163,  0.02149246, -0.02963712, -0.09933429
 -0.06037784,  0.11802597, -0.12216550,  0.21148127, -0.19905126,  0.17710705, -0.04200629, -0.25322213,  0.14691152, -0.12552648,  0.14486813,  0.15578351, -0.08983690, -0.09305564, -0.16687132, -0.08194157,  0.09947573,  0.10123637, -0.04527004,  0.01892551,  0.05210495, -0.17320183,  0.24354009,  0.00524319,  0.01743734,  0.13908446, -0.30038705,  0.24352743, -0.02211188,  0.09805407,  0.05036706, -0.11939109,  0.02146059, -0.14618668,  0.22252151, -0.11430145,  0.22233546, -0.08700464,  0.01299802,  0.02185838,  0.06854364,  0.04702159, -0.16047738,  0.01701758, -0.25684416,  0.14963591,  0.08757330, -0.16453043,  0.10748457, -0.17794501
 -0.04099728,  0.13282787, -0.19203433,  0.13590231, -0.10997336,  0.11023052, -0.17589506,  0.14484139,  0.19918347, -0.14986923, -0.09265773, -0.12357983,  0.01820550,  0.16800079,  0.14992019,  0.13248462, -0.14784566, -0.03191103, -0.06937367,  0.04696053,  0.14633695, -0.16828438,  0.09949190, -0.27226609,  0.04706742, -0.02054955,  0.01635561,  0.10854036, -0.27346709,  0.10186859, -0.23456108,  0.26704647,  0.00984714,  0.04685496, -0.10036250, -0.14571496,  0.04560293, -0.15834419,  0.23278576, -0.18120625, -0.01042790, -0.05974910,  0.04261655,  0.16269593,  0.08775853,  0.02396823, -0.26620503,  0.16156542,  0.05859923,  0.12780873
 -0.04371597,  0.09206780, -0.06086202,  0.05921134, -0.07868407,  0.11843092, -0.12531452,  0.09606440, -0.25012651,  0.23079907, -0.13970593,  0.34669138, -0.29225854,  0.09131370, -0.21258796,  0.15547493, -0.16365700,  0.23149241, -0.06895955,  0.05863689, -0.15164665,  0.07955430, -0.02254446,  0.15543583, -0.13617030,  0.09567290, -0.09583764,  0.05430521, -0.05537255,  0.20840659, -0.17697211,  0.17439779, -0.30025764,  0.20930294, -0.12245343,  0.16634324, -0.05385292,  0.01892632, -0.00766672, -0.00672135,  0.03764441,  0.00206292,  0.00728206, -0.11853883, -0.05427915,  0.09766739,  0.02958081,  0.04127146, -0.13136182,  0.01148313
 -0.02627217,  0.07319571, -0.00954938, -0.09977957,  0.15711458, -0.17092727,  0.20391042, -0.34543191,  0.20024040,  0.00543991,  0.11872590,  0.05945592, -0.22485337, -0.01159351, -0.05429825,  0.14321834, -0.09930122,  0.20667390, -0.01005247, -0.21087496,  0.15590050, -0.20098915,  0.32730642, -0.21179327,  0.10501928, -0.16210828,  0.16560712, -0.19834663,  0.21854102, -0.05120039, -0.04477146, -0.00934588, -0.14566707,  0.17905713, -0.02461524,  0.05586564, -0.01189035, -0.07770268,  0.06476264, -0.03361622,  0.04108749, -0.05868494,  0.03402142, -0.19591306,  0.11943701,  0.11664310, -0.00290069, -0.05325764, -0.10974759,  0.10425346
 -0.02662590,  0.04333224, -0.07674843,  0.13401366, -0.11629132,  0.08722746, -0.04375881, -0.03140398,  0.18167904, -0.25710941,  0.04336557, -0.00912328,  0.03141085,  0.15810817, -0.18257497,  0.14064847, -0.22081559,  0.22265590, -0.34989814,  0.41974664, -0.20858011,  0.08759623, -0.04259385, -0.07476273,  0.16335836, -0.11125695,  0.09859448, -0.10273313,  0.14233956, -0.21361078,  0.21094847, -0.06819607,  0.05879377,  0.01232198, -0.16027588,  0.12181723, -0.09843624,  0.12585282, -0.06890121,  0.05294738, -0.04573253,  0.03848408, -0.00114140,  0.02041460,  0.02522781, -0.15418183,  0.03376867, -0.00821274,  0.13653013, -0.11822668
 -0.06459231,  0.04862522,  0.08588000, -0.09104510,  0.05102125, -0.08965305,  0.07961663,  0.12949524, -0.07460340, -0.35649157,  0.04493966,  0.31296498,  0.14869614, -0.04219059, -0.10798262, -0.06967455, -0.08436521, -0.11849470,  0.30063032,  0.07015832, -0.08116610, -0.24440346,  0.07731745,  0.01069639,  0.10976535, -0.09333648,  0.06654957, -0.08603576, -0.10262551,  0.10648312,  0.16242227,  0.07354825, -0.14447618, -0.13892445, -0.09905949,  0.07373060,  0.14400455, -0.04808119,  0.07649909, -0.11810075,  0.00996154,  0.05986789,  0.20947179, -0.11780536, -0.16023058, -0.09546184,  0.10811782,  0.36851281, -0.08352818, -0.21664549
  0.10314623, -0.24412145,  0.20864236, -0.10411335,  0.05297124, -0.03449052, -0.00043888, -0.00535333,  0.10134472,  0.11146437, -0.35822549,  0.19353746, -0.16481191,  0.31988013, -0.21680566,  0.02814155,  0.10147858, -0.19355833,  0.01152815, -0.03825144,  0.23622923, -0.17595408,  0.06831610, -0.09912289,  0.09840622,  0.05123675, -0.12402365,  0.17976180, -0.07314851, -0.10142570,  0.07277666, -0.00671733,  0.05433296,  0.03985148, -0.10534582,  0.05620391, -0.06515275,  0.10753458, -0.07135901,  0.03801207,  0.06883644, -0.18630410,  0.14952528,  0.01021543,  0.05915214, -0.11504698, -0.04125918, -0.10737996,  0.31469672, -0.20483154
  0.01174942, -0.03772237,  0.01190676,  0.05669968, -0.07340107,  0.05980854,  0.02830522, -0.15052092,  0.15191576, -0.03870160, -0.07293703,  0.05542195, -0.01541102, -0.05224776,  0.13143873, -0.24265485,  0.24937450, -0.13827690, -0.03863963,  0.09189108, -0.04183835,  0.08552694, -0.09372983,  0.11758499, -0.11220546,  0.13604069, -0.08236344, -0.03354114,  0.21558327, -0.27568441,  0.18890042, -0.01924738, -0.15440670,  0.30060564, -0.26893103,  0.13219891,  0.03256684, -0.15431130,  0.21134269, -0.17867936,  0.16637899, -0.10759583, -0.00259052,  0.07465913, -0.15154014,  0.20646254, -0.28034552,  0.17447328, -0.07190364, -0.00142743
  0.07696532, -0.16524754,  0.15735609, -0.14362431,  0.15458040, -0.23306277,  0.23191402, -0.13172117,  0.13370056, -0.02368245, -0.07986710, -0.02046740,  0.12693363, -0.02415459,  0.00002515,  0.01326736, -0.09752144,  0.10581505, -0.14386392,  0.10824913, -0.03382232,  0.00041180, -0.08918213,  0.06586154, -0.02387865,  0.01073076,  0.03178047, -0.03244347, -0.03551757,  0.08557956, -0.19495263,  0.29218690, -0.22923868,  0.05878588,  0.04836711, -0.13942999,  0.13280465,  0.01641272, -0.13809463,  0.19498856, -0.21491402,  0.17140927, -0.14530475,  0.27614875, -0.27039088,  0.20853346, -0.16014684,  0.05822644,  0.17394001, -0.16444602
  0.00429798,  0.01832466, -0.06615741,  0.06305634, -0.03498107, -0.02248583,  0.03345461,  0.11876044, -0.21921684,  0.21068490, -0.18118237,  0.08870005,  0.01939469, -0.01847141,  0.10572303, -0.14568659,  0.03065852,  0.01408444, -0.05402582,  0.04627236, -0.03653257,  0.01596446,  0.00388664, -0.08935369,  0.14439090, -0.14669624,  0.18330487, -0.19911052,  0.15036700, -0.06063081, -0.02192453,  0.11015392, -0.12503188,  0.04651705,  0.01113167, -0.12302190,  0.23773261, -0.27169293,  0.26720523, -0.21718628,  0.09995499,  0.07859689, -0.12903501,  0.12375644, -0.00614207, -0.17170991,  0.30474599, -0.30606559,  0.26374407, -0.14852356
 -0.02328183, -0.02599649,  0.17061874, -0.24377717,  0.21634610, -0.06232453, -0.02612034, -0.05016081,  0.04663322, -0.06182308,  0.06286562,  0.03955735, -0.12817510,  0.02419217, -0.01180825,  0.00326741,  0.09144320, -0.06108439, -0.00313493,  0.10286029, -0.12468367,  0.07589157,  0.08909801, -0.13178311,  0.10700160, -0.02693701, -0.13665492,  0.25328046, -0.22230440,  0.10900296,  0.04590707, -0.15640464,  0.08750440,  0.13082133, -0.21930620,  0.20298996, -0.07419692, -0.14523762,  0.21241046, -0.06639230, -0.15380043,  0.32018907, -0.37464291,  0.16837762,  0.01919836, -0.13865821,  0.14156930, -0.06782070, -0.14404151,  0.15952375
 -0.06353968,  0.15318027, -0.12418140,  0.01361878,  0.10174802, -0.13789176,  0.08489113, -0.06940022,  0.04317257, -0.04746707,  0.06713413, -0.00208202, -0.06255565,  0.08579580, -0.08879546,  0.07860937, -0.01256737, -0.06327864,  0.14665059, -0.07643274, -0.05693617,  0.12905295, -0.13889031,  0.06034525,  0.04172642, -0.15540862,  0.15144179, -0.06087984, -0.08711538,  0.16855658, -0.10954796, -0.03012366,  0.15325527, -0.15577895, -0.01847668,  0.20284356, -0.29424221,  0.19635943,  0.06225886, -0.29056566,  0.32239405, -0.17998004, -0.07458121,  0.26184710, -0.31801996,  0.21779624,  0.00486006, -0.13757551,  0.15231212, -0.04352724
