 -0.02902445, -0.03368023, -0.03869291, -0.04384039, -0.04925866, -0.05524619, -0.06113216, -0.06701533, -0.07282093, -0.07872483, -0.08415052, -0.08944885, -0.09472705, -0.09959268, -0.10416591, -0.10871033, -0.11306176, -0.11755239, -0.12220588, -0.12639445, -0.12977800, -0.13289978, -0.13610099, -0.13956234, -0.14258416, -0.14521561, -0.14786738, -0.15051960, -0.15310699, -0.15538763, -0.15794944, -0.16021521, -0.16270925, -0.16522211, -0.16762786, -0.16993396, -0.17231085, -0.17459895, -0.17721730, -0.17957025, -0.18134699, -0.18303173, -0.18501955, -0.18713693, -0.18914698, -0.19137011, -0.19381442, -0.19615696, -0.19869243, -0.20114283
 -0.13392702, -0.15658239, -0.18031898, -0.20263958, -0.22189431, -0.23747151, -0.24836061, -0.25347296, -0.25291901, -0.24861395, -0.24047093, -0.22934123, -0.21611135, -0.20058213, -0.18345086, -0.16561588, -0.14766868, -0.13074129, -0.11500607, -0.09946785, -0.08419237, -0.06995798, -0.05673429, -0.04461168, -0.03275389, -0.02117244, -0.01015058,  0.00043905,  0.01029876,  0.01981804,  0.02837628,  0.03691427,  0.04493618,  0.05238820,  0.05970097,  0.06686114,  0.07378427,  0.08093397,  0.08707728,  0.09294503,  0.09897063,  0.10480742,  0.10997906,  0.11463967,  0.11878691,  0.12251602,  0.12602215,  0.12955754,  0.13255505,  0.13525564
 -0.37060558, -0.39156910, -0.37576518, -0.33207786, -0.27031412, -0.19706571, -0.11731156, -0.04795665,  0.00559796,  0.05372641,  0.09589008,  0.13040811,  0.15856217,  0.17647433,  0.18301936,  0.17846986,  0.16656198,  0.15314671,  0.13913082,  0.12120967,  0.10390148,  0.09056318,  0.07896134,  0.06902370,  0.06033778,  0.05251329,  0.04352325,  0.03215783,  0.02243087,  0.01392003,  0.00779258,  0.00171624, -0.00455307, -0.00763066, -0.00984962, -0.01158229, -0.01477627, -0.02358675, -0.03105903, -0.03742455, -0.04344964, -0.05069819, -0.05810947, -0.06441612, -0.06649143, -0.06858736, -0.07359870, -0.08131592, -0.08920750, -0.09620486
 -0.60783313, -0.32141731, -0.07813887,  0.10605210,  0.22971198,  0.27665784,  0.23184587,  0.18147710,  0.17686454,  0.15923865,  0.12671996,  0.08040638,  0.00742022, -0.06306934, -0.11773095, -0.14574720, -0.14738200, -0.15186508, -0.16492543, -0.15027126, -0.12072548, -0.10198113, -0.08561395, -0.07612965, -0.06874221, -0.06546301, -0.06100195, -0.03999820, -0.02187760, -0.00190261,  0.00678898,  0.02215988,  0.04233029,  0.04602479,  0.04478761,  0.03428106,  0.01832384,  0.03135421,  0.03111889,  0.02562879,  0.02272940,  0.03039505,  0.04362391,  0.05969439,  0.05264715,  0.03535183,  0.02479496,  0.03019457,  0.04154873,  0.05789807
 -0.14892856, -0.04427574,  0.11146746,  0.22504516,  0.22246586,  0.08272626, -0.12890650, -0.27345536, -0.28507511, -0.20533973, -0.07573107,  0.05765778,  0.15882628,  0.22099451,  0.22821278,  0.17109051,  0.06429869, -0.06562523, -0.16881535, -0.19228781, -0.13922307, -0.04286842,  0.06811227,  0.15502028,  0.19475775,  0.17435809,  0.09610521, -0.01201708, -0.12048179, -0.18456052, -0.18668373, -0.12458224, -0.03316150,  0.04962283,  0.11247396,  0.13642105,  0.10930780,  0.04338927, -0.06120007, -0.14856951, -0.17379485, -0.13039814, -0.04783207,  0.04076271,  0.10140527,  0.12645922,  0.11140978,  0.05733023, -0.02182636, -0.09275253
 -0.00048650,  0.11916781,  0.13799134,  0.04041372, -0.12463090, -0.25540916, -0.24695254, -0.11340592,  0.05537487,  0.19391905,  0.26238821,  0.24873624,  0.17920209,  0.07527957, -0.04694902, -0.16357189, -0.23479456, -0.22716039, -0.13878857, -0.01340573,  0.09997490,  0.16490320,  0.16113048,  0.09470317, -0.00525527, -0.10761615, -0.18572455, -0.21455293, -0.17397053, -0.07577911,  0.04252364,  0.13533863,  0.16637199,  0.14609652,  0.08848190,  0.01083557, -0.06816307, -0.13230177, -0.14261389, -0.07872744,  0.03170932,  0.12979603,  0.17557721,  0.16331308,  0.11639239,  0.04767649, -0.02913178, -0.09084429, -0.11292738, -0.08449510
 -0.26275444, -0.06974636,  0.26454908,  0.34631786,  0.05783604, -0.26867387, -0.24304969,  0.00095882,  0.16628648,  0.14626801, -0.05967706, -0.26895666, -0.25077052, -0.04098694,  0.13197190,  0.09494280, -0.03914590, -0.05571529,  0.06087139,  0.14232970,  0.11788580,  0.00986251, -0.09391060, -0.07766685,  0.06349629,  0.18709325,  0.14515544,  0.00575397, -0.01887709,  0.09264259,  0.18870360,  0.11649230, -0.08556672, -0.17426284, -0.06977663,  0.10126553,  0.11896890, -0.06003905, -0.17471409, -0.07741679,  0.11262525,  0.13899133, -0.03274913, -0.18448596, -0.11608000,  0.03810514,  0.07330586, -0.02426823, -0.10401445, -0.06337624
 -0.18094586,  0.17993397,  0.24316958, -0.06181918, -0.28559403, -0.14930485,  0.10017658,  0.21975161,  0.13781812, -0.10065457, -0.21211682, -0.06640857,  0.15328625,  0.22650558,  0.06144405, -0.13346103, -0.11346829,  0.03282227,  0.07915594, -0.00311650, -0.14067950, -0.20282572, -0.07763586,  0.11368310,  0.16886272,  0.01840100, -0.15742212, -0.11155763,  0.07755893,  0.16002985,  0.01489811, -0.14852717, -0.11179907,  0.09609050,  0.25684720,  0.15904340, -0.08333257, -0.12974463,  0.01079664,  0.14916053,  0.06877583, -0.15753863, -0.24317803, -0.06014390,  0.12879042,  0.10490522, -0.05643026, -0.11686969, -0.00370554,  0.13727140
  0.02138726, -0.01566640,  0.01922297,  0.05310377,  0.03692458, -0.00912072, -0.07208702, -0.06913546,  0.00087372,  0.03532482,  0.01506401,  0.00766663,  0.03896905,  0.09378965,  0.12849109,  0.12518660,  0.09987006,  0.08399773,  0.08445516,  0.08083885,  0.01949343, -0.09110986, -0.17242638, -0.17804529, -0.15452933, -0.16863107, -0.22180859, -0.25978022, -0.24896990, -0.20039787, -0.16531922, -0.16384428, -0.13575202, -0.05751102,  0.06902906,  0.17749766,  0.22604335,  0.25481057,  0.28333527,  0.30341244,  0.27910005,  0.20144301,  0.09637773,  0.01518664, -0.03636690, -0.05956147, -0.08109001, -0.11094299, -0.11224041, -0.06170296
 -0.13736958, -0.04888501,  0.03373698,  0.05088743,  0.06465760,  0.08138244,  0.04707830,  0.01081982, -0.01637372, -0.07623978, -0.09746178, -0.06792865, -0.04200325, -0.04112889, -0.07447268, -0.08128650,  0.00037808,  0.10390445,  0.15528623,  0.16740382,  0.14796268,  0.12936803,  0.16000078,  0.18582726,  0.14466201,  0.03625057, -0.05717903, -0.05387198, -0.02026984, -0.05178131, -0.17185073, -0.26681360, -0.28561745, -0.25741975, -0.23205556, -0.25328233, -0.26029759, -0.15707420, -0.02716754,  0.07902387,  0.12297283,  0.13610822,  0.18317025,  0.26886550,  0.28382195,  0.19200352,  0.05846770, -0.03002538, -0.05467824, -0.05174664
  0.23703325, -0.04268040, -0.29626313, -0.20236399,  0.11223314,  0.23293183,  0.02146330, -0.09828572,  0.04618240,  0.09737946,  0.03854930,  0.00622449,  0.00110892,  0.02874127,  0.03935177,  0.00941770, -0.08319430, -0.18719735, -0.11807710,  0.14589674,  0.23298136, -0.01383387, -0.23449026, -0.11487629,  0.18888093,  0.22434508, -0.06369379, -0.30302197, -0.21637240,  0.09755532,  0.18257991, -0.00784167, -0.16011994, -0.07706276,  0.12411989,  0.11921903, -0.08981400, -0.16492300, -0.07963894,  0.04017187,  0.03478954, -0.07531435, -0.15601018, -0.09575879,  0.04087709,  0.18174948,  0.22547035,  0.13725615,  0.00517211,  0.00345272
 -0.16786991,  0.20644862,  0.20812016, -0.22783623, -0.28689622,  0.09986811,  0.21646244,  0.04499339, -0.04680832, -0.08336502, -0.00319944,  0.08242224,  0.04333949, -0.00405264, -0.05784818, -0.03821281,  0.11462034,  0.05738652, -0.23905995, -0.23340420,  0.11998060,  0.29235605,  0.09385328, -0.19033311, -0.11181303,  0.20764460,  0.26908540,  0.01641960, -0.23823600, -0.18563121, -0.00606177,  0.07656107, -0.09880653, -0.24095106, -0.04953027,  0.15200599,  0.06783316, -0.04419467, -0.10608027,  0.02707544,  0.16848538,  0.09852087, -0.05494002, -0.04446171, -0.00493611, -0.03968447, -0.05606768,  0.02731346,  0.08476240,  0.06414352
  0.03156815,  0.06558955, -0.06935120, -0.08752619,  0.09700212,  0.13298292, -0.00362733, -0.04636709, -0.01916338, -0.11654346, -0.15854125, -0.04238123,  0.10312250,  0.12172948,  0.04083090,  0.03433946,  0.12208029,  0.05619743, -0.13685566, -0.20304561, -0.13426501, -0.09294163, -0.10619677, -0.13330441, -0.06360024,  0.03731748,  0.06536202,  0.07003587,  0.12542352,  0.27376857,  0.31449597,  0.21945787,  0.02868128, -0.05188806, -0.00540749, -0.00824145, -0.07046928, -0.04533167, -0.00843077,  0.04908175,  0.09864595,  0.12902610,  0.16137319,  0.18916163,  0.16879854,  0.07817860, -0.09320250, -0.29180416, -0.40532347, -0.32195391
 -0.11332606,  0.16946909,  0.10009138, -0.26028744, -0.09520270,  0.26985353,  0.03515323, -0.19483199,  0.05900827,  0.25539210, -0.01417747, -0.32979438, -0.14679687,  0.23430287,  0.14367085, -0.18084770, -0.10688565,  0.16350499,  0.17872284,  0.02672431, -0.09241221, -0.07606419,  0.05501591,  0.09311551, -0.03993877, -0.14003761, -0.07200403,  0.04468076, -0.02867140, -0.18232167, -0.07252825,  0.17607863,  0.16465207, -0.02574502, -0.03009244,  0.02806251,  0.01259490, -0.00099138, -0.03968749, -0.01487915, -0.01879098, -0.05561489, -0.00470941,  0.05401654, -0.05856910, -0.01999635,  0.24964558,  0.26081088, -0.08112466, -0.27929683
  0.15908848, -0.13456233, -0.20573981,  0.08452298,  0.14552322, -0.07401573, -0.13457469,  0.13034249,  0.28404602, -0.01845551, -0.32174756, -0.05496227,  0.29660196,  0.14543406, -0.20754295, -0.21240646,  0.00161107,  0.13028703,  0.04564410, -0.10926407, -0.08331016,  0.13109611,  0.21172544,  0.04763310, -0.15117215, -0.10277229,  0.09814161,  0.05553039, -0.16940289, -0.18341073,  0.01228533,  0.04902941,  0.00791611, -0.04334608, -0.03404167,  0.03841638,  0.06578350,  0.00924190, -0.00240364, -0.01350382, -0.00011934,  0.04082388, -0.06387100, -0.22304508, -0.09449967,  0.24856459,  0.25742047, -0.06787925, -0.14604754,  0.14014953
 -0.05044190, -0.15783728,  0.14948996,  0.17390325, -0.09434080,  0.02071520,  0.16578426,  0.02249386, -0.15779976, -0.19736525, -0.05865160,  0.06519988, -0.06220406, -0.17395494, -0.06701972,  0.05578466,  0.13652957,  0.23002534,  0.21545190,  0.16572303,  0.16448185,  0.10199703, -0.06267892, -0.18836385, -0.21005409, -0.15976309, -0.13178294, -0.17479769, -0.16211397, -0.02243737,  0.10174129,  0.19125420,  0.24164558,  0.09286985,  0.02184342,  0.06621041,  0.02312914, -0.02770011, -0.06752898, -0.12089244, -0.15202203, -0.19495737, -0.19944602,  0.03803171,  0.28608657,  0.25201094,  0.05729452, -0.02420855, -0.01404316, -0.10793549
  0.23891748, -0.29793268,  0.02170240,  0.16693042, -0.32944902, -0.01750478,  0.26464741, -0.03651519,  0.03398967,  0.05834577,  0.01451116,  0.08518238, -0.09311572, -0.03711193,  0.22784412,  0.05535086, -0.19029003, -0.06379705, -0.06822846, -0.21235341, -0.18751252, -0.05836783,  0.06999962,  0.18418965,  0.19629791,  0.05174855,  0.00031421, -0.07812686, -0.13711894,  0.06655911,  0.01137585,  0.05768654,  0.21927980, -0.14494004, -0.31943267, -0.09327093, -0.03207463,  0.11834508,  0.18347251,  0.08469262,  0.10458857,  0.11627359, -0.14627209, -0.14601176,  0.07740652,  0.10137762, -0.00096208,  0.01084307, -0.05443577, -0.07003179
 -0.07516992,  0.10109285,  0.00974513,  0.00544973,  0.06266115, -0.12430720, -0.11007034,  0.06291906,  0.00313167,  0.01745833,  0.09281636,  0.07360390,  0.02351351, -0.13206905, -0.17013981,  0.04827714,  0.20825170,  0.14751482,  0.06733208, -0.02058138, -0.15600558, -0.24263187, -0.20360798, -0.05175400,  0.15187199,  0.27541586,  0.17367468, -0.00987829, -0.18450601, -0.27695534, -0.09142548,  0.11588041,  0.22604249,  0.26297735,  0.02066338, -0.27141438, -0.29613936, -0.16621119,  0.05037392,  0.22468009,  0.18485835,  0.03749586, -0.03264272, -0.07105688, -0.04921960,  0.03970915,  0.08433093,  0.04364658,  0.00713145, -0.09132813
 -0.15724484,  0.22909888, -0.02314240, -0.13755149,  0.13880797, -0.08753125, -0.08701975,  0.19578396,  0.03144753,  0.00425514,  0.01547763, -0.15204472, -0.11114586, -0.11193150, -0.10409375,  0.14363461,  0.19610180, -0.07866933, -0.15841276, -0.06560394, -0.00052301,  0.10119067,  0.22642132,  0.24679283,  0.15795925,  0.02496369, -0.20758859, -0.24349449, -0.10674527, -0.03666799,  0.22662772,  0.20792032, -0.07199671, -0.06434661, -0.12669481, -0.15540989,  0.13301044,  0.25537537,  0.23057885,  0.12632377, -0.13786285, -0.29020296, -0.08483322,  0.02807474, -0.00802815,  0.00520423,  0.00825967, -0.05957208, -0.02480570, -0.03081200
  0.04655659, -0.11276817,  0.20782747, -0.01344177, -0.05522114,  0.07703876, -0.28785124, -0.24870765,  0.04305354,  0.13249872,  0.22571398,  0.17986911,  0.09501675,  0.10118653, -0.11208568, -0.10183945,  0.08148358,  0.14784708,  0.08787641, -0.03242717, -0.16499227, -0.21361028, -0.18791567, -0.00734854, -0.05590156, -0.03941493,  0.10977504, -0.02515642,  0.02898058,  0.01567230,  0.12598337,  0.16866196, -0.15321392, -0.36214520, -0.15419863, -0.06424498,  0.03616240, -0.00001576,  0.06379858,  0.02562815, -0.08353866, -0.21954262, -0.06541657,  0.16721972,  0.11598148,  0.01203431,  0.01907400, -0.04721145,  0.08044479,  0.36909984
 -0.03805052,  0.19797575, -0.26530092,  0.19915150, -0.07623416, -0.24815194,  0.27516914, -0.11346955, -0.10552602,  0.36999952, -0.08844918, -0.08753367,  0.15489925, -0.10819197, -0.04402435,  0.09985077,  0.01154774,  0.05393111,  0.09186976, -0.04053109, -0.16360917, -0.06856127, -0.00250052, -0.10878378,  0.07648803, -0.01832633, -0.04159477,  0.18680051, -0.23710185, -0.06748296,  0.24853140, -0.14533009, -0.07629553, -0.03714553, -0.12107879,  0.20935288,  0.04515901, -0.15408832, -0.04897473,  0.11076504, -0.22623213, -0.09096653,  0.18012171,  0.15474011,  0.04172758,  0.02195382, -0.06814994,  0.05633467,  0.08525049,  0.00151082
 -0.04956519,  0.15005958, -0.13241004, -0.02538627,  0.22631833, -0.17414344,  0.03003218,  0.05905908, -0.30817195, -0.01470291,  0.19534974,  0.02191523,  0.12576347,  0.17587537,  0.06228863, -0.14752284, -0.20504468, -0.10938819,  0.01179426,  0.11873601,  0.04221779, -0.03713393,  0.03233894, -0.17727560, -0.07034296,  0.03747572, -0.10526614,  0.24858406,  0.17951993, -0.09363282, -0.01172095,  0.06445513,  0.01618700, -0.05424515, -0.28834244, -0.09042976,  0.15186659,  0.10426945, -0.13043733,  0.15772645,  0.27646445, -0.09560900, -0.30911004, -0.12408448,  0.16587001,  0.17977982, -0.05707259, -0.00772601,  0.04656244, -0.06411205
  0.07072092, -0.00349178, -0.07767688, -0.19912558,  0.06000925,  0.15212139,  0.05220958,  0.12275784, -0.05625670, -0.04742487,  0.04364509, -0.11375358, -0.08888958, -0.04130853, -0.02456079,  0.11310069, -0.01769034,  0.04274564,  0.16034480,  0.07082230, -0.15531385, -0.26652257,  0.05183204,  0.21719069,  0.09846839,  0.08156588, -0.08285545, -0.11067869, -0.10948005, -0.20716671,  0.05731974,  0.10166209,  0.06912623,  0.03590871, -0.05968925,  0.10007299,  0.23766242, -0.03089134, -0.36102644, -0.28531330,  0.10511548,  0.24838988,  0.08739294,  0.00824533,  0.03146932,  0.09098645, -0.21228868, -0.30399677,  0.11585224,  0.22401514
  0.00936958,  0.10753536,  0.03017655, -0.12520792, -0.19658916, -0.04866296,  0.07666242,  0.09899909,  0.11995811,  0.09245214,  0.05355782,  0.06247799, -0.01101966, -0.08858372, -0.11588555, -0.10108359, -0.10445375, -0.12253236, -0.00352361,  0.16570941,  0.12099828, -0.11636984, -0.22205841, -0.08867929,  0.10719640,  0.19911947,  0.20111633,  0.14938235,  0.02791158, -0.12968876, -0.18620707, -0.12601249, -0.01573102,  0.03483163, -0.02059781, -0.02197789,  0.18178127,  0.36241653,  0.14286094, -0.20879681, -0.28017839, -0.03870329,  0.09931770,  0.06580764,  0.09332985,  0.22958191,  0.12740878, -0.20083889, -0.29062407, -0.07436425
  0.05868729, -0.03300465, -0.18816144,  0.12787989,  0.09752598, -0.05950072,  0.11252417, -0.09501549,  0.09231209, -0.06790717, -0.03943627,  0.08860588, -0.23551586,  0.00043446, -0.09257773, -0.34213612,  0.10656694,  0.00782752,  0.05520906,  0.11057714, -0.05891768,  0.16017483, -0.04070748,  0.09736328,  0.30293881, -0.00743994,  0.13596512,  0.02304416, -0.10218985,  0.02788999, -0.21097791,  0.16499416,  0.07437886, -0.05467443,  0.13410050,  0.12263690,  0.23055613, -0.03585528, -0.14203980,  0.14607033,  0.11465582, -0.19948648, -0.05937366,  0.09377488,  0.15805191, -0.32912830, -0.19170116,  0.01718599, -0.26500593,  0.03519703
 -0.11947526,  0.14319769, -0.00677351,  0.04133647, -0.08651654, -0.04342979,  0.24272584, -0.17973321, -0.04174166, -0.01793015, -0.13764306,  0.12625115, -0.05463836,  0.15870688,  0.11998192,  0.03336089,  0.33008381, -0.21830338, -0.15462169,  0.22031409, -0.09313003,  0.01119620, -0.11217981, -0.05525797,  0.09934428, -0.30382493, -0.13712717,  0.08907319, -0.03497808,  0.00394589,  0.00103047,  0.15709717, -0.03790776, -0.02703136,  0.04941322, -0.31370818, -0.09626549,  0.10841381, -0.15636313, -0.06669711,  0.02087880,  0.12477827,  0.14077465, -0.20586966, -0.06102193,  0.09743087,  0.17245944,  0.00958568, -0.08373631,  0.30447454
 -0.01776869,  0.06779539, -0.11374584,  0.14392611, -0.18586856,  0.10515468,  0.03652690, -0.06980495,  0.14109511, -0.21510542,  0.20127998, -0.12466940, -0.01722839,  0.14872103, -0.11846329,  0.14812333,  0.06219727, -0.35676472,  0.27545709, -0.17805417,  0.06756396,  0.06632572, -0.13255113,  0.14086556, -0.13742672, -0.07220741,  0.11989831,  0.00319149,  0.00246322,  0.01515314, -0.07846507,  0.12093281, -0.20806353,  0.26283610, -0.22512445,  0.05390319,  0.06546664, -0.08482837, -0.11321211,  0.25172140, -0.11395909,  0.05115888, -0.05907414,  0.02195255,  0.06329215, -0.09063450,  0.22819502, -0.18901113,  0.08954754, -0.05617811
 -0.04698303,  0.09100737, -0.00609865, -0.04605865,  0.00594600,  0.10695213, -0.12730062, -0.18177242,  0.19503857,  0.09710185, -0.15223981,  0.09789658,  0.07931381, -0.14900651,  0.00829453,  0.04553249, -0.10722156, -0.00849477,  0.27079462, -0.11833421, -0.19714281,  0.22040468, -0.04229243, -0.10667668,  0.08409633, -0.02864822,  0.04657343,  0.02877786, -0.12737263,  0.04603823,  0.18064844, -0.10821153, -0.20910600,  0.18811328,  0.11206621, -0.29936066,  0.04677842,  0.31762306, -0.10300050, -0.18820192,  0.12358207,  0.09660314, -0.22682473, -0.04365710,  0.24984434, -0.08272443, -0.14828866,  0.11266963,  0.12615969, -0.12025036
 -0.00415077,  0.03012118, -0.00333831, -0.03060866,  0.00498127, -0.04003319, -0.06338075,  0.13316055,  0.02004196, -0.06544918,  0.02241978,  0.10185814, -0.11958008, -0.00219352,  0.18603075, -0.07430622, -0.02541494,  0.26050878, -0.23010872, -0.15665966,  0.29088401, -0.14660585, -0.21313244,  0.22924285, -0.01792226, -0.29312685,  0.14800167,  0.10481461, -0.22811773,  0.07023571,  0.21050729, -0.29506152,  0.00870308,  0.20599977, -0.15288353, -0.15083652,  0.19645915,  0.00037493, -0.21027060,  0.03451286,  0.11458806, -0.09781202, -0.01927065,  0.15700257, -0.07567923,  0.00789787,  0.11118395,  0.06779220, -0.05213771,  0.03694110
 -0.01511541,  0.02500345,  0.01165471, -0.01388521, -0.01797833, -0.00094393,  0.04297725, -0.08410083, -0.01792633,  0.13054769, -0.00998298, -0.08585654,  0.01260232,  0.12300741, -0.08951788, -0.07939148,  0.20376837, -0.14860767, -0.09847441,  0.30454311, -0.17835047, -0.18109002,  0.28822047,  0.01560658, -0.35514070,  0.12711572,  0.31807851, -0.28098848, -0.14966323,  0.34904881, -0.05203496, -0.25993053,  0.13406534,  0.10579867, -0.09566776, -0.10307257,  0.10362195,  0.04332271, -0.06296365,  0.01687271,  0.04036567, -0.05167601, -0.02385879, -0.00969947,  0.07928952,  0.00023257, -0.04513610,  0.04189690,  0.03714593, -0.04493709
 -0.00744613,  0.05591490,  0.01163871, -0.06952225, -0.03636863, -0.01014179, -0.07664907,  0.04713511,  0.16937696,  0.01463525, -0.15950775,  0.13652802,  0.06308859, -0.06409355,  0.00432592,  0.18325891,  0.04443113,  0.01533582,  0.04957969, -0.15364930, -0.14808164,  0.14456186, -0.06545143, -0.27914496,  0.09532302,  0.14574490, -0.24577372, -0.22382528,  0.25818956,  0.10911744, -0.21314745, -0.13922744,  0.24041365, -0.01720049, -0.27196119, -0.05326607,  0.27936755, -0.08624883, -0.27297932,  0.04763572,  0.04428299, -0.10107168,  0.08020985,  0.18255464, -0.11354703,  0.01509194,  0.20143951,  0.12265895, -0.06882115,  0.08686183
 -0.02829685,  0.06847433, -0.11327043,  0.13982726, -0.10351326,  0.12527937, -0.15050180,  0.14486719, -0.16061715,  0.11439325, -0.12155720,  0.12498300, -0.12094622,  0.09942937, -0.04147510, -0.09445462,  0.12572050, -0.11365695,  0.11916837, -0.10604273,  0.15559882, -0.15261320,  0.15139132, -0.12333688,  0.15330091, -0.14378306,  0.17272781, -0.19721875,  0.17578329, -0.12466896,  0.08238383, -0.02857008,  0.05300981, -0.05238109,  0.01834129,  0.05846450, -0.13059101,  0.16826300, -0.14325581,  0.16607888, -0.22677981,  0.28899728, -0.28571748,  0.20427661, -0.16986479,  0.12765176, -0.19641193,  0.15756092, -0.09948184,  0.03676768
 -0.05915464,  0.13717137, -0.09050764,  0.02999805,  0.04628929, -0.01848938, -0.11841796, -0.03415596,  0.08593092, -0.02515548,  0.04768885, -0.00067139,  0.10723479, -0.11751066,  0.15895993, -0.39719204,  0.24623641,  0.21625114, -0.07317475, -0.09475052,  0.08589590, -0.07078164, -0.08504587, -0.01810376,  0.12916777,  0.02539670, -0.13035049, -0.09271724, -0.01597137,  0.24462639, -0.18581503,  0.07185416, -0.00418465,  0.03648250, -0.26985641,  0.23261280, -0.13625056,  0.19569497, -0.07240758, -0.05456349, -0.17994850,  0.16402772,  0.10505473, -0.24813263,  0.11989579, -0.01187285, -0.00819780, -0.05670731,  0.30003626, -0.12179320
 -0.13141691,  0.06369067,  0.07854421, -0.06095754,  0.09657989,  0.21657183, -0.04813881, -0.15877630, -0.11859874, -0.09254205, -0.13462421,  0.10260388, -0.04523125, -0.00403599,  0.19945594, -0.16458056, -0.28682400, -0.00239305,  0.21309837,  0.09885469,  0.01240162,  0.20961436,  0.02546830, -0.10134108,  0.09439829,  0.05424472,  0.14269603, -0.05272231, -0.13363126,  0.06307726,  0.12819671, -0.03275626,  0.16847166,  0.10763941, -0.09397725, -0.10631201,  0.02106810, -0.04809128,  0.10271224,  0.28981628, -0.17127812, -0.12011884,  0.20879241, -0.13676849, -0.28220400,  0.10342293, -0.13581431, -0.32015376,  0.06285347,  0.13897349
 -0.01716239,  0.12730765, -0.04881837, -0.14382457,  0.08808393, -0.04737267, -0.13074895,  0.07422668,  0.15042653,  0.02925440,  0.00680185,  0.15974728, -0.24255670,  0.08074472, -0.02236570,  0.11822420,  0.08378184, -0.09376540, -0.02811080, -0.02580171, -0.13974174,  0.13782987, -0.21089200,  0.13877051, -0.05307193, -0.22024752,  0.11152313,  0.04834780,  0.06327709, -0.03298154, -0.06020170, -0.14246079,  0.17336342, -0.24179249,  0.07947355,  0.01141909,  0.18444133, -0.30250882,  0.12297005,  0.07115151, -0.16807299,  0.10990870,  0.02175142, -0.22058590,  0.21943876,  0.30149152, -0.19532584,  0.07681624,  0.18229673, -0.19450096
  0.03318794,  0.00847389,  0.01239445, -0.10269743, -0.02481870,  0.08749470, -0.16257782,  0.08496818,  0.16022492,  0.00900521, -0.08495471,  0.17586763,  0.00215064, -0.46327751,  0.35504017,  0.09638970,  0.01626353, -0.18945760, -0.05911705,  0.17047953, -0.15510059, -0.14388841,  0.23857552, -0.02307651, -0.07716915, -0.18755128,  0.12487259,  0.16531781, -0.00654250, -0.08998960, -0.10598773,  0.09465828, -0.10229979, -0.04649873,  0.02697848,  0.23042072, -0.15110254,  0.01810506, -0.16990738,  0.19043309,  0.09558441, -0.19517121, -0.02638396,  0.08175559,  0.05570008,  0.06912366,  0.12493343, -0.10267638,  0.01443657, -0.07364102
  0.13494074, -0.09632992, -0.07706315,  0.02733630, -0.01611428, -0.17042090,  0.01646054,  0.25363543,  0.04174545, -0.13151619,  0.26524114,  0.03757174, -0.39209857,  0.23916133,  0.24983478, -0.20213918,  0.05419162,  0.07424883,  0.05918666, -0.09842142, -0.31736549,  0.10474969,  0.11361382, -0.26044603, -0.09058153,  0.16258646, -0.05671099, -0.03529507, -0.07322761, -0.07659825,  0.11200023, -0.05675432, -0.20442390,  0.03337547,  0.15995402, -0.08604690, -0.06843992,  0.07105402, -0.08765245, -0.01445769, -0.11070785, -0.05398956,  0.15608985,  0.13065375, -0.01109310,  0.09863292,  0.12115112, -0.01048133,  0.10120010, -0.04156810
  0.10350007, -0.22282054,  0.19096461, -0.04268698, -0.12621082,  0.15938693, -0.12377788,  0.12038407, -0.15990574,  0.10014971,  0.24752591, -0.28263318,  0.11531472, -0.01716962, -0.19754524, -0.00455793,  0.16383344, -0.02674923, -0.06260472, -0.00935978, -0.11518369,  0.13180802,  0.07044462, -0.21201589,  0.39455705, -0.29431651,  0.05481107,  0.10028825, -0.06153199,  0.13862664, -0.07403218, -0.05230496, -0.12701426,  0.17046585, -0.02170067,  0.03816990,  0.10039937, -0.05682990, -0.04316937,  0.02566594,  0.11432234, -0.11669969,  0.10099813, -0.10812611, -0.09126670,  0.24171187, -0.11445870,  0.02475812, -0.03633091, -0.09379917
 -0.06477245,  0.12516584, -0.13685989,  0.22398116, -0.20990921,  0.19838101, -0.06139735, -0.23781874,  0.16242139, -0.13953401,  0.13414650,  0.12322929, -0.07711140, -0.08420589, -0.15844900, -0.07200168,  0.08106610,  0.08951351, -0.05380454,  0.02393034,  0.07462437, -0.18560339,  0.25508919, -0.02427118,  0.03811232,  0.13035255, -0.28745780,  0.25954769, -0.05323977,  0.11346141,  0.02299036, -0.08821231,  0.03180997, -0.13342041,  0.21721836, -0.12470094,  0.23170029, -0.10261824,  0.04501311,  0.00886037,  0.07271997,  0.03988359, -0.15456288,  0.03414609, -0.24594232,  0.15213855,  0.04622284, -0.15326030,  0.10593343, -0.16931132
 -0.03364989,  0.12614585, -0.18202357,  0.11317483, -0.08939539,  0.08099272, -0.17180332,  0.17375328,  0.18449820, -0.13458731, -0.10691318, -0.11650051,  0.01623313,  0.18905005,  0.17226293,  0.14881955, -0.15618773, -0.03123642, -0.06294472,  0.04641503,  0.13022710, -0.15352163,  0.07082999, -0.27155845,  0.03009817, -0.03226083,  0.03811250,  0.07544127, -0.26831004,  0.08766029, -0.23875170,  0.27749949, -0.00824462,  0.05721022, -0.13522060, -0.13581740,  0.01497230, -0.15032116,  0.22167597, -0.19093640, -0.02307483, -0.06581554,  0.05984796,  0.15660966,  0.11284510,  0.00929668, -0.26109699,  0.18838365,  0.05339528,  0.15307449
 -0.04384021,  0.08915843, -0.05802038,  0.05994145, -0.07959065,  0.12279221, -0.12355620,  0.09120963, -0.25624388,  0.23479684, -0.13767723,  0.34610114, -0.29190574,  0.08292266, -0.21953574,  0.14858769, -0.15962264,  0.23035996, -0.06821614,  0.05739151, -0.15241066,  0.08426206, -0.02285013,  0.16425302, -0.13541175,  0.09997364, -0.09925208,  0.05912676, -0.05200286,  0.21066800, -0.17306477,  0.16856547, -0.29616767,  0.20792300, -0.11297743,  0.16900958, -0.05022220,  0.02245816, -0.01037661,  0.00039894,  0.04020680,  0.00482938,  0.00315710, -0.11993933, -0.05973688,  0.09893374,  0.03283145,  0.03190724, -0.13383525,  0.00442369
 -0.02662752,  0.07321041, -0.00923673, -0.09953536,  0.15683790, -0.16921081,  0.20383214, -0.34669171,  0.19658604,  0.00911339,  0.11836984,  0.06176389, -0.22756189, -0.01366730, -0.05744808,  0.14252802, -0.09928877,  0.20814231, -0.00966304, -0.21225541,  0.15550395, -0.19957478,  0.32787456, -0.20849003,  0.10404942, -0.16021291,  0.16416489, -0.19666929,  0.21904076, -0.04843407, -0.04596444, -0.00932637, -0.14717238,  0.18072451, -0.02244689,  0.05764973, -0.01112583, -0.07705511,  0.06439484, -0.03185738,  0.04225754, -0.05817852,  0.03283343, -0.19757605,  0.11782096,  0.11837510, -0.00213401, -0.05586155, -0.11213790,  0.10304163
 -0.02701230,  0.04356007, -0.07683382,  0.13432128, -0.11621248,  0.08830905, -0.04303739, -0.03421305,  0.18048411, -0.25483549,  0.04381818, -0.00819921,  0.02868343,  0.15658341, -0.18555852,  0.14080830, -0.22161891,  0.22507794, -0.35107137,  0.41887477, -0.20855892,  0.08850508, -0.04099807, -0.07331259,  0.16365598, -0.11064365,  0.09850975, -0.10231418,  0.14426406, -0.21255634,  0.21053365, -0.06875742,  0.05806212,  0.01434290, -0.15849587,  0.12358359, -0.09814632,  0.12659005, -0.06914694,  0.05475187, -0.04476011,  0.03884408, -0.00227422,  0.01877294,  0.02478129, -0.15283982,  0.03423445, -0.01130077,  0.13476342, -0.11906068
 -0.06537383,  0.04958501,  0.08555469, -0.08990196,  0.05049743, -0.08737164,  0.08024813,  0.12610106, -0.07768258, -0.35588532,  0.04813604,  0.31435267,  0.14799978, -0.04594688, -0.11312499, -0.07030436, -0.08656475, -0.11438118,  0.30021960,  0.07165325, -0.08294064, -0.24242013,  0.07888168,  0.01400590,  0.11148763, -0.09316203,  0.06738392, -0.08600673, -0.10043453,  0.10847601,  0.16308805,  0.07183406, -0.14513302, -0.13895384, -0.09587964,  0.07637906,  0.14499995, -0.04654611,  0.07569999, -0.11542062,  0.01052147,  0.06097767,  0.20685945, -0.12064649, -0.16301123, -0.09508680,  0.10969522,  0.36465739, -0.08693608, -0.21954054
  0.10225191, -0.24382297,  0.20902048, -0.10441613,  0.05324778, -0.03419908,  0.00045711, -0.00507714,  0.10056018,  0.10950492, -0.35838837,  0.19503281, -0.16503484,  0.31874990, -0.21886067,  0.02741096,  0.10017738, -0.19400953,  0.01214849, -0.03817724,  0.23562131, -0.17701288,  0.06937059, -0.09851614,  0.09948082,  0.05117875, -0.12349124,  0.17983027, -0.07305953, -0.10011914,  0.07408368, -0.00608701,  0.05421719,  0.04025958, -0.10450547,  0.05759987, -0.06364383,  0.10796197, -0.07060428,  0.03869585,  0.06950206, -0.18487431,  0.15102114,  0.00948840,  0.05861890, -0.11543305, -0.04045941, -0.10639520,  0.31345551, -0.20710190
  0.01108520, -0.03780691,  0.01233502,  0.05665023, -0.07326574,  0.06062546,  0.02908763, -0.15099386,  0.15112899, -0.03973872, -0.07331343,  0.05650904, -0.01609019, -0.05349823,  0.12900143, -0.24369691,  0.24842176, -0.13855754, -0.03854015,  0.09194245, -0.04208119,  0.08509858, -0.09267229,  0.11855509, -0.11110434,  0.13646580, -0.08203725, -0.03302351,  0.21616465, -0.27472585,  0.19018406, -0.01899288, -0.15420808,  0.30154982, -0.26774630,  0.13388607,  0.03389388, -0.15362648,  0.21206773, -0.17756940,  0.16733709, -0.10656881, -0.00169761,  0.07397894, -0.15209388,  0.20627135, -0.28005803,  0.17418420, -0.07315643, -0.00386689
  0.07694209, -0.16525071,  0.15736678, -0.14361856,  0.15457507, -0.23303048,  0.23194286, -0.13174694,  0.13369584, -0.02372548, -0.07988627, -0.02043600,  0.12691364, -0.02420670, -0.00002306,  0.01320411, -0.09752443,  0.10578861, -0.14387212,  0.10825972, -0.03384042,  0.00040908, -0.08916194,  0.06590320, -0.02386277,  0.01076123,  0.03178218, -0.03243467, -0.03547225,  0.08557767, -0.19489006,  0.29219944, -0.22925093,  0.05885763,  0.04837410, -0.13936667,  0.13285722,  0.01640996, -0.13804198,  0.19500444, -0.21486895,  0.17144132, -0.14527304,  0.27614048, -0.27041763,  0.20855374, -0.16017134,  0.05824900,  0.17388552, -0.16451458
  0.00429548,  0.01832837, -0.06615926,  0.06305281, -0.03498111, -0.02248970,  0.03345045,  0.11877756, -0.21921776,  0.21068004, -0.18117996,  0.08869219,  0.01939997, -0.01847078,  0.10573842, -0.14567740,  0.03065185,  0.01408639, -0.05403070,  0.04626885, -0.03653627,  0.01595699,  0.00388864, -0.08936648,  0.14438622, -0.14670027,  0.18330332, -0.19911294,  0.15035891, -0.06062679, -0.02192883,  0.11015953, -0.12503102,  0.04651267,  0.01113353, -0.12303746,  0.23773888, -0.27170044,  0.26720131, -0.21718032,  0.09993776,  0.07861362, -0.12902826,  0.12375386, -0.00612098, -0.17172015,  0.30475813, -0.30605128,  0.26374192, -0.14850725
 -0.02328810, -0.02608547,  0.17070178, -0.24378768,  0.21628037, -0.06220083, -0.02614150, -0.05009146,  0.04658247, -0.06186428,  0.06279956,  0.03956217, -0.12815623,  0.02406334, -0.01180073,  0.00317226,  0.09139427, -0.06106864, -0.00326147,  0.10289289, -0.12467528,  0.07577946,  0.08922986, -0.13180353,  0.10699616, -0.02681232, -0.13673974,  0.25333268, -0.22222120,  0.10893931,  0.04603655, -0.15634075,  0.08742295,  0.13099128, -0.21923128,  0.20290186, -0.07391692, -0.14535514,  0.21241453, -0.06613517, -0.15399212,  0.32041022, -0.37451595,  0.16819154,  0.01944291, -0.13880847,  0.14158473, -0.06768701, -0.14421694,  0.15948782
 -0.06319292,  0.15286347, -0.12386815,  0.01346829,  0.10182645, -0.13787433,  0.08467470, -0.06982979,  0.04325734, -0.04700263,  0.06721613, -0.00190394, -0.06257832,  0.08605675, -0.08879292,  0.07857763, -0.01208895, -0.06313298,  0.14676192, -0.07609243, -0.05675611,  0.12926385, -0.13887970,  0.06032739,  0.04178543, -0.15530537,  0.15113204, -0.06059951, -0.08720559,  0.16818599, -0.10961381, -0.03057512,  0.15305858, -0.15579422, -0.01895655,  0.20287475, -0.29454194,  0.19612353,  0.06220463, -0.29073055,  0.32211764, -0.18035193, -0.07538403,  0.26179137, -0.31825600,  0.21763556,  0.00466756, -0.13803072,  0.15241262, -0.04336001
