 -0.03221465, -0.03692950, -0.04180147, -0.04697457, -0.05242930, -0.05771211, -0.06301473, -0.06815340, -0.07311073, -0.07795414, -0.08265060, -0.08728780, -0.09187304, -0.09632494, -0.10081597, -0.10518335, -0.10991104, -0.11475196, -0.11934520, -0.12347269, -0.12771194, -0.13163019, -0.13514475, -0.13787091, -0.14033827, -0.14259339, -0.14516855, -0.14797796, -0.15072373, -0.15369239, -0.15629904, -0.15883849, -0.16157177, -0.16447539, -0.16728263, -0.17010459, -0.17273490, -0.17529347, -0.17778203, -0.18058732, -0.18316574, -0.18549418, -0.18759765, -0.18997578, -0.19225883, -0.19462730, -0.19714100, -0.19932619, -0.20143908, -0.20339300
  0.15775157,  0.17522605,  0.19466171,  0.21380673,  0.23034695,  0.24275589,  0.25109295,  0.25353395,  0.24987184,  0.24258754,  0.23247276,  0.21993442,  0.20528928,  0.18929320,  0.17259582,  0.15551947,  0.13942656,  0.12459918,  0.11058565,  0.09720785,  0.08478671,  0.07293089,  0.06096103,  0.04851960,  0.03684382,  0.02526056,  0.01451752,  0.00436948, -0.00513564, -0.01388993, -0.02289147, -0.03146610, -0.03955329, -0.04705177, -0.05386473, -0.06015749, -0.06711198, -0.07392563, -0.08076421, -0.08738733, -0.09409669, -0.10093432, -0.10792049, -0.11426066, -0.12046828, -0.12642026, -0.13166763, -0.13699992, -0.14226807, -0.14711929
  0.39110029,  0.41002062,  0.38595438,  0.33011268,  0.25628818,  0.17170518,  0.08269950,  0.00650626, -0.04985390, -0.09814713, -0.13925171, -0.16968514, -0.18651923, -0.19163047, -0.18472024, -0.16842536, -0.14749563, -0.12736590, -0.10956977, -0.09610840, -0.08372864, -0.07423319, -0.06377642, -0.05432908, -0.04919335, -0.04315508, -0.03615234, -0.02731773, -0.02000745, -0.01219175, -0.00326048,  0.00493866,  0.01386581,  0.02128934,  0.02294056,  0.02111913,  0.02227694,  0.02248001,  0.02326110,  0.02728397,  0.03113138,  0.03510106,  0.03990457,  0.04550544,  0.05183867,  0.05972419,  0.06648722,  0.07258118,  0.07942735,  0.08329537
 -0.58657809, -0.28474314, -0.03544761,  0.13977894,  0.25427189,  0.30130434,  0.25922878,  0.20143560,  0.18639039,  0.15829019,  0.10202554,  0.02748670, -0.04547368, -0.11473524, -0.16258260, -0.17543479, -0.16200028, -0.14054240, -0.11540400, -0.09821230, -0.08198657, -0.07959620, -0.06993733, -0.05263348, -0.05725630, -0.05947073, -0.06015222, -0.05212129, -0.05374707, -0.05641953, -0.04403173, -0.02748815,  0.00314882,  0.04223763,  0.06004522,  0.05271198,  0.05693000,  0.05010813,  0.03794102,  0.03392977,  0.02876427,  0.02356978,  0.02293209,  0.02129420,  0.02257225,  0.03451695,  0.04198876,  0.05104865,  0.06974849,  0.07759749
 -0.03118749, -0.03551841, -0.02442782, -0.00144663,  0.02261866,  0.03789641,  0.04233163,  0.02497411, -0.00748420, -0.03066214, -0.03645621, -0.02585709, -0.00476351,  0.02036013,  0.04243856,  0.05489479,  0.06074059,  0.05497506,  0.03142033, -0.00812837, -0.05490705, -0.10437549, -0.14906099, -0.17714475, -0.16927504, -0.12448361, -0.04103447,  0.06487062,  0.17286996,  0.26221793,  0.30885322,  0.30854494,  0.26289315,  0.18037349,  0.07427127, -0.04067564, -0.15368011, -0.24220927, -0.29349010, -0.29980611, -0.26662369, -0.20215397, -0.11877313, -0.02678526,  0.05440157,  0.11419753,  0.14644698,  0.14397164,  0.11418693,  0.06997052
  0.06456546,  0.01796705, -0.02744043, -0.04874170, -0.04779656, -0.03080943,  0.01668937,  0.04677138,  0.02271956, -0.01738668, -0.05166422, -0.06931688, -0.06950161, -0.05005512, -0.01701296,  0.01372676,  0.05300984,  0.09944788,  0.13731357,  0.15625179,  0.15801163,  0.13674344,  0.07872871, -0.02203575, -0.12613173, -0.22641154, -0.28940652, -0.30364785, -0.25909621, -0.15953044, -0.04483175,  0.07369717,  0.17658123,  0.24973991,  0.29259672,  0.30501767,  0.26260883,  0.18737009,  0.09212216, -0.00183742, -0.08508407, -0.14750565, -0.18541809, -0.18223468, -0.15135272, -0.10194370, -0.03656790,  0.01637515,  0.04516415,  0.05300940
 -0.15380825, -0.04818765,  0.04604531,  0.10965010,  0.13485402,  0.10181281,  0.03214466, -0.05154125, -0.11253890, -0.14541646, -0.15036564, -0.12248136, -0.07277688, -0.01547787,  0.05058530,  0.10954225,  0.17406267,  0.21713978,  0.21325752,  0.15466124,  0.09125116,  0.01038971, -0.07743901, -0.17127088, -0.22832592, -0.23900678, -0.18254238, -0.08524444, -0.00179010,  0.06470991,  0.07930206,  0.06251311,  0.03228597,  0.00240361, -0.03726297, -0.06622238, -0.07296141, -0.04154636,  0.02241178,  0.12191888,  0.20439275,  0.24663942,  0.24128515,  0.21379717,  0.14295461,  0.04581022, -0.06113750, -0.18346330, -0.27833198, -0.32878910
  0.05383350, -0.02760889, -0.07345853, -0.07212433, -0.03418626,  0.02585603,  0.08899606,  0.11325380,  0.08183578,  0.02601509, -0.03299393, -0.08064648, -0.10864486, -0.11177236, -0.09455772, -0.06278862, -0.01679552,  0.04829079,  0.12352798,  0.18966474,  0.23118568,  0.24929050,  0.23169134,  0.17438594,  0.08981247, -0.01296474, -0.11169114, -0.17796776, -0.19598172, -0.17915086, -0.14843356, -0.11924373, -0.10739796, -0.11328210, -0.12751453, -0.14987916, -0.18307340, -0.20646508, -0.20897781, -0.18119324, -0.11485904, -0.02331701,  0.07341645,  0.16261648,  0.23112046,  0.26150339,  0.25286932,  0.20028658,  0.10513504, -0.01115945
 -0.19759077,  0.11200975,  0.29146618,  0.16082572, -0.19040108, -0.39823771, -0.23232449,  0.07346717,  0.23574756,  0.25452807,  0.15326096, -0.01428891, -0.16218045, -0.18780654, -0.11531416, -0.00920084,  0.06241247,  0.05958484, -0.00996387, -0.04538133, -0.04467203, -0.02156565, -0.03594420, -0.02470164,  0.07933950,  0.16142382,  0.15326519,  0.01572728, -0.12979040, -0.16715973, -0.05993494,  0.12908135,  0.22896336,  0.19437623,  0.10817020,  0.03102912, -0.05713177, -0.08101294, -0.06030522, -0.06198347, -0.04841331,  0.00215349,  0.08019725,  0.13713004,  0.11911033,  0.02733276, -0.07032063, -0.13618884, -0.16678592, -0.12353901
  0.09400492,  0.10507287, -0.08832627, -0.30012415, -0.26516879,  0.04716611,  0.31309269,  0.35741710,  0.23654015,  0.03301263, -0.15087613, -0.23272990, -0.17387600, -0.04330050,  0.05727677,  0.09600368,  0.03598946, -0.06696947, -0.11592647, -0.08405920, -0.06109805, -0.05828210, -0.02734785,  0.06909809,  0.10035040,  0.04746703, -0.07471433, -0.14974795, -0.08843557,  0.05348181,  0.20603376,  0.22190901,  0.10838593, -0.03436045, -0.12264288, -0.15407800, -0.09303018, -0.00980259,  0.05261287,  0.07660275,  0.11031868,  0.14400767,  0.14067303,  0.03602141, -0.09137521, -0.16997477, -0.18124707, -0.09361239,  0.03980725,  0.14208535
 -0.22359399, -0.05345584,  0.25643725,  0.29026808, -0.02014941, -0.25570565, -0.12512898,  0.04593531,  0.03386756,  0.00134558, -0.03007833, -0.07396447, -0.08062537, -0.01119677,  0.07041763,  0.09790175,  0.14770872,  0.17882932,  0.11990914,  0.05174808,  0.06674834,  0.07447804, -0.01759216, -0.12987988, -0.10821276, -0.07267520, -0.01965057, -0.01551152, -0.03546267,  0.00590290,  0.05670395,  0.04511556, -0.09920602, -0.26477652, -0.29362666, -0.17619387, -0.06500073,  0.04066504,  0.09798780,  0.11332740,  0.07198629,  0.00288207, -0.08638046, -0.15159630, -0.21361736, -0.16122527,  0.04960527,  0.24795478,  0.31770461,  0.25497795
  0.21206153, -0.23932100, -0.30871820,  0.20369002,  0.35658735, -0.03676371, -0.17314306, -0.02288801, -0.04686364, -0.04187063,  0.04380039,  0.04575421, -0.00951770, -0.01201580, -0.00041449, -0.01984499, -0.05545013, -0.05401474, -0.00619729,  0.04042047,  0.02242320,  0.10410250,  0.13108700, -0.01232618, -0.06891460,  0.03768911,  0.07683281, -0.04020671, -0.07291098, -0.10445159, -0.07865728,  0.15442279,  0.29944177,  0.06822762, -0.15980409, -0.15858181, -0.09668606,  0.01338179,  0.07255117, -0.01511924, -0.10300246, -0.05248389,  0.09339972,  0.19178295,  0.11720160, -0.16063417, -0.33812229, -0.18373133,  0.10722207,  0.28117059
 -0.13976615,  0.06878373,  0.20127555, -0.02317427, -0.10672410,  0.09656729,  0.03390005, -0.17991985, -0.13308884, -0.02658695,  0.01516037,  0.07008158,  0.13365676,  0.09909594, -0.00807790, -0.05870692, -0.09094620, -0.09798110, -0.00649832,  0.16192958,  0.19331999, -0.01354157, -0.18176591, -0.05978120,  0.09756306,  0.12867116,  0.00198869, -0.11932776, -0.15062372, -0.01559974,  0.18881316,  0.12453993, -0.10696857, -0.18016320, -0.07755087,  0.08129018,  0.25492337,  0.18236295, -0.08954128, -0.33209760, -0.28312041,  0.03025795,  0.31878464,  0.25331928, -0.01985857, -0.18697642, -0.16031938,  0.00782908,  0.10919263, -0.00016217
  0.16021081, -0.01447992, -0.18007249,  0.01999842,  0.12363611, -0.09941884, -0.18090584, -0.00526835,  0.09837259,  0.13905287,  0.16616397,  0.12563320,  0.01507020, -0.08172003, -0.11603264, -0.07329965, -0.03218888,  0.04625916,  0.14299985,  0.08996000, -0.15419870, -0.19482440, -0.03549699,  0.05416795,  0.02936872, -0.03511221, -0.14371567, -0.15656827,  0.03970846,  0.11737543, -0.00929748, -0.07956170, -0.04750687, -0.00641383,  0.11163974,  0.18077646,  0.00104927, -0.23139841, -0.28873380, -0.12786954,  0.21395078,  0.40873114,  0.24591455, -0.08290714, -0.23360718, -0.19843551, -0.02367735,  0.16005010,  0.13191753,  0.01126578
 -0.09574123,  0.35898649,  0.03906174, -0.38166228,  0.04175160,  0.15444131, -0.20478001, -0.11918080,  0.08686159,  0.10062419,  0.17391376,  0.20761456,  0.05398845, -0.01520489, -0.00230696, -0.08313454,  0.03580256,  0.13218552, -0.00876183,  0.02155562,  0.10217650, -0.11161545, -0.16607832, -0.06274152, -0.14821356, -0.27485310,  0.03106734,  0.03621042, -0.21100290, -0.00691071,  0.03844203, -0.19738919, -0.02731584,  0.15174106, -0.09967371, -0.14412959, -0.04938106, -0.07312934,  0.01061162,  0.15803790,  0.03169929, -0.04295580,  0.03555408,  0.08618808,  0.05303195,  0.09095391, -0.00549987, -0.14673671,  0.06350123,  0.37130333
  0.04364453, -0.19968508,  0.26370798,  0.06737665, -0.26239269,  0.16412007,  0.15707704, -0.26868566, -0.20405548,  0.01348436,  0.04651000,  0.13640922,  0.19769039,  0.04412476,  0.00414314, -0.00163091, -0.10970959, -0.03044117, -0.00741537, -0.14088102,  0.00879842,  0.19150629,  0.02722367, -0.01910698,  0.08833869, -0.02123494, -0.16776923,  0.05316862, -0.04993210, -0.31690722,  0.02460801,  0.17046038,  0.03092024,  0.17133511,  0.21914975, -0.17148055, -0.25503362, -0.17655400, -0.12586974,  0.09086921,  0.24112858,  0.08867727,  0.00196152,  0.00179573, -0.07375205, -0.12455647, -0.01298448,  0.03600321, -0.01395310,  0.16919656
 -0.24510733,  0.12661139,  0.03612718, -0.01279045,  0.24174064,  0.09907303, -0.13016045, -0.11044252, -0.15273146, -0.16871453, -0.06844019, -0.05098138, -0.03792513,  0.10012328,  0.04154987,  0.01965435,  0.08638437, -0.12059904, -0.27454561,  0.09812335,  0.21244570,  0.00078060,  0.07553394,  0.27285651,  0.17185175,  0.11833508,  0.17874813, -0.12740152, -0.23165799,  0.07060802,  0.06988815,  0.05443771,  0.24455958,  0.16851825, -0.06931629, -0.03048030, -0.12707160, -0.20254213,  0.03068314,  0.06176926, -0.00059510,  0.10567367,  0.05101309, -0.27791728, -0.27115545,  0.02143472,  0.08468603,  0.03540122,  0.01452140, -0.17990464
  0.00141691,  0.11097222,  0.02099719, -0.02857963, -0.12915976, -0.01476351,  0.04828090, -0.21084854, -0.04452435,  0.30879619,  0.14147345, -0.01315479,  0.20458497,  0.05737015, -0.24067322, -0.00388850,  0.01928700, -0.28038983,  0.00177554,  0.26290549, -0.08273469, -0.13794525,  0.17081003, -0.02782257, -0.22074076,  0.01271103, -0.08477504, -0.23868598,  0.05203605,  0.10916472, -0.01356226,  0.18603874,  0.08583096, -0.16994768, -0.03760714, -0.04142609, -0.21256762,  0.05764826,  0.27845507,  0.01984902, -0.00284417,  0.12320679, -0.13461421, -0.17064211,  0.19809672,  0.17993100, -0.12244720,  0.01878916,  0.10036347, -0.10218330
  0.04066335, -0.09472001,  0.05098546,  0.12752560, -0.17812796, -0.14571043,  0.33832553,  0.11884727, -0.29940999, -0.02825005,  0.16022659, -0.14761618, -0.03823661,  0.24779414, -0.02242996, -0.16375203,  0.22438595,  0.12683407, -0.11770909, -0.00472082,  0.06939780, -0.19904440, -0.00962323,  0.11856651, -0.17698280, -0.11361719,  0.13593171,  0.07705942, -0.02495767, -0.01868690, -0.20968839, -0.12733738,  0.05110815, -0.05206591,  0.03309424,  0.23500743,  0.01400214, -0.22558439, -0.04378393,  0.06554415, -0.13740523,  0.04930788,  0.17100345, -0.01218403, -0.03260606,  0.13671780, -0.08216810, -0.21144097,  0.17199916,  0.14740056
 -0.15131412,  0.12339868,  0.01834795, -0.14657149,  0.07377728,  0.22417602,  0.02692946, -0.10538740,  0.03232213, -0.02558580, -0.29720282, -0.17645293,  0.05193139, -0.05645403, -0.03889467,  0.25093381,  0.25404703,  0.08656034,  0.10439957, -0.00766301, -0.22232674, -0.00802179,  0.17407893, -0.13387992, -0.12681219,  0.17690984,  0.30061202,  0.09408491, -0.06591255, -0.14106776, -0.19656681, -0.12372830, -0.09081477,  0.05341249,  0.21507223,  0.11546182, -0.12690741, -0.04619118, -0.03565267, -0.17636448, -0.03887336,  0.10009358, -0.04878110,  0.02126132,  0.09163879, -0.16077084, -0.22210892,  0.12377577,  0.19573095,  0.05123360
 -0.11638395, -0.03639021,  0.14299982,  0.01518455, -0.02584802,  0.10368778, -0.07401837, -0.02562918,  0.02269793, -0.06105282, -0.10361231, -0.09673279, -0.11495184, -0.09513702,  0.10063427,  0.14907560, -0.15994521, -0.11061813,  0.16115249,  0.38924688, -0.02927191, -0.20616825, -0.01783076,  0.29147719,  0.19776215, -0.16640752, -0.05175214,  0.23582788,  0.19755911, -0.17242268, -0.05891951,  0.06867522,  0.07653982, -0.07955481, -0.11221539,  0.06298489,  0.15006038, -0.03661873, -0.15202928, -0.13280242,  0.11368471,  0.04401874, -0.12398397, -0.20914308,  0.10374364,  0.12618298, -0.16712623, -0.18416258, -0.08096103,  0.24402047
  0.03732188, -0.06627891,  0.01626176, -0.06635626,  0.04224752,  0.10998608, -0.11368799, -0.11380253,  0.07454851,  0.18113332,  0.03776850, -0.17989852, -0.16641113,  0.08642402,  0.06126108, -0.21963178, -0.22260055,  0.09822619,  0.10944907,  0.02868819, -0.08763162,  0.05744140,  0.17592549,  0.19022666, -0.11485143, -0.11986186,  0.16944546,  0.17997027, -0.15711635, -0.03252889,  0.34458702,  0.18865401, -0.16900604, -0.20073196,  0.07328489,  0.23682840, -0.02841418, -0.25902719,  0.07120162,  0.22289112, -0.00737868, -0.22935997,  0.01546380,  0.05449285,  0.03060204, -0.15709324, -0.08031323,  0.04438761,  0.02746768, -0.16734383
  0.03645838,  0.06611218, -0.11897857, -0.09097976,  0.03623398,  0.07967587,  0.13382532, -0.10904288, -0.21002486,  0.06470821,  0.33161284,  0.13897360, -0.30077324, -0.29778148,  0.04838141,  0.24097784,  0.14645623, -0.09545770, -0.13684158, -0.11970131,  0.11308692,  0.14905595,  0.00524506, -0.16391092, -0.11981991,  0.06736262,  0.11052516,  0.04743739, -0.08066312, -0.07809579, -0.00087875,  0.19886163,  0.04218971, -0.21095801, -0.15532881,  0.14595482,  0.23886481, -0.03734776, -0.24599211,  0.01861328,  0.21412266,  0.05390067, -0.18075539, -0.02512032,  0.04996128,  0.03318617,  0.00668219, -0.01039163,  0.05405797, -0.08060116
  0.02634812, -0.05726257,  0.07049124, -0.11245137, -0.09589543,  0.09139727,  0.03896776,  0.06791090, -0.02156500, -0.09389581, -0.00649609,  0.16385465,  0.07567520, -0.30633782, -0.45115729, -0.19987423,  0.11690166,  0.21680930, -0.00751510, -0.00842375, -0.00477752,  0.19606101,  0.25109773,  0.13401779, -0.13053467, -0.15547455,  0.12998227,  0.27417503,  0.13076340,  0.03466936,  0.10861981,  0.05608770,  0.09189044,  0.00709524, -0.14152158, -0.09248160,  0.05787227,  0.14541921,  0.07700612, -0.17004958, -0.11084025,  0.10506807,  0.14501501, -0.20056933, -0.15954595, -0.07788250, -0.00557176, -0.03968622, -0.11319456, -0.04196440
  0.09912994, -0.16991321, -0.04476617,  0.04263019, -0.02966819,  0.11670265, -0.00252190, -0.10348326,  0.00424405,  0.23121582,  0.04301134, -0.25656635, -0.17821234, -0.19461735, -0.14135215,  0.00507556,  0.04757733, -0.03304050, -0.03831255,  0.25379029,  0.38658366,  0.12765140, -0.15371993, -0.25075696,  0.11929931,  0.19034043,  0.09622209,  0.01298067,  0.18693920,  0.18766151,  0.11646484, -0.20274602, -0.17905833,  0.07798443,  0.16685152,  0.02499561, -0.15515080, -0.05273575,  0.04752131,  0.08103913, -0.07985143, -0.02513450,  0.00585750, -0.09644814, -0.13927073, -0.00396070, -0.08204393, -0.09522064, -0.15359831,  0.19450207
 -0.00001700, -0.04599527,  0.12543909, -0.13096991,  0.07386019, -0.10831003,  0.03106850,  0.14768809, -0.07932646,  0.00020582, -0.09472264,  0.07071611,  0.02324025, -0.04324849,  0.04180014, -0.12413703, -0.06437318, -0.06801388,  0.03175471,  0.18703195, -0.03179840,  0.23111134, -0.23764479,  0.07684591, -0.22620557,  0.29049584, -0.10025360,  0.12500304, -0.09863186,  0.16007639, -0.03009512, -0.10768465,  0.06434870, -0.02073066,  0.12565788, -0.09775410,  0.03854501, -0.07668553, -0.00029064, -0.05862552,  0.18871216, -0.07641173,  0.04755438, -0.24565435,  0.31221510, -0.28559697,  0.18680466, -0.29953253,  0.24643401, -0.07335495
 -0.10860765,  0.19612490, -0.09090902, -0.04030766, -0.04446483, -0.08775309,  0.21285462,  0.10002658, -0.04730103, -0.27068937, -0.01196189,  0.16388124, -0.02396539,  0.02447179, -0.19565794, -0.29467171, -0.21293423,  0.05191152,  0.37313698,  0.14687320,  0.19244098, -0.09124385, -0.04331325, -0.13928860,  0.09838714,  0.15927405,  0.18662094,  0.00684107,  0.06972486,  0.06006255, -0.11261150,  0.10648899,  0.05797311,  0.07057860, -0.02097057, -0.03794594, -0.04307021, -0.08708454, -0.06072214,  0.15764678,  0.13627664, -0.03395273, -0.30707981,  0.15049936, -0.10962683, -0.03918157, -0.21048641,  0.07215794,  0.08720219, -0.11240160
 -0.04602680,  0.06151731,  0.01854029,  0.08439683, -0.05734061, -0.15716024, -0.09592654,  0.19987785,  0.17969066, -0.17182029, -0.09113938,  0.03093693,  0.12779035,  0.17011638,  0.10430594, -0.02106392, -0.24415818, -0.24919699, -0.14793706, -0.02306728,  0.15929820,  0.26120544,  0.22375421, -0.18087024, -0.31933636, -0.10908697,  0.22169531, -0.03950889, -0.03204569,  0.02954397,  0.16882374, -0.03794157, -0.14967356, -0.01625421,  0.11090476,  0.08932722,  0.01756479, -0.02638613, -0.17089404, -0.13909932,  0.14151802,  0.22932156, -0.02592786, -0.07808355, -0.01647761,  0.19701881, -0.11883801, -0.09315022, -0.11033718,  0.13759282
  0.02439266, -0.03295052,  0.07617621, -0.12479101,  0.11611981, -0.13413740,  0.05748295, -0.12116250,  0.10364178,  0.28403524, -0.28175732,  0.10019714, -0.13710577,  0.04439565,  0.06574175, -0.00320083,  0.04657929, -0.34609871,  0.10848772, -0.10511016,  0.21675183,  0.02446569,  0.05995791,  0.02771354, -0.04320442, -0.19729724, -0.09881209,  0.31434570,  0.04522528,  0.05967858, -0.17995009,  0.03978821,  0.06090414, -0.01726502,  0.07921655, -0.08644097,  0.03053343,  0.01461519, -0.04194337,  0.09806977, -0.25118986,  0.25764351, -0.09055982,  0.20556146, -0.23102403, -0.05332632,  0.09216213, -0.11796557,  0.17365375, -0.12995624
  0.04297520, -0.07934361, -0.08156209,  0.05703726,  0.16440863, -0.08728771,  0.05448760,  0.00141936, -0.08618473,  0.00164105, -0.15461199,  0.14447286,  0.02052528, -0.04245298, -0.13761826,  0.00523198,  0.16125052,  0.03850071,  0.27201104, -0.06718721, -0.16404638, -0.14187919, -0.03779686,  0.02897176,  0.08775084,  0.20745365,  0.06806577, -0.07690441, -0.30887913, -0.11994416,  0.31347887,  0.13632078, -0.19696403, -0.16201647,  0.19721124, -0.11779055,  0.04046323,  0.04224386, -0.01864556,  0.03676904, -0.09174038,  0.09395941, -0.09899446, -0.08287514, -0.12613472,  0.32093897,  0.14389764, -0.32238094, -0.03994034,  0.16037210
  0.03358509, -0.09440096,  0.13626192, -0.10689749, -0.02211328,  0.14126753, -0.19986672,  0.25233375, -0.18231630,  0.08591101, -0.09475981,  0.03187043,  0.11500671, -0.10019041,  0.19980639, -0.31034507,  0.17629752, -0.05765660,  0.01349246,  0.03191383, -0.03358544,  0.00055846, -0.06205423,  0.00793657, -0.01987831,  0.04711282,  0.09781336, -0.18364256,  0.12437331, -0.15480941,  0.12721859, -0.14014804,  0.26128901, -0.19607103, -0.02777084,  0.14776411, -0.14477699,  0.18390485, -0.26289760,  0.25980831, -0.16309670,  0.18117442, -0.18920144,  0.04665473,  0.09760941, -0.08637126,  0.01828615,  0.11107339, -0.12439700,  0.02682261
  0.05545053, -0.21616272,  0.16091541,  0.10318990, -0.13248841,  0.04527846,  0.03003646, -0.11349571,  0.05761216, -0.00294508, -0.12218159,  0.20148138, -0.04900758, -0.17017724,  0.07232284,  0.04491329, -0.04936566,  0.11070927,  0.03086394, -0.23285073,  0.01792788,  0.03029250,  0.02568624,  0.09621258,  0.16105852, -0.06111385, -0.02120464, -0.14380904, -0.13458207,  0.32223937,  0.15615765, -0.25279375, -0.02727239,  0.17466493, -0.13862888,  0.04796333,  0.07770758, -0.07368851, -0.01800830,  0.06562642, -0.09748801,  0.11732639, -0.14128716, -0.10637665,  0.23994799,  0.15307802, -0.38573097, -0.02725753,  0.25943100, -0.13957622
  0.08946359,  0.01385227, -0.19157065,  0.11816524, -0.11447331,  0.05947908,  0.04858644, -0.03864281,  0.05774108,  0.14290419, -0.05635246, -0.22987915,  0.29906455, -0.11637514,  0.11720518, -0.04299233, -0.15093139, -0.01028341,  0.14855603,  0.03901749, -0.04581723,  0.03249423, -0.17239000, -0.17367192,  0.00961550, -0.03025453,  0.17058809,  0.14812279, -0.19500725, -0.10930634, -0.09519554,  0.13579213, -0.05058600,  0.27842203, -0.36929739,  0.14633702, -0.07238905,  0.18558914, -0.16336126,  0.13006186, -0.04567026,  0.06411042,  0.14960267, -0.22007862, -0.04571943,  0.09243301,  0.15830666, -0.08334469,  0.14149407, -0.14977001
  0.13659635, -0.12663469,  0.01900197, -0.09733216,  0.01356045,  0.04109143,  0.07415839, -0.09248386,  0.04137454,  0.22270532, -0.11286396, -0.07853949, -0.05967465,  0.23970841, -0.01991347, -0.01771500, -0.21206364,  0.16623090,  0.11384308, -0.08930725,  0.05480717, -0.03431406, -0.15531829, -0.17551140, -0.07709229,  0.08090241,  0.16248441,  0.03174244, -0.12390868, -0.13566287,  0.00164583, -0.20003217,  0.42214724, -0.15696653, -0.04180087, -0.19648633,  0.29486260, -0.12375723,  0.14109009, -0.14878519,  0.07482229,  0.12521608,  0.01954419, -0.16094773, -0.02153664,  0.13242532, -0.01005958,  0.24347232, -0.16937290, -0.01194717
 -0.06703406,  0.07717220,  0.01838185, -0.05455933,  0.10202690, -0.10583232, -0.03272168,  0.14297241, -0.16778855,  0.06174224,  0.06662700, -0.20339969,  0.13451046,  0.21227261, -0.32954763,  0.07657560,  0.18183699, -0.27084508,  0.08955521,  0.04207091, -0.24951770,  0.29828170,  0.03625309, -0.16241456,  0.25388540, -0.10118151, -0.15199458,  0.11096476,  0.01017637, -0.05186881,  0.22877922, -0.21057906,  0.05355172,  0.11367043, -0.14915734, -0.00823419,  0.22906130, -0.16795518, -0.11197411,  0.13470654,  0.02401690, -0.08998088, -0.00806584,  0.06264690,  0.00120637,  0.02734127, -0.12778220,  0.01908853,  0.04688600, -0.03502769
 -0.04548018,  0.08945613, -0.08431572,  0.05732418,  0.04076226, -0.10917168,  0.04583149,  0.03135212, -0.01353919,  0.03221246, -0.17400063, -0.00744247,  0.40485884, -0.24122051, -0.19850009,  0.28769341, -0.09947833, -0.02332477,  0.05626046, -0.21261561,  0.19310316,  0.11098055, -0.28765271,  0.21352816,  0.04624374, -0.17424131,  0.08867534, -0.05343127, -0.02186057,  0.08531006, -0.04295275, -0.00563505,  0.15802167, -0.30784772,  0.05300136,  0.27050742, -0.10793698, -0.18823469,  0.09873830,  0.03585235,  0.04175066, -0.11495315, -0.00298462,  0.09069316,  0.01726811, -0.05450856,  0.01378203,  0.00171397, -0.09001951,  0.09406061
 -0.07443791,  0.14319389, -0.08363671,  0.05690308, -0.05365548, -0.06132107,  0.10476700,  0.10152943, -0.29207341,  0.02833871,  0.22906205,  0.01186849, -0.15666731, -0.19563677,  0.21631200,  0.19739653, -0.21759072, -0.17618613,  0.28351980,  0.00274040, -0.12245923,  0.07142689, -0.06181119,  0.19658531, -0.15871300, -0.10129538,  0.15661930, -0.03549112,  0.08321204, -0.10437242,  0.18452784, -0.27655719,  0.05064227,  0.09739221,  0.17204679, -0.20402025, -0.13895300,  0.14325446,  0.11405635, -0.05021097, -0.12222008, -0.02230860,  0.16982219,  0.00034441, -0.15204062,  0.04565223, -0.07345626,  0.09248083,  0.07883503, -0.09641130
 -0.04658282,  0.09930238, -0.06289019, -0.00116518,  0.10418771, -0.21295074,  0.14370943,  0.00850980, -0.11071537,  0.21861086, -0.29022498,  0.11435504,  0.21236894, -0.26612872,  0.13158181, -0.00250469, -0.08552366,  0.17145433, -0.31363906,  0.18906311,  0.05286933, -0.18329190,  0.23888171, -0.11583646, -0.01652824,  0.04225641, -0.08266124,  0.01740371,  0.10796635, -0.11403883,  0.07956720, -0.03025956, -0.00531680, -0.02555444,  0.11373515, -0.16750389,  0.17920456, -0.06062645, -0.17258781,  0.20761109,  0.04107563, -0.23958397,  0.19676122, -0.03147233, -0.04267583,  0.08872355, -0.15316768,  0.08321422,  0.06031149, -0.06942439
 -0.03161082, -0.05398640,  0.16165474, -0.17479504,  0.16322514,  0.01516755, -0.16636522,  0.13993476, -0.25658474,  0.22544482,  0.08769763, -0.34727450,  0.08963401,  0.10146743, -0.13666966,  0.09181838, -0.21085652,  0.23297553,  0.04438421, -0.26526179,  0.18697917, -0.09198815,  0.13431874,  0.15374620, -0.05275832,  0.08615381, -0.05615543, -0.05848238,  0.04640021,  0.13809102, -0.05110510,  0.06553888, -0.04840408,  0.05876164,  0.00166182, -0.08815499, -0.03914805,  0.28179044, -0.22708801, -0.12770845,  0.19086072, -0.03438747, -0.12353662,  0.08478308, -0.08727605,  0.07795241, -0.06670460, -0.13828670,  0.11238233, -0.03811314
 -0.14253218,  0.24029361, -0.21305104,  0.14831420,  0.02015455, -0.06647080,  0.13316914, -0.29857664,  0.05087019,  0.19635967, -0.11074313, -0.15015729,  0.00668123,  0.03220058,  0.11760506, -0.32167709,  0.16429691,  0.11336921, -0.01034800, -0.12906849, -0.03706916,  0.26720828, -0.12696268,  0.27035653, -0.04141192, -0.01193458,  0.05887145, -0.23468917,  0.32223551, -0.09989509,  0.07832061,  0.02425416, -0.07550164,  0.10271650, -0.06712240, -0.10255149,  0.17130891, -0.04239097, -0.02910964, -0.15666760,  0.08489516,  0.07996589, -0.16080747,  0.02258354,  0.02919145, -0.04834333, -0.01435383, -0.11439511,  0.00040628,  0.06859238
  0.02628435,  0.01329039, -0.10441546,  0.13834543, -0.14350213,  0.12338386, -0.10249706,  0.01310717,  0.09820429,  0.02095122, -0.15237016,  0.13326787, -0.04560112,  0.05426046, -0.09386919,  0.01600533,  0.12257758, -0.08461953, -0.00182730, -0.05021389,  0.17411098, -0.15290774, -0.02134390,  0.10290599, -0.26113633,  0.28980625, -0.25826017,  0.16685365,  0.05763143, -0.26179923,  0.26691223, -0.22637610,  0.10244746,  0.06844817, -0.20766430,  0.23815865, -0.14316383,  0.01690598,  0.07239386, -0.13057849,  0.22153607, -0.15757988, -0.01594606,  0.14912025, -0.16872637,  0.12095554, -0.03304030, -0.03639104,  0.13734255, -0.08972665
  0.10266957, -0.18353644,  0.18582315, -0.17589764,  0.08842368, -0.04617713, -0.02251375,  0.15989849, -0.08075168,  0.00192607,  0.00484782,  0.02827307,  0.10779480, -0.11546416,  0.00384448,  0.14708267, -0.11309509,  0.00817668, -0.04188166,  0.06481957,  0.03401029, -0.13420812,  0.00658686, -0.06888636, -0.06687993, -0.00931765,  0.17150957, -0.24102111,  0.23727555, -0.26795856,  0.08555173,  0.05330149, -0.19013087,  0.25410226, -0.19907372,  0.05465879,  0.16079690, -0.33017016,  0.31352984, -0.05944246, -0.07624572,  0.14069225, -0.14347035,  0.14041182, -0.01920394, -0.10264316,  0.21242158, -0.10774746,  0.09569875, -0.06702325
  0.03633641, -0.09045938,  0.14794942, -0.21645448,  0.22000110, -0.19030891,  0.19313313, -0.18975893,  0.15422617, -0.11297907,  0.11446519, -0.06607743,  0.03508616, -0.08857801,  0.16195929, -0.15326436,  0.00698426,  0.07840450, -0.07287710,  0.06638710, -0.10553665,  0.08165810,  0.03546447, -0.20886158,  0.26959447, -0.16218820,  0.04977086, -0.02496675,  0.04795477, -0.07709871,  0.10979834, -0.14067064,  0.19276026, -0.16491857,  0.02118600,  0.18212037, -0.27476588,  0.15131255,  0.09840497, -0.23552974,  0.19467774, -0.06698109, -0.00912974,  0.06807590, -0.14057696,  0.13380920,  0.02006731, -0.18758246,  0.20006337, -0.09126776
  0.08513792, -0.07585063, -0.06811486,  0.12703072, -0.16316621,  0.18680576, -0.19296047,  0.07400551,  0.11977159, -0.04428917,  0.00942300, -0.04111864,  0.04617766,  0.01584903, -0.07946160, -0.05451828,  0.23953699, -0.19230145,  0.06844544, -0.09885177,  0.22316651, -0.20546389,  0.00480117, -0.06744738,  0.14288439, -0.28475033,  0.28582066, -0.12873020,  0.08369125, -0.10851330,  0.02329630,  0.00263083,  0.02590306, -0.09644898,  0.22827960, -0.26854107,  0.14154662,  0.02970253, -0.04699965, -0.03313914,  0.21435671, -0.20140986,  0.10478396, -0.08582280,  0.10372794, -0.07822806,  0.06590610, -0.10230174,  0.26978082, -0.19995858
 -0.14392031,  0.17819076, -0.04785016,  0.09345674, -0.18717379,  0.23425868, -0.16794342,  0.10605480, -0.22659438,  0.14543807, -0.10356095,  0.07301360, -0.04756348, -0.07617886,  0.20250204, -0.11081101, -0.10189925,  0.01469490,  0.18913372, -0.14981549, -0.08452726,  0.07873111,  0.33070347, -0.27057370,  0.17332350,  0.06477770, -0.10751394, -0.07957022,  0.06288643,  0.18837488, -0.14272102,  0.00873116,  0.13264528, -0.11752799, -0.05445494,  0.11751508,  0.04050332, -0.21903991,  0.18404957, -0.12494083, -0.00159463, -0.06520399,  0.11962445, -0.01385070, -0.12086937,  0.02821562,  0.13702691, -0.26166438,  0.01099617,  0.10808459
 -0.00696402, -0.08772949,  0.08365921,  0.08922267, -0.10595798, -0.01638715,  0.18847689, -0.27774153,  0.15422738, -0.08419620,  0.05858637, -0.12379293,  0.09178495, -0.07911208, -0.03276440,  0.10538516, -0.03845016, -0.11287721,  0.10662791,  0.08519168, -0.09256053, -0.16919424,  0.31345855,  0.07589048, -0.15551129,  0.07848265,  0.13023744, -0.14468164, -0.09822505,  0.22690565,  0.07751424, -0.25740658,  0.19038385,  0.04092875, -0.11852797, -0.05271018,  0.14273067,  0.03422219, -0.22382845,  0.11421891,  0.04774941, -0.11596168, -0.07107716,  0.20389585, -0.07950281, -0.23226255,  0.29062748, -0.12930184, -0.14931574,  0.12414217
 -0.04365832,  0.00485905,  0.14853492, -0.19955574,  0.13105895, -0.02536259,  0.01991182, -0.15552264,  0.21381526, -0.16589539,  0.03512648,  0.03734320, -0.09221354,  0.09452318, -0.07747762,  0.08298939, -0.04675981, -0.05405413,  0.23731734, -0.25161971,  0.06923695,  0.07170292,  0.03591180, -0.02310221, -0.10637454,  0.18659832, -0.06033744, -0.22720095,  0.35696629, -0.14877161, -0.06715748,  0.06383215,  0.03399156, -0.05361358, -0.05956466,  0.10030930, -0.00586028, -0.02585194, -0.14735591,  0.27090475, -0.17525098, -0.14126705,  0.35776691, -0.28233367,  0.02914487,  0.09532161, -0.04223268, -0.07288125,  0.04090006,  0.03197478
  0.07881537, -0.15048855,  0.12515083, -0.03430270, -0.11812672,  0.19770851, -0.15437123,  0.01914126,  0.10481875, -0.01464242, -0.05213101,  0.03190609,  0.02912906, -0.04568306, -0.00398071,  0.02757914,  0.02474075,  0.01098564, -0.09483647,  0.22053732, -0.29447131,  0.26495979, -0.22922222,  0.11909070, -0.16892235,  0.05769537,  0.10757500, -0.14619071,  0.03567308,  0.13299947, -0.24548769,  0.10523376,  0.03255604, -0.05941752,  0.04387443, -0.08802861,  0.13279930, -0.06290258, -0.05454617,  0.09516207,  0.06354309, -0.14707006,  0.01851877,  0.23728809, -0.39071157,  0.32770007, -0.10336226, -0.03271362,  0.11944614, -0.07093896
  0.04545454, -0.11185300,  0.11020802, -0.07413722,  0.06952605, -0.10815827,  0.11469497,  0.02815231, -0.18885320,  0.26470625, -0.29192535,  0.29527858, -0.22733946,  0.15015021, -0.05875098, -0.01679911,  0.10462880, -0.15899158,  0.08748742,  0.03582147, -0.06025237, -0.00682878, -0.01994533,  0.02643345,  0.02283092, -0.15601461,  0.25183907, -0.17429473, -0.03644522,  0.10689254, -0.07290420,  0.05883908, -0.12389960,  0.18059389, -0.18670040,  0.15108898, -0.13531135,  0.13369629, -0.04564430, -0.12272658,  0.26163263, -0.26961710,  0.15707982, -0.03488515,  0.02525012, -0.03711411,  0.00704478,  0.12245666, -0.19431603,  0.10113759
  0.03546778, -0.10421893,  0.13252766, -0.12840231,  0.11442096, -0.07010104,  0.01312966,  0.01846122,  0.01526373, -0.07839048,  0.13384653, -0.19162694,  0.23932419, -0.28209366,  0.28001186, -0.26526309,  0.27747780, -0.27734747,  0.22975667, -0.15179743,  0.11330444, -0.10240099,  0.03208311,  0.05881414, -0.10119078,  0.11774535, -0.09668487,  0.09979444, -0.12115057,  0.10127607, -0.07447842,  0.08583168, -0.09427885,  0.08136852, -0.03417788, -0.05169680,  0.12412558, -0.14418275,  0.13864181, -0.12714268,  0.11363118, -0.10440402,  0.06857209, -0.01551169, -0.04862230,  0.11891117, -0.18196720,  0.21347656, -0.17530666,  0.06516655
