 -0.14166805, -0.14166147, -0.14165901, -0.14165866, -0.14165831, -0.14165780, -0.14165651, -0.14165218, -0.14164370, -0.14163339, -0.14162190, -0.14160889, -0.14159410, -0.14157816, -0.14156082, -0.14154264, -0.14152361, -0.14150492, -0.14148725, -0.14147123, -0.14145546, -0.14144092, -0.14142701, -0.14141453, -0.14140345, -0.14139279, -0.14138180, -0.14137038, -0.14135960, -0.14134869, -0.14133825, -0.14132815, -0.14131766, -0.14130709, -0.14129763, -0.14128884, -0.14127983, -0.14127121, -0.14126275, -0.14125345, -0.14124466, -0.14123637, -0.14122842, -0.14122014, -0.14121202, -0.14120361, -0.14119528, -0.14118759, -0.14117985, -0.14117288
  0.40651903,  0.42708920,  0.40749672,  0.35756036,  0.28993259,  0.21129856,  0.12704475,  0.05383557, -0.00111876, -0.04915188, -0.09117546, -0.12387395, -0.14428009, -0.15397640, -0.15250840, -0.14198795, -0.12706162, -0.11274571, -0.10027639, -0.09152570, -0.08371426, -0.07841122, -0.07182980, -0.06558830, -0.06334041, -0.06010491, -0.05614607, -0.05050363, -0.04630033, -0.04176187, -0.03583503, -0.03042719, -0.02422801, -0.01932609, -0.01984891, -0.02384280, -0.02488624, -0.02688227, -0.02840629, -0.02707425, -0.02584409, -0.02441824, -0.02207728, -0.01912650, -0.01536853, -0.01004022, -0.00575693, -0.00178262,  0.00317794,  0.00551483
 -0.09084348, -0.02139215,  0.04778138,  0.11136214,  0.16606075,  0.20742285,  0.23401997,  0.24764866,  0.25263058,  0.24931794,  0.23789073,  0.22010367,  0.19814394,  0.17338709,  0.14884012,  0.12586439,  0.10741004,  0.09212341,  0.07818362,  0.06382751,  0.05158901,  0.03881337,  0.02571518,  0.01074816, -0.00507886, -0.02107730, -0.03490519, -0.04647216, -0.05778631, -0.06745333, -0.07729359, -0.08609998, -0.09238793, -0.09641608, -0.10096265, -0.10650432, -0.11275190, -0.11974813, -0.12749078, -0.13365686, -0.14078567, -0.14892812, -0.15761916, -0.16458967, -0.17121181, -0.17618977, -0.17965231, -0.18356614, -0.18632920, -0.18913559
 -0.57243373, -0.28087570, -0.04005222,  0.12679234,  0.23348974,  0.27378473,  0.22411579,  0.16146996,  0.14648758,  0.11997527,  0.06557580, -0.00724036, -0.07822933, -0.14531060, -0.19056216, -0.19938687, -0.18203244, -0.15708062, -0.12836781, -0.10741356, -0.08850495, -0.08416747, -0.07205498, -0.05061442, -0.05196037, -0.05056010, -0.04834618, -0.03786454, -0.03769568, -0.03929159, -0.02430593, -0.00513755,  0.02806542,  0.06950560,  0.08871136,  0.08145259,  0.08661095,  0.08019928,  0.06839530,  0.06445822,  0.06007655,  0.05647920,  0.05823532,  0.05800762,  0.06063876,  0.07373372,  0.08110848,  0.09019264,  0.10862686,  0.11526087
 -0.03107970, -0.03539731, -0.02430807, -0.00134894,  0.02267230,  0.03790147,  0.04229657,  0.02492147, -0.00751478, -0.03063062, -0.03634285, -0.02566836, -0.00452834,  0.02060183,  0.04264140,  0.05502188,  0.06075880,  0.05486961,  0.03120738, -0.00840165, -0.05518052, -0.10457383, -0.14910905, -0.17697500, -0.16885889, -0.12384603, -0.04026328,  0.06564747,  0.17351337,  0.26259468,  0.30887875,  0.30819427,  0.26219340,  0.17940208,  0.07314663, -0.04181888, -0.15470462, -0.24299671, -0.29396712, -0.29996012, -0.26648602, -0.20179318, -0.11827945, -0.02626288,  0.05486037,  0.11452246,  0.14660237,  0.14396785,  0.11406929,  0.06980598
  0.06512757,  0.01825315, -0.02741351, -0.04886098, -0.04797596, -0.03096296,  0.01670969,  0.04690028,  0.02278313, -0.01735129, -0.05155205, -0.06903752, -0.06902594, -0.04938594, -0.01621733,  0.01451773,  0.05370538,  0.09998362,  0.13762543,  0.15631152,  0.15783600,  0.13638618,  0.07821711, -0.02265806, -0.12668928, -0.22679704, -0.28951264, -0.30343337, -0.25854636, -0.15871159, -0.04393566,  0.07451767,  0.17716698,  0.24997465,  0.29247042,  0.30457517,  0.26183505,  0.18636585,  0.09099401, -0.00299037, -0.08618255, -0.14849262, -0.18626711, -0.18290191, -0.15185831, -0.10233845, -0.03687155,  0.01609926,  0.04487017,  0.05272130
  0.15360324,  0.04844829, -0.04556207, -0.10924584, -0.13473799, -0.10207062, -0.03279403,  0.05077709,  0.11207674,  0.14541653,  0.15082843,  0.12330686,  0.07381324,  0.01653818, -0.04966440, -0.10886586, -0.17377830, -0.21740648, -0.21412753, -0.15604544, -0.09298660, -0.01228781,  0.07566637,  0.16996442,  0.22767819,  0.23914454,  0.18338335,  0.08654361,  0.00321447, -0.06343034, -0.07823733, -0.06164138, -0.03150084, -0.00159439,  0.03814915,  0.06721973,  0.07416488,  0.04289728, -0.02105892, -0.12080435, -0.20377734, -0.24669503, -0.24204398, -0.21523874, -0.14493518, -0.04807623,  0.05884897,  0.18150216,  0.27704171,  0.32836614
  0.05241978, -0.02544804, -0.06966264, -0.06810581, -0.03159696,  0.02521799,  0.08739929,  0.11117911,  0.07721384,  0.01976648, -0.03919257, -0.08562977, -0.11220405, -0.11405138, -0.09590168, -0.06480062, -0.01860528,  0.04713819,  0.12208785,  0.18757203,  0.23003648,  0.24941951,  0.23239801,  0.17363517,  0.08879176, -0.01415483, -0.11112383, -0.17602303, -0.19364311, -0.17597508, -0.14662784, -0.11942961, -0.10882020, -0.11501538, -0.12821222, -0.14739777, -0.17846131, -0.20032898, -0.20218151, -0.17384022, -0.10873097, -0.01948717,  0.07452261,  0.16312086,  0.23209956,  0.26499353,  0.26132419,  0.21349073,  0.12232216,  0.00881886
 -0.19215687,  0.11271551,  0.28619565,  0.15332792, -0.19396413, -0.39476855, -0.22613542,  0.07856847,  0.23951792,  0.25621914,  0.15291095, -0.01555899, -0.16301617, -0.18804382, -0.11543943, -0.00899054,  0.06168009,  0.05802624, -0.01034186, -0.04376763, -0.04263262, -0.01956399, -0.03320050, -0.02032632,  0.08281256,  0.16273645,  0.15094130,  0.01165944, -0.13285623, -0.16902143, -0.06011690,  0.12950540,  0.22911424,  0.19409597,  0.10719416,  0.02823458, -0.06063766, -0.08498526, -0.06448268, -0.06618900, -0.05107015,  0.00179308,  0.08199085,  0.13920105,  0.12108961,  0.02832048, -0.07163765, -0.13927359, -0.17104094, -0.12872093
 -0.09677304, -0.10267653,  0.09376669,  0.30363993,  0.26260140, -0.05397475, -0.31679437, -0.35589821, -0.23345415, -0.03016497,  0.15253968,  0.23272946,  0.17261872,  0.04264021, -0.05619150, -0.09364947, -0.03272701,  0.07010937,  0.11739376,  0.08406254,  0.06089484,  0.05849550,  0.02700023, -0.07044033, -0.10053918, -0.04664286,  0.07604198,  0.14963003,  0.08651358, -0.05553201, -0.20714957, -0.22128117, -0.10738027,  0.03403237,  0.12108097,  0.15252088,  0.09090924,  0.00806509, -0.05353797, -0.07708541, -0.11093085, -0.14484982, -0.14170154, -0.03672637,  0.09025709,  0.16811901,  0.17960810,  0.09244347, -0.04039674, -0.14126464
 -0.22969868, -0.04907123,  0.26096525,  0.29018883, -0.02184959, -0.25884422, -0.12804184,  0.04633378,  0.03557063,  0.00158515, -0.03191107, -0.07748131, -0.08534553, -0.01538025,  0.06824640,  0.09688523,  0.14730197,  0.17689707,  0.11437705,  0.04443200,  0.05950840,  0.06747704, -0.02299784, -0.13341353, -0.10923109, -0.07150976, -0.01488798, -0.01121394, -0.03388827,  0.00795983,  0.05982866,  0.04982901, -0.09121385, -0.25565960, -0.28711044, -0.17127031, -0.06078970,  0.04544747,  0.10460716,  0.12140463,  0.07894383,  0.00827213, -0.08196224, -0.14751268, -0.21130236, -0.16151232,  0.04674452,  0.24514304,  0.32003166,  0.26533896
  0.21242305, -0.23912127, -0.30909957,  0.20332966,  0.35671267, -0.03657485, -0.17312719, -0.02284845, -0.04680857, -0.04184430,  0.04388774,  0.04591844, -0.00938365, -0.01193831, -0.00033607, -0.01978612, -0.05541628, -0.05401031, -0.00624657,  0.04027074,  0.02220765,  0.10400925,  0.13124641, -0.01215565, -0.06891494,  0.03760420,  0.07686413, -0.04009722, -0.07283620, -0.10454057, -0.07904013,  0.15406259,  0.29953783,  0.06867711, -0.15941688, -0.15846088, -0.09688229,  0.01306038,  0.07235589, -0.01510994, -0.10298919, -0.05262975,  0.09316386,  0.19175946,  0.11750056, -0.16029788, -0.33814079, -0.18419219,  0.10666999,  0.28098017
 -0.13965696,  0.06817466,  0.20143715, -0.02197235, -0.10636479,  0.09572800,  0.03348234, -0.17971888, -0.13304590, -0.02654270,  0.01533772,  0.07024712,  0.13384939,  0.09947889, -0.00754562, -0.05814604, -0.09036563, -0.09724157, -0.00560641,  0.16268098,  0.19393647, -0.01274095, -0.18120290, -0.05986146,  0.09730892,  0.12847630,  0.00159202, -0.11981896, -0.15088020, -0.01588523,  0.18846742,  0.12434952, -0.10761938, -0.18159657, -0.07899663,  0.08030080,  0.25417939,  0.18190337, -0.08991377, -0.33256545, -0.28357395,  0.02978241,  0.31813513,  0.25256955, -0.02064024, -0.18766542, -0.16038083,  0.00844110,  0.10978795, -0.00012091
  0.16021566, -0.01466045, -0.18004717,  0.02026430,  0.12367459, -0.09961705, -0.18093967, -0.00515782,  0.09841886,  0.13905930,  0.16614677,  0.12557172,  0.01500935, -0.08172053, -0.11597111, -0.07320305, -0.03208216,  0.04638775,  0.14313489,  0.09002829, -0.15414228, -0.19466348, -0.03535561,  0.05416253,  0.02931382, -0.03515294, -0.14378855, -0.15660950,  0.03974452,  0.11736616, -0.00934102, -0.07955373, -0.04759012, -0.00665533,  0.11139655,  0.18058303,  0.00087954, -0.23146314, -0.28870202, -0.12780628,  0.21399379,  0.40866110,  0.24570522, -0.08314368, -0.23377493, -0.19850252, -0.02357862,  0.16024842,  0.13203313,  0.01122082
 -0.09570862,  0.35954508,  0.03862675, -0.38314285,  0.04121833,  0.15596825, -0.20356683, -0.11964745,  0.08609881,  0.09993006,  0.17294859,  0.20687691,  0.05380093, -0.01570831, -0.00316182, -0.08386560,  0.03477899,  0.13058502, -0.01056655,  0.01950391,  0.09996061, -0.11356516, -0.16710758, -0.06279179, -0.14750638, -0.27370775,  0.03227062,  0.03753294, -0.21008071, -0.00690128,  0.03827579, -0.19699677, -0.02567870,  0.15516534, -0.09541579, -0.14087772, -0.04743928, -0.07231418,  0.01063417,  0.15811733,  0.03255549, -0.04128974,  0.03772359,  0.08858895,  0.05498081,  0.09162121, -0.00646249, -0.14834526,  0.06254634,  0.37204920
  0.04377315, -0.19995492,  0.26362563,  0.06762947, -0.26249907,  0.16406281,  0.15745352, -0.26850479, -0.20421325,  0.01325840,  0.04620539,  0.13611919,  0.19765486,  0.04419288,  0.00420753, -0.00150198, -0.10968584, -0.03053137, -0.00745392, -0.14112336,  0.00843019,  0.19140266,  0.02728526, -0.01910974,  0.08847947, -0.02090117, -0.16764350,  0.05332713, -0.04964392, -0.31700880,  0.02433758,  0.17045847,  0.03094200,  0.17144289,  0.21967080, -0.17095650, -0.25477763, -0.17648501, -0.12605608,  0.09056983,  0.24104980,  0.08879397,  0.00212189,  0.00203599, -0.07355771, -0.12462098, -0.01317503,  0.03589178, -0.01408502,  0.16906967
 -0.24497762,  0.12684877,  0.03629199, -0.01290894,  0.24164368,  0.09900089, -0.13061337, -0.11082272, -0.15248261, -0.16812076, -0.06783227, -0.05032359, -0.03743082,  0.10023598,  0.04156292,  0.01971826,  0.08628551, -0.12057857, -0.27411940,  0.09873766,  0.21291828,  0.00115424,  0.07570295,  0.27279110,  0.17162051,  0.11788016,  0.17807682, -0.12796466, -0.23194792,  0.07056453,  0.07011311,  0.05453547,  0.24425660,  0.16790452, -0.07020437, -0.03152892, -0.12777415, -0.20268771,  0.03079863,  0.06184178, -0.00062108,  0.10532387,  0.05041025, -0.27839741, -0.27127085,  0.02149150,  0.08482569,  0.03555031,  0.01447073, -0.17996272
  0.00199770,  0.11108897,  0.02093754, -0.02892825, -0.12886024, -0.01481716,  0.04653156, -0.21108703, -0.04291089,  0.30950339,  0.14214268, -0.01138618,  0.20497369,  0.05654808, -0.24018716, -0.00367831,  0.01800967, -0.28008291,  0.00305354,  0.26329633, -0.08197209, -0.13642225,  0.17048747, -0.02841723, -0.22024912,  0.01193764, -0.08661549, -0.23928574,  0.05189920,  0.10910224, -0.01229917,  0.18631934,  0.08480302, -0.17079373, -0.03933967, -0.04386661, -0.21297978,  0.05833771,  0.27831005,  0.01991493, -0.00245003,  0.12195900, -0.13584785, -0.17075510,  0.19778255,  0.17938907, -0.12151953,  0.01952688,  0.09936214, -0.10248486
  0.03952795, -0.09365839,  0.05090124,  0.12678349, -0.17810559, -0.14447430,  0.33892329,  0.11733644, -0.29977039, -0.02750738,  0.15859135, -0.14937327, -0.03751509,  0.24740315, -0.02419708, -0.16272851,  0.22512671,  0.12460232, -0.11836262, -0.00413576,  0.06708735, -0.20052467, -0.00819396,  0.11804942, -0.17793283, -0.11170265,  0.13755169,  0.07661231, -0.02433910, -0.01826352, -0.21046077, -0.12630264,  0.05227854, -0.05134437,  0.03544116,  0.23682025,  0.01339493, -0.22476141, -0.04206612,  0.06494394, -0.13707182,  0.05136886,  0.17091800, -0.01247093, -0.03074508,  0.13716431, -0.08385446, -0.21084799,  0.17312999,  0.14678573
 -0.15205761,  0.12410068,  0.01778642, -0.14702633,  0.07457720,  0.22501871,  0.02564661, -0.10656074,  0.03330556, -0.02544543, -0.29880982, -0.17683774,  0.05205921, -0.05812708, -0.04002634,  0.25148424,  0.25170869,  0.08277188,  0.10316637, -0.00784299, -0.22426828, -0.00878249,  0.17399769, -0.13420922, -0.12528377,  0.17888417,  0.30006279,  0.09326274, -0.06429228, -0.13971310, -0.19516033, -0.12131227, -0.08888715,  0.05522294,  0.21709945,  0.11632386, -0.12582202, -0.04343962, -0.03376324, -0.17635981, -0.03715778,  0.10176489, -0.04883808,  0.02163645,  0.09336846, -0.16010969, -0.22200887,  0.12454611,  0.19444882,  0.04994970
 -0.11639980, -0.03661772,  0.14290220,  0.01511253, -0.02594158,  0.10378886, -0.07394562, -0.02573000,  0.02262244, -0.06100425, -0.10363763, -0.09699451, -0.11545782, -0.09583043,  0.09990716,  0.14842902, -0.16062715, -0.11138720,  0.16044691,  0.38892139, -0.02939774, -0.20643908, -0.01816412,  0.29142610,  0.19797050, -0.16625117, -0.05160875,  0.23624204,  0.19817546, -0.17183451, -0.05828784,  0.06939421,  0.07729581, -0.07888621, -0.11167192,  0.06358117,  0.15080823, -0.03588637, -0.15136846, -0.13222182,  0.11422343,  0.04457074, -0.12346820, -0.20887983,  0.10393413,  0.12646417, -0.16692440, -0.18416938, -0.08109830,  0.24393893
  0.03732011, -0.06587998,  0.01638621, -0.06609549,  0.04247054,  0.10963837, -0.11392691, -0.11360328,  0.07478678,  0.18104973,  0.03773044, -0.17957989, -0.16550476,  0.08799956,  0.06278852, -0.21869202, -0.22182087,  0.09930538,  0.11060609,  0.02909901, -0.08767916,  0.05757896,  0.17628669,  0.19043192, -0.11504939, -0.12007965,  0.16898306,  0.17899602, -0.15826814, -0.03345803,  0.34364890,  0.18757672, -0.17022145, -0.20175458,  0.07257180,  0.23591538, -0.02966204, -0.26024417,  0.07029184,  0.22219318, -0.00818250, -0.23039785,  0.01466159,  0.05432356,  0.03047296, -0.15745443, -0.08052159,  0.04448625,  0.02775023, -0.16730980
  0.03618568,  0.06700943, -0.11967578, -0.08977519,  0.03740790,  0.07852740,  0.13320220, -0.10966337, -0.20970783,  0.06559471,  0.33184230,  0.13762264, -0.30115119, -0.29373607,  0.05390338,  0.24332779,  0.14537511, -0.09719920, -0.13632526, -0.11980593,  0.11267139,  0.14717912,  0.00319286, -0.16484541, -0.11883694,  0.06862456,  0.10899911,  0.04418726, -0.08287598, -0.07901028, -0.00206922,  0.19827576,  0.04071237, -0.21182687, -0.15427920,  0.14676646,  0.23792364, -0.03953130, -0.24721635,  0.02014959,  0.21503280,  0.05219684, -0.18258588, -0.02300178,  0.05173831,  0.03376701,  0.00673139, -0.00985480,  0.05535252, -0.08054174
  0.02670134, -0.05565803,  0.06941192, -0.11354909, -0.09518258,  0.09178818,  0.04001719,  0.06717128, -0.02375119, -0.09384034, -0.00241703,  0.16689978,  0.07374529, -0.30778724, -0.44903855, -0.19659485,  0.11924234,  0.21750030, -0.00785149, -0.01041384, -0.00497277,  0.19834115,  0.25306507,  0.13371853, -0.13309648, -0.15600571,  0.13080458,  0.27398501,  0.12773858,  0.03219243,  0.10829538,  0.05838187,  0.09130136,  0.00263529, -0.14483452, -0.09160019,  0.05982846,  0.14359333,  0.07312087, -0.17097133, -0.10923315,  0.10433403,  0.14231088, -0.20110734, -0.15886521, -0.07815500, -0.00545632, -0.03950639, -0.11234921, -0.04393072
  0.09958651, -0.17007563, -0.04462796,  0.04214362, -0.02994207,  0.11723212, -0.00258800, -0.10332225,  0.00396462,  0.23114237,  0.04390544, -0.25546404, -0.17793485, -0.19592215, -0.14279542,  0.00491720,  0.04875292, -0.03149621, -0.03839300,  0.25364449,  0.38677884,  0.12963077, -0.15169140, -0.25012809,  0.11803189,  0.18943335,  0.09696549,  0.01378705,  0.18670079,  0.18738689,  0.11747905, -0.20254239, -0.17970375,  0.07665409,  0.16567894,  0.02465739, -0.15521717, -0.05297419,  0.04704385,  0.07980265, -0.08063885, -0.02531391,  0.00608395, -0.09784176, -0.14012548, -0.00446643, -0.08216086, -0.09559417, -0.15463070,  0.19416385
 -0.00014565,  0.04623242, -0.12553361,  0.13090122, -0.07388609,  0.10820068, -0.03079548, -0.14762123,  0.07926215, -0.00050128,  0.09463863, -0.07056122, -0.02330358,  0.04331083, -0.04197351,  0.12378004,  0.06407383,  0.06798466, -0.03134014, -0.18694822,  0.03188241, -0.23142742,  0.23746303, -0.07694687,  0.22642160, -0.29031982,  0.10037024, -0.12495621,  0.09873652, -0.16001632,  0.02985061,  0.10788969, -0.06410225,  0.02093063, -0.12566069,  0.09773925, -0.03849940,  0.07667964,  0.00031475,  0.05891516, -0.18850972,  0.07640920, -0.04786351,  0.24596933, -0.31226029,  0.28554506, -0.18697782,  0.29969351, -0.24619353,  0.07315169
 -0.10843440,  0.19604678, -0.09081231, -0.04034586, -0.04447550, -0.08782823,  0.21280670,  0.10041627, -0.04739686, -0.27078326, -0.01171687,  0.16416915, -0.02372214,  0.02434183, -0.19574191, -0.29461310, -0.21258790,  0.05245920,  0.37346240,  0.14758486,  0.19301385, -0.09009912, -0.04306308, -0.13943682,  0.09773831,  0.15969920,  0.18687588,  0.00670114,  0.06938969,  0.06015329, -0.11230181,  0.10585943,  0.05714671,  0.06991739, -0.02106519, -0.03836676, -0.04359053, -0.08770416, -0.06123626,  0.15702292,  0.13620203, -0.03436133, -0.30735201,  0.14951937, -0.10965404, -0.03953099, -0.21059453,  0.07147869,  0.08693171, -0.11213922
 -0.04611761,  0.06138289,  0.01864803,  0.08435562, -0.05728222, -0.15720020, -0.09611247,  0.19963343,  0.17990502, -0.17152583, -0.09154010,  0.03054145,  0.12756594,  0.17014263,  0.10447414, -0.02116119, -0.24469204, -0.25023342, -0.14885540, -0.02381883,  0.15875030,  0.26066875,  0.22356065, -0.18070279, -0.31925556, -0.10950205,  0.22142401, -0.03910743, -0.03170953,  0.02976364,  0.16887318, -0.03739789, -0.14885615, -0.01558897,  0.11135015,  0.08992900,  0.01828073, -0.02569849, -0.17034247, -0.13866527,  0.14178229,  0.22998362, -0.02525313, -0.07745559, -0.01612095,  0.19725296, -0.11846256, -0.09290634, -0.11009333,  0.13741064
  0.02450808, -0.03290989,  0.07602344, -0.12497679,  0.11647507, -0.13417387,  0.05777808, -0.12127026,  0.10312019,  0.28413242, -0.28156634,  0.10087480, -0.13729197,  0.04394957,  0.06496615, -0.00339111,  0.04738514, -0.34543348,  0.10944930, -0.10482594,  0.21695960,  0.02471990,  0.06021687,  0.02805020, -0.04283734, -0.19677585, -0.09890910,  0.31424484,  0.04500674,  0.05975134, -0.17954158,  0.03993422,  0.06031264, -0.01810414,  0.07935495, -0.08687384,  0.03012197,  0.01414181, -0.04204968,  0.09812573, -0.25181212,  0.25711633, -0.09118037,  0.20545813, -0.23159642, -0.05358312,  0.09220211, -0.11858969,  0.17323264, -0.12993208
  0.04303120, -0.07952744, -0.08174834,  0.05755982,  0.16402101, -0.08710206,  0.05437299,  0.00154322, -0.08588776,  0.00122163, -0.15455040,  0.14386081,  0.02098572, -0.04220321, -0.13715871,  0.00552811,  0.16060652,  0.03878336,  0.27165554, -0.06728420, -0.16468119, -0.14233746, -0.03829293,  0.02852445,  0.08763239,  0.20759073,  0.06852663, -0.07729826, -0.30945409, -0.12032062,  0.31366447,  0.13619885, -0.19693750, -0.16128305,  0.19686765, -0.11762807,  0.04080697,  0.04263386, -0.01856357,  0.03652131, -0.09098604,  0.09410187, -0.09842991, -0.08351592, -0.12552757,  0.32178645,  0.14384616, -0.32209806, -0.03964472,  0.16059704
  0.03360969, -0.09445145,  0.13622011, -0.10684436, -0.02207168,  0.14124765, -0.19985370,  0.25234376, -0.18233637,  0.08589388, -0.09482803,  0.03189215,  0.11504568, -0.10019968,  0.19978288, -0.31033623,  0.17632366, -0.05762841,  0.01358516,  0.03187611, -0.03369280,  0.00046941, -0.06210579,  0.00791947, -0.01984670,  0.04720673,  0.09787430, -0.18369734,  0.12421144, -0.15488186,  0.12736285, -0.14010085,  0.26122099, -0.19608921, -0.02771494,  0.14773227, -0.14473833,  0.18395526, -0.26290580,  0.25982110, -0.16309416,  0.18123322, -0.18921094,  0.04658181,  0.09759806, -0.08618574,  0.01834223,  0.11095983, -0.12439134,  0.02689657
  0.05543192, -0.21610669,  0.16098952,  0.10313363, -0.13252844,  0.04527616,  0.03002604, -0.11351036,  0.05766033, -0.00291971, -0.12210050,  0.20152114, -0.04906029, -0.17011809,  0.07240631,  0.04498288, -0.04932589,  0.11072970,  0.03082711, -0.23277906,  0.01812137,  0.03044767,  0.02580134,  0.09625220,  0.16098503, -0.06125447, -0.02129803, -0.14377155, -0.13443907,  0.32230352,  0.15594663, -0.25293707, -0.02729027,  0.17460645, -0.13872480,  0.04790156,  0.07759857, -0.07382815, -0.01805387,  0.06553060, -0.09756280,  0.11723222, -0.14134444, -0.10632705,  0.23991145,  0.15285378, -0.38583548, -0.02715454,  0.25943825, -0.13964797
  0.08934531,  0.01430932, -0.19152448,  0.11814367, -0.11465427,  0.05939212,  0.04862067, -0.03871494,  0.05778562,  0.14304391, -0.05598068, -0.22956715,  0.29931582, -0.11671600,  0.11746710, -0.04268218, -0.15043141, -0.01023760,  0.14882800,  0.03939386, -0.04497823,  0.03352716, -0.17178560, -0.17326184,  0.00957065, -0.03093075,  0.17009633,  0.14832345, -0.19457897, -0.10881829, -0.09605034,  0.13552540, -0.05138958,  0.27826474, -0.37008812,  0.14641994, -0.07343751,  0.18504007, -0.16399401,  0.12999937, -0.04647470,  0.06348434,  0.14921981, -0.21995480, -0.04607023,  0.09132154,  0.15797987, -0.08356044,  0.14166916, -0.15022480
  0.13680056, -0.12632759,  0.01865899, -0.09720591,  0.01329872,  0.04109123,  0.07438679, -0.09266185,  0.04149126,  0.22333942, -0.11284475, -0.07875022, -0.05882714,  0.23951698, -0.01956454, -0.01735352, -0.21214896,  0.16652542,  0.11466099, -0.08911856,  0.05548100, -0.03338046, -0.15544445, -0.17557626, -0.07722540,  0.08039251,  0.16265101,  0.03205414, -0.12418438, -0.13571953,  0.00085466, -0.20034733,  0.42191660, -0.15709776, -0.04308273, -0.19643052,  0.29416421, -0.12417000,  0.14046600, -0.14888323,  0.07414493,  0.12490262,  0.01946249, -0.16147937, -0.02198280,  0.13191934, -0.01002176,  0.24339906, -0.16933792, -0.01243034
 -0.06707848,  0.07712335,  0.01837639, -0.05455478,  0.10208616, -0.10583763, -0.03274416,  0.14296148, -0.16779383,  0.06164641,  0.06650298, -0.20341665,  0.13452618,  0.21214290, -0.32978048,  0.07644662,  0.18177989, -0.27094409,  0.08931945,  0.04192955, -0.24964972,  0.29808410,  0.03616938, -0.16239825,  0.25403074, -0.10107654, -0.15200680,  0.11095932,  0.01022147, -0.05173868,  0.22894956, -0.21031293,  0.05366673,  0.11373811, -0.14892701, -0.00798395,  0.22924053, -0.16784306, -0.11181444,  0.13488113,  0.02421089, -0.08991006, -0.00799837,  0.06278952,  0.00136039,  0.02744165, -0.12772000,  0.01903138,  0.04685924, -0.03493926
 -0.04565992,  0.08935379, -0.08422472,  0.05737380,  0.04088532, -0.10919372,  0.04565341,  0.03146087, -0.01350322,  0.03173569, -0.17414933, -0.00736067,  0.40477354, -0.24148478, -0.19884492,  0.28747655, -0.09935635, -0.02360416,  0.05558373, -0.21276510,  0.19279959,  0.11043283, -0.28765184,  0.21365615,  0.04648751, -0.17405329,  0.08851477, -0.05354068, -0.02167844,  0.08554775, -0.04261776, -0.00503960,  0.15790485, -0.30764508,  0.05363351,  0.27098054, -0.10776248, -0.18789736,  0.09897723,  0.03618759,  0.04217316, -0.11486693, -0.00290587,  0.09112322,  0.01762093, -0.05433250,  0.01388299,  0.00149719, -0.08989490,  0.09432980
 -0.07448161,  0.14328829, -0.08362703,  0.05693555, -0.05362517, -0.06142044,  0.10472298,  0.10164818, -0.29205319,  0.02831221,  0.22905881,  0.01186663, -0.15635626, -0.19559939,  0.21623795,  0.19772832, -0.21739913, -0.17620976,  0.28365534,  0.00275171, -0.12228612,  0.07168605, -0.06187827,  0.19670359, -0.15869942, -0.10152646,  0.15655833, -0.03554481,  0.08317365, -0.10441864,  0.18440458, -0.27676009,  0.05051760,  0.09713304,  0.17190169, -0.20399052, -0.13916620,  0.14298417,  0.11391722, -0.05028787, -0.12229841, -0.02249874,  0.16968721,  0.00038325, -0.15209891,  0.04552525, -0.07352798,  0.09246053,  0.07885749, -0.09635038
 -0.04657318,  0.09932715, -0.06293286, -0.00117096,  0.10416506, -0.21292529,  0.14377377,  0.00842543, -0.11075824,  0.21869568, -0.29020322,  0.11434291,  0.21227364, -0.26615067,  0.13163963, -0.00262042, -0.08562639,  0.17148546, -0.31358493,  0.18904775,  0.05282041, -0.18326352,  0.23890620, -0.11586297, -0.01653668,  0.04231454, -0.08262454,  0.01742855,  0.10798154, -0.11399732,  0.07957575, -0.03023182, -0.00525025, -0.02548316,  0.11371338, -0.16753215,  0.17925844, -0.06057716, -0.17255531,  0.20761757,  0.04102637, -0.23952086,  0.19680567, -0.03153246, -0.04269163,  0.08872189, -0.15314778,  0.08322560,  0.06024665, -0.06946469
 -0.03161088, -0.05396974,  0.16164509, -0.17479394,  0.16322417,  0.01516343, -0.16635087,  0.13991505, -0.25658539,  0.22547459,  0.08769475, -0.34727388,  0.08963860,  0.10147653, -0.13664599,  0.09180704, -0.21085272,  0.23300547,  0.04440274, -0.26525219,  0.18699055, -0.09195635,  0.13433731,  0.15374358, -0.05276474,  0.08615461, -0.05616045, -0.05848642,  0.04640195,  0.13809081, -0.05112659,  0.06552758, -0.04841409,  0.05875260,  0.00162999, -0.08817873, -0.03914990,  0.28177130, -0.22711336, -0.12771921,  0.19083618, -0.03439427, -0.12354585,  0.08476034, -0.08728798,  0.07793802, -0.06671068, -0.13828777,  0.11236675, -0.03811774
 -0.14253653,  0.24013185, -0.21306539,  0.14842794,  0.02012802, -0.06642013,  0.13298949, -0.29843358,  0.05102223,  0.19606271, -0.11087794, -0.15017494,  0.00667250,  0.03209366,  0.11730567, -0.32167414,  0.16446410,  0.11297872, -0.01070232, -0.12921520, -0.03709225,  0.26676265, -0.12733481,  0.27054947, -0.04147919, -0.01189038,  0.05892358, -0.23470898,  0.32247021, -0.10023371,  0.07883021,  0.02428198, -0.07539587,  0.10294905, -0.06681683, -0.10224042,  0.17140620, -0.04218996, -0.02872945, -0.15668467,  0.08545069,  0.07998518, -0.16079123,  0.02300021,  0.02928497, -0.04810553, -0.01429919, -0.11444749,  0.00081676,  0.06856084
  0.02637899,  0.01330492, -0.10432854,  0.13827332, -0.14361122,  0.12347212, -0.10253405,  0.01323629,  0.09811969,  0.02104448, -0.15228299,  0.13351800, -0.04560903,  0.05441741, -0.09375849,  0.01632235,  0.12245675, -0.08441389, -0.00148806, -0.05000711,  0.17429110, -0.15277831, -0.02092189,  0.10263684, -0.26124676,  0.28997754, -0.25861054,  0.16718883,  0.05714936, -0.26156904,  0.26653072, -0.22661713,  0.10245136,  0.06812044, -0.20802445,  0.23811422, -0.14354770,  0.01676176,  0.07203465, -0.13052045,  0.22110657, -0.15782110, -0.01585369,  0.14881937, -0.16894890,  0.12086911, -0.03315256, -0.03625470,  0.13704454, -0.08974901
  0.10266828, -0.18339302,  0.18582576, -0.17589104,  0.08825577, -0.04604835, -0.02254023,  0.16000296, -0.08098381,  0.00219615,  0.00475472,  0.02859289,  0.10773063, -0.11534263,  0.00395612,  0.14736962, -0.11333758,  0.00841432, -0.04151597,  0.06491449,  0.03415571, -0.13406155,  0.00702527, -0.06896970, -0.06729266, -0.00875540,  0.17097229, -0.24077661,  0.23706013, -0.26787462,  0.08535151,  0.05306104, -0.19020080,  0.25410781, -0.19977391,  0.05486526,  0.16056344, -0.33055978,  0.31341646, -0.05943656, -0.07673044,  0.14060833, -0.14350379,  0.14028479, -0.01950371, -0.10275561,  0.21242537, -0.10769011,  0.09527637, -0.06692513
  0.03624678, -0.09034659,  0.14819863, -0.21679035,  0.22018520, -0.19049692,  0.19341618, -0.18978507,  0.15384134, -0.11272454,  0.11442234, -0.06581186,  0.03502126, -0.08867009,  0.16227175, -0.15304912,  0.00636463,  0.07883232, -0.07266547,  0.06654736, -0.10578938,  0.08197918,  0.03594199, -0.20906989,  0.26928817, -0.16148406,  0.04917020, -0.02485652,  0.04792085, -0.07699192,  0.10970320, -0.14084224,  0.19272847, -0.16471271,  0.02028966,  0.18276563, -0.27506719,  0.15081666,  0.09868967, -0.23563316,  0.19409428, -0.06673146, -0.00930039,  0.06818217, -0.14098993,  0.13378840,  0.02022318, -0.18767603,  0.19953041, -0.09097950
  0.08516034, -0.07570827, -0.06758462,  0.12656722, -0.16341177,  0.18720869, -0.19298694,  0.07388874,  0.11955515, -0.04383884,  0.00951472, -0.04060863,  0.04635636,  0.01563382, -0.07823868, -0.05454962,  0.23926234, -0.19181521,  0.06990343, -0.09897442,  0.22354149, -0.20512733,  0.00702683, -0.06919944,  0.14357447, -0.28468379,  0.28552811, -0.12938026,  0.08406168, -0.10856838,  0.02284143,  0.00158362,  0.02647173, -0.09736628,  0.22680064, -0.26797892,  0.14071805,  0.02839686, -0.04663030, -0.03428182,  0.21406630, -0.20241702,  0.10505698, -0.08620811,  0.10261130, -0.07858432,  0.06683550, -0.10391343,  0.27004520, -0.20017656
 -0.14464353,  0.17892472, -0.04832299,  0.09348667, -0.18673665,  0.23399436, -0.16810117,  0.10686266, -0.22801281,  0.14586016, -0.10411794,  0.07307131, -0.04811501, -0.07646869,  0.20263279, -0.11139595, -0.10291075,  0.01533372,  0.18749810, -0.14963676, -0.08621500,  0.07981224,  0.32900048, -0.26996856,  0.17333917,  0.06563929, -0.10880526, -0.07831461,  0.06244538,  0.18912115, -0.14286009,  0.01015734,  0.13233457, -0.11678975, -0.05375564,  0.11870422,  0.04051184, -0.21866352,  0.18543796, -0.12483454, -0.00180002, -0.06334184,  0.11917475, -0.01302059, -0.12083597,  0.02965612,  0.13591371, -0.26060364,  0.01036371,  0.10901884
 -0.00757604, -0.08710925,  0.08334495,  0.08980749, -0.10668402, -0.01563906,  0.18796691, -0.27726244,  0.15313111, -0.08361266,  0.05811587, -0.12374897,  0.09169162, -0.07963437, -0.03207588,  0.10489560, -0.03901982, -0.11270529,  0.10648676,  0.08519006, -0.09362603, -0.16875559,  0.31406009,  0.07540840, -0.15507395,  0.07882776,  0.12975597, -0.14453218, -0.09856657,  0.22810615,  0.07707498, -0.25718534,  0.19086549,  0.04083093, -0.11841634, -0.05221560,  0.14310186,  0.03371326, -0.22293149,  0.11378568,  0.04795371, -0.11560406, -0.07125587,  0.20469843, -0.08010767, -0.23187415,  0.29096541, -0.12985227, -0.14952459,  0.12481921
 -0.04404958,  0.00487773,  0.14888129, -0.19928474,  0.13030130, -0.02448981,  0.01953427, -0.15578353,  0.21383312, -0.16597119,  0.03487916,  0.03716415, -0.09209532,  0.09399820, -0.07713419,  0.08301256, -0.04726289, -0.05407354,  0.23731433, -0.25124655,  0.06765626,  0.07248308,  0.03625741, -0.02298610, -0.10687862,  0.18739031, -0.06042731, -0.22785133,  0.35703806, -0.14742742, -0.06796949,  0.06389955,  0.03474390, -0.05384437, -0.05954882,  0.10047434, -0.00503535, -0.02632676, -0.14738609,  0.27140183, -0.17517871, -0.14152764,  0.35788330, -0.28114792,  0.02775265,  0.09614613, -0.04187282, -0.07359019,  0.04085429,  0.03261999
  0.07938966, -0.15080430,  0.12479680, -0.03396727, -0.11827360,  0.19756935, -0.15444619,  0.01980530,  0.10438707, -0.01402955, -0.05218863,  0.03208882,  0.02946577, -0.04560407, -0.00382717,  0.02750268,  0.02539740,  0.01129100, -0.09549944,  0.22159297, -0.29408907,  0.26486664, -0.22975342,  0.11924037, -0.16863099,  0.05664363,  0.10801806, -0.14549891,  0.03454174,  0.13280698, -0.24540907,  0.10498405,  0.03190212, -0.05939179,  0.04383000, -0.08871586,  0.13235299, -0.06284087, -0.05439271,  0.09404539,  0.06404946, -0.14699907,  0.01733317,  0.23771957, -0.39078063,  0.32736657, -0.10363004, -0.03217271,  0.11952040, -0.07157384
  0.04524703, -0.11169004,  0.11020270, -0.07414988,  0.06959432, -0.10822362,  0.11480159,  0.02801444, -0.18890552,  0.26463071, -0.29195319,  0.29523220, -0.22747113,  0.15012821, -0.05878448, -0.01683899,  0.10443379, -0.15910193,  0.08762904,  0.03547816, -0.06028241, -0.00696862, -0.01970933,  0.02634499,  0.02288374, -0.15581481,  0.25170686, -0.17435849, -0.03625764,  0.10696963, -0.07277712,  0.05887256, -0.12374083,  0.18068327, -0.18668413,  0.15135042, -0.13524802,  0.13376071, -0.04558540, -0.12254836,  0.26157032, -0.26952164,  0.15732415, -0.03501757,  0.02547906, -0.03720258,  0.00719147,  0.12236503, -0.19444255,  0.10138815
  0.03545967, -0.10421238,  0.13252850, -0.12840213,  0.11442365, -0.07010564,  0.01313492,  0.01845872,  0.01525704, -0.07838749,  0.13384102, -0.19162371,  0.23931896, -0.28209131,  0.28001451, -0.26526294,  0.27747460, -0.27734997,  0.22976442, -0.15180634,  0.11330339, -0.10240334,  0.03209506,  0.05881001, -0.10118771,  0.11774825, -0.09668876,  0.09978997, -0.12114842,  0.10128112, -0.07447813,  0.08582992, -0.09427797,  0.08137061, -0.03418370, -0.05168728,  0.12412252, -0.14418303,  0.13864184, -0.12714283,  0.11363083, -0.10440511,  0.06857851, -0.01551675, -0.04861541,  0.11890528, -0.18196179,  0.21347436, -0.17531503,  0.06517953
