 -0.07938349, -0.08504111, -0.09079789, -0.09659604, -0.10240175, -0.10819974, -0.11394562, -0.11960527, -0.12514392, -0.13053392, -0.13575102, -0.14076234, -0.14552945, -0.15001086, -0.15419321, -0.15805699, -0.16157641, -0.16473204, -0.16751231, -0.16990608, -0.17190330, -0.17349160, -0.17466562, -0.17541881, -0.17574612, -0.17565316, -0.17514342, -0.17421992, -0.17288233, -0.17113699, -0.16899975, -0.16647837, -0.16357780, -0.16030754, -0.15667715, -0.15268515, -0.14835300, -0.14370598, -0.13876559, -0.13355873, -0.12812143, -0.12249687, -0.11672417, -0.11084387, -0.10489735, -0.09892222, -0.09296400, -0.08705493, -0.08121676, -0.07547229
  0.14110414,  0.14918796,  0.15657358,  0.16315876,  0.16880321,  0.17333927,  0.17666962,  0.17869613,  0.17934186,  0.17853546,  0.17621729,  0.17236361,  0.16698249,  0.16011252,  0.15175728,  0.14195784,  0.13079005,  0.11834356,  0.10471917,  0.09003745,  0.07443611,  0.05807579,  0.04112030,  0.02374477,  0.00613410, -0.01154309, -0.02911391, -0.04639598, -0.06320732, -0.07938106, -0.09477479, -0.10923811, -0.12262378, -0.13480838, -0.14567654, -0.15510384, -0.16302343, -0.16939373, -0.17418398, -0.17738747, -0.17903091, -0.17916967, -0.17786484, -0.17519622, -0.17126060, -0.16616284, -0.16003709, -0.15300540, -0.14518208, -0.13669006
 -0.21280469, -0.21173377, -0.20807366, -0.20165475, -0.19245364, -0.18057983, -0.16609940, -0.14917498, -0.13002090, -0.10892844, -0.08624691, -0.06232952, -0.03753737, -0.01223559,  0.01309362,  0.03798651,  0.06200547,  0.08470388,  0.10562972,  0.12436240,  0.14052067,  0.15378383,  0.16386833,  0.17056643,  0.17374355,  0.17330621,  0.16925184,  0.16166683,  0.15072587,  0.13665490,  0.11971386,  0.10025204,  0.07868109,  0.05543851,  0.03099540,  0.00588555, -0.01942944, -0.04450276, -0.06888228, -0.09214904, -0.11394171, -0.13395880, -0.15192217, -0.16760618, -0.18084010, -0.19149476, -0.19952895, -0.20491334, -0.20763819, -0.20775321
  0.26771029,  0.24605050,  0.22006071,  0.19031826,  0.15736924,  0.12176155,  0.08443491,  0.04637211,  0.00863504, -0.02774155, -0.06177761, -0.09249654, -0.11896628, -0.14035068, -0.15618592, -0.16610670, -0.16985299, -0.16737162, -0.15884823, -0.14465195, -0.12530306, -0.10143898, -0.07389554, -0.04363319, -0.01170275,  0.02068066,  0.05227654,  0.08191751,  0.10856737,  0.13125936,  0.14911170,  0.16149160,  0.16797394,  0.16827818,  0.16235752,  0.15049271,  0.13299178,  0.11031793,  0.08313411,  0.05222642,  0.01844968, -0.01730172, -0.05403492, -0.09074968, -0.12648261, -0.16031058, -0.19149135, -0.21933814, -0.24323995, -0.26274172
  0.29524195,  0.24266296,  0.18555660,  0.12571452,  0.06536846,  0.00709797, -0.04671336, -0.09376671, -0.13210740, -0.16017267, -0.17691079, -0.18198717, -0.17576128, -0.15931375, -0.13403049, -0.10174805, -0.06461561, -0.02488841,  0.01525416,  0.05374080,  0.08865833,  0.11833271,  0.14143060,  0.15687903,  0.16394765,  0.16237746,  0.15227232,  0.13408341,  0.10863110,  0.07712352,  0.04112277,  0.00239797, -0.03709795, -0.07528596, -0.11006350, -0.13950459, -0.16170500, -0.17501017, -0.17821633, -0.17065031, -0.15216512, -0.12312395, -0.08451096, -0.03779030,  0.01517224,  0.07217388,  0.13093717,  0.18911579,  0.24438435,  0.29464544
  0.29173098,  0.21046496,  0.12731563,  0.04593034, -0.02964527, -0.09522303, -0.14677900, -0.18088955, -0.19538172, -0.18963142, -0.16493333, -0.12455102, -0.07315861, -0.01633843,  0.04014353,  0.09107776,  0.13217514,  0.16055059,  0.17458992,  0.17380458,  0.15925929,  0.13315419,  0.09822415,  0.05725686,  0.01332533, -0.03091638, -0.07340263, -0.11152168, -0.14247444, -0.16367104, -0.17273219, -0.16793675, -0.14883921, -0.11666158, -0.07358057, -0.02274080,  0.03177949,  0.08504457,  0.13166132,  0.16673483,  0.18646841,  0.18836493,  0.17154447,  0.13666500,  0.08570114,  0.02169952, -0.05166108, -0.13082440, -0.21231099, -0.29248304
 -0.11009223, -0.09838370, -0.07242577, -0.03415679,  0.01288280,  0.06397672,  0.11105228,  0.14585763,  0.16092636,  0.15164875,  0.11729190,  0.06083833, -0.01106205, -0.08895590, -0.15975198, -0.21122047, -0.23389731, -0.22245079, -0.17692870, -0.10292987, -0.01065630,  0.08611811,  0.17255080,  0.23521645,  0.26393086,  0.25429374,  0.20792066,  0.13166173,  0.03738576, -0.06025616, -0.14579101, -0.20656918, -0.23470177, -0.22730345, -0.18757815, -0.12437893, -0.04876787,  0.02721074,  0.09211341,  0.13712534,  0.15770680,  0.15369550,  0.12835941,  0.08794673,  0.04031348, -0.00671050, -0.04612568, -0.07404041, -0.08967770, -0.09482443
  0.14617288,  0.09447425,  0.03117393, -0.03512518, -0.09424294, -0.13554096, -0.15102495, -0.13657337, -0.09348020, -0.02827365,  0.04808150,  0.12152134,  0.17753487,  0.20360622,  0.19308962,  0.14618038,  0.06994760, -0.02253793, -0.11480473, -0.19013248, -0.23402541, -0.23731810, -0.19823583, -0.12307289, -0.02489834,  0.07865030,  0.16838454,  0.22787064,  0.24661350,  0.22171576,  0.15886623,  0.07061252, -0.02660658, -0.11548998, -0.18065158, -0.21184944, -0.20512910, -0.16356171, -0.09665074, -0.01796400,  0.05787306,  0.11775167,  0.15211236,  0.15646853,  0.13180676,  0.08396882,  0.02248724, -0.04227092, -0.10082758, -0.14568299
  0.26927791,  0.15724536,  0.03047592, -0.08783359, -0.17655778, -0.22142522, -0.21531633, -0.16178691, -0.07413776,  0.02729577,  0.11973356,  0.18329413,  0.20591637,  0.18515521,  0.12705739,  0.04595355, -0.03846300, -0.10670514, -0.14384693, -0.14283868, -0.10650225, -0.04571830,  0.02267162,  0.07988543,  0.11047624,  0.10591022,  0.06714716,  0.00425848, -0.06528075, -0.12193588, -0.15009919, -0.14071011, -0.09355645, -0.01840208,  0.06782619,  0.14595869,  0.19710012,  0.20808091,  0.17510625,  0.10387544,  0.00844663, -0.09130034, -0.17386790, -0.22054949, -0.21970703, -0.16933311, -0.07800882,  0.03861986,  0.16090066,  0.26886309
 -0.29440804, -0.10246440,  0.07159728,  0.18763550,  0.22797608,  0.19632405,  0.10876014, -0.00551196, -0.11293900, -0.18466691, -0.20345006, -0.16753805, -0.09055702,  0.00487201,  0.09483482,  0.15515512,  0.16932069,  0.13435311,  0.06339760, -0.01917637, -0.08944996, -0.13001401, -0.13121389, -0.09413444, -0.03224252,  0.03725915,  0.09765990,  0.13118183,  0.12490506,  0.07946167,  0.00679639, -0.07444876, -0.14028208, -0.16682981, -0.14349213, -0.07697423,  0.01570324,  0.10966632,  0.17904798,  0.20354042,  0.17357406,  0.09465926, -0.01477246, -0.12590581, -0.20614451, -0.22870897, -0.17877219, -0.05836942,  0.11144147,  0.29360550
  0.28372253,  0.07314010, -0.11360461, -0.22064539, -0.22442813, -0.13811562, -0.00435537,  0.12227204,  0.19442568,  0.18959740,  0.11628714,  0.00640042, -0.09601677, -0.15487252, -0.15278716, -0.09516063, -0.00734070,  0.07601260,  0.12820741,  0.13705534,  0.10333992,  0.04144833, -0.02732070, -0.08689884, -0.12451944, -0.13137960, -0.10406887, -0.04478854,  0.03298735,  0.10789905,  0.15261282,  0.14616177,  0.08581012, -0.01219733, -0.11219945, -0.17462545, -0.17158438, -0.09874448,  0.02069463,  0.14182299,  0.21480957,  0.20798586,  0.11865721, -0.02219149, -0.16057054, -0.24089786, -0.22509931, -0.10546370,  0.08620697,  0.28836972
 -0.07684007, -0.02731411,  0.02503533,  0.06505612,  0.08225933,  0.07040244,  0.02743171, -0.03701316, -0.09952403, -0.13050432, -0.10779206, -0.03073481,  0.07305631,  0.15805657,  0.18106291,  0.12076332, -0.00573755, -0.14596493, -0.23163962, -0.21220354, -0.08794062,  0.08684211,  0.23031770,  0.27258236,  0.18790337,  0.01371305, -0.16666123, -0.26999953, -0.25006876, -0.11730312,  0.06474587,  0.21004511,  0.25394556,  0.18337641,  0.03509665, -0.12182093, -0.21597206, -0.20706594, -0.10433550,  0.03836112,  0.15111642,  0.18414101,  0.12983651,  0.02388756, -0.07677159, -0.12545587, -0.10706274, -0.03956842,  0.03817218,  0.08762009
  0.05293598,  0.02776598, -0.02563222, -0.07712086, -0.09135435, -0.04914058,  0.03612307,  0.11983712,  0.14904213,  0.09569879, -0.02141738, -0.14318829, -0.20002818, -0.15445924, -0.02145739,  0.13380170,  0.23100165,  0.21547768,  0.08914982, -0.08753700, -0.22687688, -0.25731535, -0.16131666,  0.01527957,  0.18462124,  0.26387488,  0.21593829,  0.06239733, -0.11964323, -0.23969947, -0.24023863, -0.12388819,  0.04886797,  0.19154466,  0.23319689,  0.15646615,  0.00525892, -0.13792090, -0.19775008, -0.14984147, -0.02955287,  0.09223712,  0.14915430,  0.11771427,  0.02648426, -0.06513918, -0.10346391, -0.07038237,  0.00730125,  0.07567986
 -0.22891195, -0.01753771,  0.18855470,  0.25917013,  0.15763714, -0.04649975, -0.22907369, -0.27936242, -0.16608338,  0.04007705,  0.21345405,  0.25502270,  0.14858436, -0.02863768, -0.16491322, -0.19200501, -0.11730846, -0.00533777,  0.07998595,  0.11282131,  0.09353014,  0.04107347, -0.01371596, -0.04593510, -0.05444328, -0.04094304, -0.00449949,  0.03190201,  0.03617906,  0.00506641, -0.04061170, -0.06866357, -0.04693237,  0.03160343,  0.11748669,  0.13639650,  0.05518251, -0.08612886, -0.19246213, -0.18226286, -0.05018941,  0.12817530,  0.23947138,  0.20850243,  0.05029291, -0.13977977, -0.24253383, -0.18299907,  0.01294955,  0.22498259
  0.18485847, -0.03580952, -0.20630260, -0.17974844,  0.01499003,  0.20217429,  0.21856411,  0.05195976, -0.15306293, -0.22230819, -0.10309481,  0.09183743,  0.19327629,  0.11986374, -0.05195013, -0.16008556, -0.10737711,  0.04842105,  0.15694808,  0.11418330, -0.04520247, -0.17200391, -0.14202200,  0.02004121,  0.16779106,  0.16699863,  0.01732479, -0.14636186, -0.17667161, -0.04771856,  0.11677123,  0.16421066,  0.05571253, -0.10513780, -0.16340957, -0.05922586,  0.11187713,  0.18891926,  0.09462442, -0.09466809, -0.21306899, -0.14850738,  0.04907241,  0.21074366,  0.19529928,  0.01306625, -0.17760186, -0.20246972, -0.03344867,  0.18387885
 -0.06737033,  0.04374286,  0.06640655, -0.00066394, -0.05826950, -0.03009943,  0.05076347,  0.08309136,  0.01259664, -0.10338378, -0.14371096, -0.04426800,  0.12364826,  0.20994523,  0.11949030, -0.09137904, -0.24747766, -0.20633863,  0.01344179,  0.23715357,  0.26933693,  0.07157091, -0.18947293, -0.28603881, -0.13842135,  0.12399560,  0.27964434,  0.19397315, -0.05912265, -0.25596857, -0.23011661, -0.01640157,  0.19629847,  0.23782344,  0.08772609, -0.11664290, -0.20504987, -0.12057622,  0.04542500,  0.14426856,  0.10407713, -0.01269113, -0.08482515, -0.05350217,  0.02802413,  0.05861553,  0.00237699, -0.06486591, -0.04343733,  0.06669340
  0.15949165, -0.00871253, -0.14123497, -0.16068177, -0.06611873,  0.07440336,  0.17031881,  0.16062171,  0.04622883, -0.10528941, -0.19663281, -0.16373457, -0.01708432,  0.15054387,  0.22293721,  0.14367918, -0.03766834, -0.19538260, -0.21145218, -0.07002833,  0.12056213,  0.21598296,  0.14704958, -0.03452615, -0.18801253, -0.19430169, -0.05031060,  0.13131025,  0.20828061,  0.12404418, -0.05661528, -0.19613150, -0.18815378, -0.04259143,  0.13322836,  0.21411539,  0.14637572, -0.01729645, -0.16044474, -0.19010454, -0.09707150,  0.05172766,  0.15881228,  0.16193358,  0.06591324, -0.06865689, -0.15800213, -0.13651332, -0.00570639,  0.15758076
 -0.17650153,  0.04887190,  0.23578669,  0.16653771, -0.08950044, -0.26297904, -0.18928653,  0.05228826,  0.23466227,  0.19959568, -0.00399784, -0.18347119, -0.19422356, -0.04515430,  0.12882361,  0.17893278,  0.07066416, -0.09121236, -0.15250659, -0.06178472,  0.06499172,  0.09218679,  0.02635483, -0.02490239, -0.01344525,  0.02227979,  0.02355399, -0.03545004, -0.09908456, -0.06256948,  0.07032729,  0.15719549,  0.08803289, -0.07537697, -0.17940672, -0.12782826,  0.04640633,  0.19528630,  0.17978023, -0.00321920, -0.20155041, -0.22605666, -0.03945075,  0.19419461,  0.25465295,  0.07576625, -0.16971079, -0.22885275, -0.04486124,  0.17546572
  0.15907152, -0.07996153, -0.21271267, -0.07887363,  0.16153290,  0.21996442,  0.03029942, -0.18954251, -0.19321426,  0.01741811,  0.20169224,  0.15366310, -0.06240899, -0.20206471, -0.11747600,  0.09503380,  0.20409209,  0.09034565, -0.11546066, -0.18517246, -0.05549952,  0.12288172,  0.15661978,  0.01165533, -0.14211423, -0.12689650,  0.03802101,  0.16165342,  0.10035280, -0.07913131, -0.18179138, -0.08823875,  0.10987836,  0.19269583,  0.06708021, -0.12876631, -0.18509505, -0.03953782,  0.15452624,  0.18205788,  0.00383432, -0.18479495, -0.17218576,  0.03486318,  0.20929880,  0.15110416, -0.07830569, -0.20657154, -0.07812532,  0.15810977
 -0.14619225,  0.08287951,  0.22644387,  0.04584543, -0.22636951, -0.20277705,  0.08887449,  0.25307057,  0.07391986, -0.19622736, -0.18833216,  0.07830314,  0.22593431,  0.05848255, -0.17698750, -0.16608097,  0.05589556,  0.18343773,  0.07463821, -0.09803704, -0.13670939, -0.03603185,  0.08515881,  0.12459709,  0.04482678, -0.07838301, -0.11734410, -0.04768192,  0.05802250,  0.11759059,  0.06221441, -0.08538654, -0.15632578, -0.01955770,  0.16692934,  0.13602023, -0.08868573, -0.20264585, -0.03556759,  0.19177620,  0.16017491, -0.09652408, -0.23402047, -0.05921205,  0.20166099,  0.20112899, -0.05420018, -0.21388694, -0.07803066,  0.14338662
 -0.09593263,  0.09813669,  0.12152702, -0.07164207, -0.15996768,  0.01369559,  0.17086747,  0.04746943, -0.16098520, -0.10979103,  0.12784125,  0.16840087, -0.06763852, -0.20316925, -0.01259728,  0.20372386,  0.09532401, -0.17113417, -0.17418553,  0.09881477,  0.22603582,  0.00132237, -0.23035503, -0.09872221,  0.19126321,  0.17761452, -0.11945633, -0.22810373,  0.02464422,  0.23761516,  0.07973134, -0.19679593, -0.16240136,  0.12226769,  0.20467277, -0.03591516, -0.20982925, -0.04927246,  0.17763705,  0.11480294, -0.12161272, -0.15346074,  0.05950666,  0.16695458,  0.00185896, -0.15816174, -0.05930501,  0.12075581,  0.08849437, -0.09212293
 -0.03399504,  0.02469832,  0.03017878,  0.00245333, -0.00317026, -0.00797104, -0.04084740, -0.03364569,  0.05162980,  0.09435906, -0.01148069, -0.13477432, -0.06758645,  0.12780180,  0.15656181, -0.06288854, -0.21897038, -0.05190321,  0.22021281,  0.18412069, -0.14380700, -0.28731622, -0.00237237,  0.31244940,  0.17627971, -0.22644910, -0.29841859,  0.06271619,  0.31441994,  0.10229973, -0.23715909, -0.21351289,  0.10679094,  0.24651658,  0.02833183, -0.20373630, -0.12377015,  0.11293481,  0.15661612, -0.01530232, -0.12757411, -0.04797278,  0.06258133,  0.05419708, -0.00676826, -0.01496654, -0.00058315, -0.01860492, -0.02293192,  0.03034069
  0.12514948, -0.09822703, -0.17705929,  0.02014029,  0.20933291,  0.10372755, -0.15576722, -0.19383907,  0.04593570,  0.21882892,  0.07949880, -0.17215732, -0.17733812,  0.05982719,  0.20533201,  0.07179757, -0.14643963, -0.15957828,  0.04068014,  0.18094530,  0.07485283, -0.12765618, -0.15927715,  0.00547815,  0.15850060,  0.12152485, -0.06293946, -0.17548177, -0.07153789,  0.13133233,  0.16767227, -0.02400629, -0.19234460, -0.10465688,  0.13682879,  0.20159003, -0.01352277, -0.21629699, -0.11854412,  0.14663099,  0.20596332, -0.02128903, -0.21801250, -0.11043685,  0.14698443,  0.19307927, -0.02028860, -0.17803121, -0.07583377,  0.12140736
  0.10033435, -0.09578177, -0.14761853,  0.07237155,  0.19653629, -0.01234828, -0.20920731, -0.04731760,  0.20328231,  0.11158776, -0.17541809, -0.17700529,  0.11782223,  0.21900482, -0.03741130, -0.22105789, -0.03685740,  0.19415766,  0.08602572, -0.15871949, -0.10661822,  0.13114990,  0.11274032, -0.11850829, -0.11804685,  0.10420982,  0.11205424, -0.09653116, -0.10178127,  0.10646856,  0.11901759, -0.11005950, -0.16177528,  0.08123288,  0.20860551, -0.01701610, -0.23139210, -0.06665478,  0.21343276,  0.14402421, -0.16042280, -0.19741329,  0.09060778,  0.22144730, -0.01632643, -0.21651695, -0.05839416,  0.16327348,  0.09137878, -0.10471073
  0.12887513, -0.15028332, -0.14317518,  0.14094524,  0.17710373, -0.10542691, -0.18547709,  0.07783882,  0.18806671, -0.05474615, -0.19027852,  0.02916833,  0.19131775, -0.00955851, -0.19334036, -0.00718711,  0.20162777,  0.03143849, -0.19931501, -0.05378480,  0.19005805,  0.07606002, -0.18156406, -0.11172003,  0.16154500,  0.14712389, -0.12674214, -0.16627477,  0.09245353,  0.17280219, -0.07274667, -0.18132156,  0.05431120,  0.18524779, -0.03242626, -0.18255416,  0.01637602,  0.18683734,  0.00463155, -0.19350302, -0.03239553,  0.19804265,  0.06089228, -0.19764910, -0.09391549,  0.18738297,  0.13198200, -0.14931412, -0.14413018,  0.12867154
 -0.15155910,  0.18644839,  0.16953635, -0.20856529, -0.18352353,  0.20652163,  0.15454219, -0.21886321, -0.12253017,  0.22229060,  0.08991329, -0.20549058, -0.04901411,  0.18597931, -0.00010188, -0.17520546,  0.04016705,  0.16026221, -0.06046210, -0.13119003,  0.05692951,  0.08637095, -0.04336739, -0.02829018,  0.02849721, -0.00620987,  0.01152196,  0.02035802, -0.07670905, -0.03908711,  0.12582834,  0.05063962, -0.15212065, -0.03543446,  0.16060556, -0.00305116, -0.16541880,  0.05263257,  0.17782936, -0.09957474, -0.19180840,  0.13897270,  0.19419354, -0.17194168, -0.18943002,  0.19955678,  0.19832993, -0.18126278, -0.18288640,  0.15535287
 -0.11188386,  0.18789816,  0.03406095, -0.20894617,  0.03349530,  0.18777624, -0.11067106, -0.14494972,  0.17245413,  0.08092993, -0.20797578,  0.00035298,  0.21084964, -0.07667326, -0.18284804,  0.13799194,  0.12583825, -0.18127453, -0.06120549,  0.19769954, -0.00368997, -0.19085444,  0.06889060,  0.17312274, -0.12552586, -0.13849662,  0.16447805,  0.08348179, -0.18579786, -0.01655305,  0.19477500, -0.05104281, -0.17971650,  0.11787799,  0.13478270, -0.17287413, -0.07209429,  0.19792951, -0.00380412, -0.19075997,  0.08038465,  0.15259953, -0.13939411, -0.09215793,  0.17764847,  0.01990587, -0.19581115,  0.03989183,  0.17821887, -0.10970489
 -0.09400934,  0.13116376,  0.03974939, -0.07976990, -0.01954719,  0.00571954,  0.00933180,  0.04956304, -0.03570852, -0.09107939,  0.09211818,  0.11479893, -0.15843114, -0.10258171,  0.21132319,  0.05363619, -0.24404189,  0.01156761,  0.25660955, -0.07419146, -0.25585978,  0.12477114,  0.23629186, -0.15742150, -0.19995614,  0.19747176,  0.16748554, -0.24053217, -0.13968521,  0.26244532,  0.08991552, -0.26170764, -0.02192080,  0.24691020, -0.05077800, -0.21272907,  0.10382715,  0.16114312, -0.11910187, -0.10336043,  0.09636082,  0.05682482, -0.05196296, -0.03565402, -0.00427374,  0.04889261,  0.07657027, -0.06289417, -0.12787817,  0.10081802
 -0.11744434,  0.16552372,  0.09361675, -0.18922140, -0.08198529,  0.19634794,  0.04391182, -0.20077090, -0.00453715,  0.19762595, -0.02717717, -0.18227692,  0.04611126,  0.16882135, -0.05210487, -0.16463831,  0.04836268,  0.16582497, -0.05674792, -0.17511094,  0.07978613,  0.18063134, -0.10658345, -0.16635498,  0.13564827,  0.14177859, -0.16528282, -0.11632009,  0.18411685,  0.09217193, -0.18134429, -0.06923059,  0.17457709,  0.05645193, -0.17712883, -0.05223156,  0.18542398,  0.03738453, -0.20150426, -0.01083245,  0.21724791, -0.02556601, -0.21896718,  0.06474087,  0.21107488, -0.09852191, -0.19858873,  0.10446752,  0.16868524, -0.12144071
  0.13283370, -0.24228345, -0.00751602,  0.26721594, -0.12920690, -0.18765670,  0.24108678,  0.05519086, -0.25940768,  0.08518024,  0.18060330, -0.17367902, -0.05117786,  0.15856375, -0.04665498, -0.06028555,  0.06282225, -0.04444484, -0.00072558,  0.08792719, -0.08690926, -0.05034924,  0.14985799, -0.05279740, -0.14372231,  0.13652803,  0.06116316, -0.14491214,  0.04217039,  0.08590183, -0.07965778, -0.00519500,  0.03460899, -0.04866053,  0.06799577,  0.02520510, -0.15687874,  0.07484297,  0.16158589, -0.19525771, -0.06762581,  0.26118365, -0.07503448, -0.23224161,  0.20263991,  0.11272378, -0.27100385,  0.02097487,  0.24049775, -0.13615539
  0.06615245, -0.14167730,  0.07591179,  0.05157134, -0.11375743,  0.07490334,  0.04800259, -0.13736307,  0.08080030,  0.08316074, -0.17417088,  0.05564808,  0.15716433, -0.19282974, -0.02587960,  0.23259428, -0.14160743, -0.13755290,  0.24728990, -0.04200894, -0.22116673,  0.20695290,  0.06354938, -0.25856610,  0.13749684,  0.15178949, -0.25147200,  0.04691097,  0.20890169, -0.20802324, -0.05228829,  0.24071351, -0.12265045, -0.14205237,  0.21772590, -0.01860070, -0.18205627,  0.14520826,  0.05308116, -0.16197592,  0.07526582,  0.07374647, -0.12235166,  0.04822007,  0.05757590, -0.10720143,  0.06480993,  0.06663615, -0.14605565,  0.07025056
  0.07387888, -0.11438364, -0.02600345,  0.09305934,  0.02417839, -0.09272923, -0.00477748,  0.12383763, -0.04681708, -0.13739584,  0.13110493,  0.08719806, -0.20578197,  0.02248143,  0.21985249, -0.14942006, -0.14551129,  0.23846026, -0.00189520, -0.23502185,  0.16260332,  0.12295421, -0.24656137,  0.04346785,  0.20483703, -0.19414321, -0.06243564,  0.24977401, -0.10569741, -0.17661582,  0.22754145,  0.01816220, -0.24391806,  0.13513747,  0.16308881, -0.21955443, -0.03635492,  0.21576513, -0.07865007, -0.14612264,  0.13802613,  0.05891332, -0.13277054, -0.00083564,  0.10374486, -0.02449360, -0.10159963,  0.03074499,  0.11701762, -0.07639741
  0.12887614, -0.26084509,  0.06974646,  0.21316050, -0.20138724, -0.06019547,  0.23987204, -0.10384649, -0.16146894,  0.19837820,  0.02502154, -0.20035856,  0.10121893,  0.11786898, -0.16170657, -0.00646803,  0.15320566, -0.07946827, -0.08929047,  0.11733250,  0.01262890, -0.10624306,  0.03202181,  0.07127054, -0.04520219, -0.05554026,  0.07061116,  0.04455102, -0.11683655,  0.00685536,  0.13202488, -0.09503574, -0.08784919,  0.16683355, -0.00882134, -0.17607326,  0.13071804,  0.10703783, -0.21594437,  0.03018606,  0.20701519, -0.17224632, -0.10033701,  0.24848167, -0.07244303, -0.20212790,  0.22408564,  0.06456447, -0.26419149,  0.13170670
 -0.13131416,  0.28870155, -0.15180379, -0.12264817,  0.23773240, -0.11912395, -0.11908706,  0.21144284, -0.07768641, -0.12095730,  0.17930765, -0.03706148, -0.13974627,  0.15994689, -0.01141184, -0.15766089,  0.15809779,  0.01820430, -0.16388936,  0.12544241,  0.02033898, -0.11922569,  0.09518353,  0.01499263, -0.08747389,  0.09197035, -0.02191739, -0.09459221,  0.12432629, -0.02731995, -0.12225060,  0.17035983, -0.02564307, -0.15880388,  0.16303907,  0.00756124, -0.16133778,  0.14469246,  0.03133966, -0.18175420,  0.13105803,  0.07300112, -0.21458206,  0.12788586,  0.11181761, -0.23913319,  0.13136908,  0.14533627, -0.29179255,  0.13518617
 -0.09380129,  0.22686049, -0.16814433, -0.04026113,  0.19648369, -0.17890734, -0.00322911,  0.18002479, -0.19136954,  0.03608601,  0.14719549, -0.19508967,  0.06660098,  0.12287247, -0.19965698,  0.09220861,  0.09217455, -0.18933042,  0.10906649,  0.06858252, -0.17050405,  0.10427319,  0.06352784, -0.15423109,  0.07774514,  0.07993321, -0.15712626,  0.06413690,  0.10717932, -0.17359014,  0.07093978,  0.10839409, -0.19182935,  0.09495658,  0.09072925, -0.19891437,  0.12472121,  0.06231189, -0.19448846,  0.15282291,  0.03170926, -0.19356717,  0.18542507, -0.00882547, -0.17682721,  0.20268940, -0.04918223, -0.16686747,  0.23191505, -0.09667631
  0.09418744, -0.24412802,  0.22856387, -0.05121908, -0.15611557,  0.26491603, -0.17990059, -0.02766397,  0.21017547, -0.24241599,  0.10453191,  0.08885354, -0.19847140,  0.15548910, -0.00727173, -0.11238713,  0.12246828, -0.04267996, -0.05302582,  0.08274766, -0.01559543, -0.07354450,  0.08376832, -0.00591539, -0.08878032,  0.08535716,  0.01341694, -0.08873819,  0.07337165,  0.02032857, -0.08965382,  0.05542536,  0.04434755, -0.12504904,  0.11595978,  0.00458051, -0.15537189,  0.20175702, -0.09269937, -0.10117521,  0.24120823, -0.21430769,  0.03307081,  0.17680098, -0.26585434,  0.16039987,  0.04677485, -0.22698745,  0.24698193, -0.09660217
  0.00486623, -0.01404330,  0.00664580,  0.03050807, -0.07504508,  0.08313142, -0.02570875, -0.07585843,  0.15145931, -0.13147950,  0.00861804,  0.14363756, -0.21568838,  0.14073177,  0.04418885, -0.21240452,  0.23790967, -0.09354889, -0.12255381,  0.25580762, -0.20559535,  0.00309176,  0.20335686, -0.25939635,  0.12064158,  0.10997528, -0.25702601,  0.21192850, -0.01131418, -0.19538955,  0.25857268, -0.13772237, -0.07579015,  0.22923161, -0.21928950,  0.06288418,  0.12228928, -0.20918047,  0.15128723, -0.00622197, -0.11878181,  0.14748868, -0.08057334, -0.01783754,  0.07733216, -0.07267232,  0.03070035,  0.00468243, -0.01202850,  0.00420525
  0.00930399, -0.01102868, -0.02196209,  0.05549704, -0.04288191, -0.02266880,  0.10142435, -0.12150867,  0.04672933,  0.08480108, -0.17985262,  0.15402260, -0.00688393, -0.16491467,  0.23273919, -0.13275335, -0.07255373,  0.23466857, -0.23149802,  0.05858347,  0.16389559, -0.27002429,  0.17444850,  0.05428910, -0.24570866,  0.24994041, -0.06383891, -0.16661298,  0.27131355, -0.17584444, -0.04339589,  0.22318966, -0.24045585,  0.09068984,  0.11344477, -0.22407298,  0.17204783, -0.01133023, -0.13591216,  0.17248241, -0.09065816, -0.03391902,  0.10964508, -0.09570964,  0.02338881,  0.03866660, -0.05116925,  0.01899090,  0.01322681, -0.01029285
  0.08175662, -0.23681371,  0.29308893, -0.20361993,  0.02385232,  0.16466607, -0.25543121,  0.21048943, -0.06733247, -0.09255220,  0.18242932, -0.17119955,  0.09109206, -0.00451399, -0.04757171,  0.06630378, -0.06946699,  0.07811522, -0.07832425,  0.04776721,  0.01871737, -0.10034116,  0.14670110, -0.13031657,  0.05165852,  0.05448798, -0.12876074,  0.14314443, -0.09963338,  0.02239149,  0.03992345, -0.07078170,  0.07751145, -0.07726095,  0.07961602, -0.06003346, -0.00082488,  0.09939200, -0.18596546,  0.19540714, -0.10137896, -0.06334554,  0.21335015, -0.26210372,  0.17109361,  0.01730579, -0.19899552,  0.29420347, -0.24111550,  0.08383398
  0.01691852, -0.04160602,  0.04412315, -0.04391966,  0.05722229, -0.07503654,  0.08262581, -0.05499873, -0.01347603,  0.10096247, -0.16603930,  0.16577531, -0.08617953, -0.04780114,  0.17856823, -0.23990949,  0.19806685, -0.06728155, -0.09945967,  0.22924188, -0.26053515,  0.17895876, -0.02037211, -0.14929082,  0.25755172, -0.26494764,  0.16814657, -0.00190637, -0.16342906,  0.26024464, -0.24581770,  0.12674366,  0.04056852, -0.18426590,  0.24639540, -0.20350422,  0.08034365,  0.06069893, -0.15736998,  0.17605271, -0.12239692,  0.03522059,  0.04156824, -0.08079162,  0.08193162, -0.06660221,  0.05114994, -0.04765012,  0.04246670, -0.01696038
  0.04247776, -0.11109691,  0.10769944, -0.02791752, -0.07036884,  0.12778963, -0.09512147, -0.01359106,  0.13396069, -0.19191917,  0.14174952, -0.00256705, -0.15040440,  0.22957117, -0.19007622,  0.05352342,  0.11230590, -0.22165137,  0.22648028, -0.13074642, -0.01956049,  0.15799219, -0.22982088,  0.20276595, -0.08845964, -0.06320593,  0.18965388, -0.23464639,  0.17857300, -0.04771009, -0.10802878,  0.21977354, -0.23378044,  0.13889060,  0.02481428, -0.17365526,  0.23224988, -0.16961007,  0.02467657,  0.11876847, -0.18460923,  0.14424043, -0.03316219, -0.07653040,  0.11829444, -0.07336738, -0.01786214,  0.09998452, -0.10902103,  0.04262081
  0.07448720, -0.22249894,  0.30573908, -0.28899190,  0.18062842, -0.00627091, -0.15040615,  0.23313255, -0.21161575,  0.10189768,  0.03702445, -0.14602419,  0.18251131, -0.14563076,  0.06774210,  0.01855645, -0.07494447,  0.08196552, -0.05554820,  0.01538423,  0.03245529, -0.06977289,  0.07829263, -0.06250825,  0.03241447, -0.02429642,  0.04126544, -0.05258267,  0.04952150, -0.02289832, -0.01427326,  0.04717218, -0.07332768,  0.07084832, -0.01852263, -0.06684182,  0.14722237, -0.18757448,  0.15543003, -0.04882825, -0.09148815,  0.20671024, -0.23909386,  0.16707891, -0.01718023, -0.15689334,  0.27219823, -0.29837365,  0.22216246, -0.07549285
 -0.00333555,  0.01788700, -0.04642537,  0.08315215, -0.12116815,  0.15367007, -0.17471589,  0.18188695, -0.17613074,  0.16182388, -0.14469261,  0.13049342, -0.12386189,  0.12633914, -0.13675840,  0.15173969, -0.16628156,  0.17546740, -0.17679891,  0.17070470, -0.15941717,  0.14652614, -0.13557167,  0.12894625, -0.12817181,  0.13296146, -0.14235312,  0.15511785, -0.16870537,  0.18034765, -0.18658300,  0.18498072, -0.17516694,  0.15854655, -0.13906801,  0.12202488, -0.11243881,  0.11309205, -0.12401550,  0.14217726, -0.16215676,  0.17754283, -0.18201225,  0.17173792, -0.14654745,  0.11019701, -0.07016043,  0.03406869, -0.00967609,  0.00077696
 -0.05219318,  0.16466612, -0.25430350,  0.29529844, -0.28589133,  0.21946603, -0.11997334,  0.01314040,  0.07601655, -0.12665051,  0.13110125, -0.09405243,  0.03131870,  0.04094737, -0.10083067,  0.12576751, -0.11018340,  0.05793938,  0.00932050, -0.06905765,  0.10560782, -0.11085460,  0.09123967, -0.05095226,  0.00103626,  0.04501114, -0.08285034,  0.10372271, -0.10159259,  0.07817734, -0.03055283, -0.03352869,  0.09914553, -0.14649602,  0.15595720, -0.12249569,  0.05301102,  0.02925557, -0.10136974,  0.14482447, -0.14372193,  0.09259352,  0.00153552, -0.11747374,  0.22780063, -0.30379136,  0.31807095, -0.27510521,  0.17800137, -0.05646739
 -0.00055036, -0.00699945,  0.03460103, -0.08056682,  0.13707702, -0.19249588,  0.23219273, -0.24607898,  0.22850872, -0.17992729,  0.10778514, -0.02324910, -0.06047151,  0.12932031, -0.17114683,  0.17809936, -0.14959541,  0.09159194, -0.01540909, -0.06190413,  0.12240847, -0.15385235,  0.14991880, -0.11151329,  0.04712274,  0.03026213, -0.10163851,  0.14965909, -0.16443796,  0.14211469, -0.08702833,  0.00975848,  0.07451841, -0.14752322,  0.19336008, -0.20350551,  0.17664840, -0.11775323,  0.03765366,  0.04985478, -0.13162235,  0.19639218, -0.23606618,  0.24676377, -0.22949777,  0.19058994, -0.13830084,  0.08488257, -0.04003474,  0.01010005
 -0.02538793,  0.08399829, -0.13924009,  0.17630899, -0.18608409,  0.15799115, -0.09877197,  0.01732114,  0.07021553, -0.14767336,  0.20239854, -0.22306237,  0.20632263, -0.15334612,  0.07120735,  0.02235851, -0.10872150,  0.17045435, -0.19237828,  0.16883078, -0.10875071,  0.02669337,  0.06178392, -0.13563819,  0.17876070, -0.17619343,  0.12724158, -0.04884791, -0.04314637,  0.12883601, -0.19149478,  0.21795531, -0.19690433,  0.13279519, -0.04211711, -0.05822734,  0.14926917, -0.21393149,  0.24480178, -0.24007455,  0.20265473, -0.14111484,  0.06584885,  0.00950102, -0.07086160,  0.10946454, -0.11713384,  0.09975596, -0.06364228,  0.01996616
 -0.00615106,  0.01791104, -0.02351339,  0.01957158, -0.00463931, -0.02365970,  0.06269305, -0.10804821,  0.15316587, -0.19074328,  0.21337492, -0.21497236,  0.19273185, -0.14587137,  0.07805728,  0.00244061, -0.08607955,  0.16256878, -0.22352969,  0.26175855, -0.27247566,  0.25445033, -0.20869677,  0.14148051, -0.06115911, -0.02295334,  0.10035799, -0.16349895,  0.20626052, -0.22464062,  0.21902897, -0.19236815,  0.14973423, -0.09604699,  0.03631054,  0.02351098, -0.07833486,  0.12291098, -0.15339770,  0.16874542, -0.16892321,  0.15529055, -0.13097020,  0.09993344, -0.06658114,  0.03544985, -0.01152520, -0.00350988,  0.00830275, -0.00380331
 -0.00566480,  0.02067953, -0.04079951,  0.06484225, -0.08881988,  0.10560072, -0.11096668,  0.10111150, -0.07436127,  0.03105990,  0.02486051, -0.08741112,  0.15000495, -0.20264706,  0.23588125, -0.24480737,  0.22709212, -0.18383160,  0.12087621, -0.04498441, -0.03743550,  0.11799013, -0.18812508,  0.24056832, -0.26953999,  0.27367655, -0.25303379,  0.20978252, -0.14908750,  0.07729735, -0.00384471, -0.06476557,  0.12426887, -0.17012182,  0.19866691, -0.20728461,  0.19633236, -0.16766683,  0.12601967, -0.07703027,  0.02592314,  0.02121000, -0.05991392,  0.08681820, -0.09980295,  0.09860785, -0.08428060,  0.06245541, -0.03579193,  0.01039679
 -0.00561890,  0.01474721, -0.01539721,  0.00650493,  0.01029396, -0.03484434,  0.06400417, -0.09556230,  0.12701659, -0.15612098,  0.18119842, -0.20044126,  0.21295438, -0.21809754,  0.21660360, -0.21049196,  0.20099838, -0.18941806,  0.17539797, -0.15855389,  0.13877602, -0.11600957,  0.09117606, -0.06348666,  0.03280279,  0.00020059, -0.03485097,  0.06905201, -0.10185414,  0.13277941, -0.15997985,  0.18245382, -0.19947096,  0.21167518, -0.21996687,  0.22363396, -0.22250206,  0.21557865, -0.20233939,  0.18357169, -0.16006652,  0.13302500, -0.10393741,  0.07444029, -0.04630369,  0.02170543, -0.00349350, -0.00762242,  0.00991372, -0.00412242
 -0.02385617,  0.07692344, -0.12659670,  0.16813004, -0.19967751,  0.21356226, -0.21416796,  0.20125626, -0.17778019,  0.14599699, -0.10688539,  0.06441434, -0.02104483, -0.01799430,  0.04759490, -0.06930787,  0.08385659, -0.09330749,  0.10400257, -0.11923518,  0.13580124, -0.15303721,  0.17197021, -0.18936163,  0.20366440, -0.20698905,  0.19884296, -0.18673968,  0.17152692, -0.15610147,  0.13915589, -0.12106271,  0.10675930, -0.09389750,  0.07643594, -0.05281963,  0.02254904,  0.01554689, -0.05749457,  0.09885407, -0.13720128,  0.16920859, -0.19366392,  0.20834058, -0.21007891,  0.19849615, -0.16904179,  0.12854093, -0.07847968,  0.02439644
