 -0.14165113, -0.14164439, -0.14164158, -0.14164104, -0.14164123, -0.14164167, -0.14164190, -0.14163767, -0.14163044, -0.14162077, -0.14160932, -0.14159649, -0.14158233, -0.14156755, -0.14155208, -0.14153572, -0.14151903, -0.14150250, -0.14148690, -0.14147264, -0.14145822, -0.14144469, -0.14143165, -0.14141905, -0.14140690, -0.14139504, -0.14138313, -0.14137151, -0.14136111, -0.14135167, -0.14134240, -0.14133336, -0.14132401, -0.14131506, -0.14130639, -0.14129760, -0.14128898, -0.14128080, -0.14127286, -0.14126496, -0.14125687, -0.14124772, -0.14123881, -0.14123051, -0.14122220, -0.14121435, -0.14120678, -0.14120018, -0.14119341, -0.14118693
  0.39932022,  0.41981634,  0.40365657,  0.35962927,  0.29704740,  0.22107367,  0.13804048,  0.07068195,  0.01553627, -0.03208560, -0.07228558, -0.10471680, -0.12816825, -0.14342963, -0.15121103, -0.14974139, -0.14021585, -0.12797104, -0.11656888, -0.10743113, -0.09591791, -0.08552907, -0.07575116, -0.06588176, -0.05653494, -0.04860010, -0.04110350, -0.03454967, -0.03022782, -0.02817261, -0.02555248, -0.02404580, -0.02102774, -0.01923069, -0.01908704, -0.01987406, -0.02375806, -0.02730924, -0.03077799, -0.03467632, -0.03695055, -0.03474692, -0.03222618, -0.03059797, -0.02806880, -0.02522058, -0.02105337, -0.01812151, -0.01203060, -0.00748344
 -0.10731089, -0.03545298,  0.03502501,  0.09920583,  0.15364970,  0.19473543,  0.21965599,  0.23582494,  0.24326500,  0.24447611,  0.23919929,  0.22783061,  0.21182560,  0.19108088,  0.16812682,  0.14499398,  0.12228974,  0.10158945,  0.08175463,  0.06148140,  0.04407203,  0.02734117,  0.01217889, -0.00164177, -0.01397607, -0.02422639, -0.03198565, -0.03844443, -0.04670353, -0.05632306, -0.06569869, -0.07449017, -0.08171992, -0.08879986, -0.09545838, -0.10092102, -0.10592037, -0.11314259, -0.12163671, -0.13046677, -0.13941724, -0.14606558, -0.15281470, -0.16057357, -0.16783962, -0.17578290, -0.18399677, -0.19372621, -0.20239908, -0.20956328
 -0.53582574, -0.27359264, -0.05297381,  0.11315645,  0.22344219,  0.25858420,  0.20409981,  0.16622935,  0.14452070,  0.11609058,  0.08063725,  0.03588636, -0.01404949, -0.06672418, -0.12245109, -0.16102185, -0.16833623, -0.16086929, -0.15288639, -0.15507025, -0.14626194, -0.13891324, -0.13381183, -0.12371786, -0.10869153, -0.09652555, -0.08038037, -0.06107793, -0.04339744, -0.03265102, -0.01744146, -0.00773212,  0.01383820,  0.03810938,  0.06325505,  0.09255772,  0.10235838,  0.11118610,  0.11498384,  0.10589300,  0.09343692,  0.09560499,  0.10054229,  0.09822101,  0.09204872,  0.08208135,  0.07746748,  0.06698940,  0.07912905,  0.08586693
 -0.13168356, -0.08187925, -0.02658084,  0.02057703,  0.04438178,  0.04263944,  0.02302398, -0.00540664, -0.02889467, -0.05104013, -0.06906304, -0.08651699, -0.10882421, -0.12992898, -0.14656239, -0.15166464, -0.13654799, -0.10922879, -0.07089193, -0.02348332,  0.02221679,  0.07018420,  0.11253495,  0.15147484,  0.18693244,  0.21118814,  0.22257575,  0.22056763,  0.21229382,  0.20002565,  0.18552996,  0.17001407,  0.15597312,  0.14704984,  0.14346344,  0.14049146,  0.12423554,  0.10191553,  0.07286449,  0.03797266,  0.00230463, -0.04144632, -0.08752331, -0.13620433, -0.18723233, -0.23221376, -0.26324943, -0.26873722, -0.24414862, -0.20339461
  0.21512986,  0.06353956, -0.09244812, -0.15023185, -0.10457874, -0.01568133,  0.03879863,  0.05614274,  0.03681760,  0.02043865,  0.01311306,  0.03427837,  0.08823926,  0.12262245,  0.12071672,  0.08517126,  0.02417045, -0.03991190, -0.10394033, -0.17284867, -0.21052776, -0.22889324, -0.21976257, -0.19302180, -0.15075607, -0.07668000,  0.01846728,  0.11896103,  0.18035005,  0.18830189,  0.15730508,  0.10005470,  0.03156741, -0.03784838, -0.09300905, -0.11726150, -0.07181566, -0.00860283,  0.05766680,  0.11765021,  0.16234660,  0.20683781,  0.21567874,  0.18816494,  0.15861429,  0.09830593, -0.00716634, -0.15429360, -0.30057014, -0.36970165
 -0.11532837, -0.11916150,  0.05987258,  0.25036201,  0.26795703,  0.07657698, -0.16435563, -0.28227196, -0.27902378, -0.16812711,  0.00266960,  0.14812320,  0.19493163,  0.12716738,  0.02370877, -0.03442727, -0.04729328, -0.03357075, -0.01198374,  0.00898411,  0.03063893,  0.02898073,  0.02299791,  0.02983635,  0.05914038,  0.11528533,  0.18929789,  0.23861247,  0.20313678,  0.07922645, -0.09222049, -0.24288472, -0.31352040, -0.30415579, -0.22752459, -0.10890536,  0.00847226,  0.06299146,  0.03681740, -0.01192731, -0.01715750,  0.03626728,  0.09842360,  0.12553342,  0.09783286,  0.02607658, -0.04273816, -0.06460583, -0.02137555,  0.05267947
 -0.16169895,  0.15666719,  0.32065876,  0.15926273, -0.20866995, -0.41616203, -0.25456400, -0.03427941,  0.12182436,  0.25185908,  0.27678196,  0.16911300, -0.01191270, -0.14544179, -0.10977741, -0.00288778,  0.03112565,  0.03052829,  0.01193688, -0.01712948, -0.07499308, -0.11702034, -0.10498745, -0.05971872,  0.00423081,  0.07884628,  0.12227663,  0.08866117, -0.03687092, -0.14849489, -0.20230124, -0.13131637, -0.02752042,  0.05763407,  0.11117709,  0.11756182,  0.10396174, -0.00197515, -0.07352025, -0.00168812,  0.13138352,  0.19605926,  0.16463943,  0.05838345, -0.06170394, -0.13179400, -0.12952892, -0.05513748, -0.02747842, -0.01606542
  0.10045063,  0.09094519, -0.05061762, -0.16514217, -0.11302504,  0.03537507,  0.10179646,  0.12139885,  0.08302537,  0.01054337, -0.06730850, -0.09512287, -0.03066537,  0.07779835,  0.14804766,  0.13452970,  0.05468575, -0.04263304, -0.13951326, -0.21363598, -0.19221181, -0.11157882,  0.00463486,  0.11136219,  0.17032641,  0.16775946,  0.11388266,  0.03000078, -0.06393131, -0.13806719, -0.17436331, -0.19745075, -0.19492717, -0.17054089, -0.11299554, -0.01303940,  0.11078691,  0.23567417,  0.32893837,  0.31997563,  0.18698116,  0.01682104, -0.14412783, -0.23736152, -0.21656284, -0.11554437,  0.00869532,  0.07076925,  0.08805835,  0.07698303
 -0.14998372, -0.05279527,  0.04960458,  0.06538756,  0.04981687,  0.05733034,  0.06215187,  0.05776568,  0.04339712, -0.01461161, -0.09608180, -0.18285063, -0.23555502, -0.18682166, -0.06195807,  0.07720994,  0.18839256,  0.23555037,  0.21185788,  0.13491362,  0.02682163, -0.05866713, -0.10466800, -0.09438387, -0.03882527,  0.00967729,  0.03996535,  0.05366731,  0.08220559,  0.12374867,  0.14747831,  0.11197407,  0.01885405, -0.10654645, -0.21997455, -0.27081287, -0.28245772, -0.19133672, -0.01739329,  0.15467623,  0.24213134,  0.20688676,  0.10412493, -0.02411395, -0.15885605, -0.21991522, -0.16319583, -0.01959497,  0.15531872,  0.24060387
  0.12813091,  0.05372211, -0.17694136, -0.25116173, -0.04513654,  0.14585695,  0.10085963,  0.12223198,  0.15340498,  0.14388277,  0.06372611, -0.03399043, -0.07899125, -0.12966778, -0.20829557, -0.24661525, -0.19487507, -0.06982256,  0.02810181,  0.06646183,  0.16019266,  0.20517780,  0.21833701,  0.20666453,  0.16618249,  0.11474581,  0.06452829, -0.00319549, -0.10419365, -0.18294765, -0.19050055, -0.16919572, -0.09933266, -0.06040286, -0.08153853, -0.13472173, -0.17074003, -0.13658518, -0.03932736,  0.03705342,  0.08314356,  0.18490343,  0.23170361,  0.20471924,  0.16153074,  0.08101859, -0.02092957, -0.14608958, -0.14328701, -0.00787509
 -0.37035477,  0.23480534,  0.35848223, -0.15573737, -0.28263195,  0.09037102,  0.06361274, -0.02440830, -0.00914391,  0.06126103,  0.08848837, -0.03567650, -0.10867748,  0.02355915,  0.11358255, -0.01397258, -0.14231980, -0.12300881, -0.04193823, -0.07598658, -0.06105974,  0.03556090,  0.06874407,  0.10038291,  0.15824236,  0.08880602,  0.05908398,  0.08083842,  0.08696365,  0.13688462,  0.20222015,  0.07301177, -0.07286718, -0.18088955, -0.14752007,  0.00809495, -0.13159458, -0.25259720, -0.12975798, -0.00277903, -0.05483152, -0.13701021, -0.07559274, -0.01921055,  0.01759687,  0.13451318,  0.27521914,  0.17834503,  0.07813138, -0.16706226
  0.06800236, -0.18013698,  0.02734821,  0.29501997, -0.01564535, -0.33306429, -0.10716119,  0.11967454,  0.18337834,  0.09291177,  0.01639097,  0.02449583, -0.02186570, -0.11053757, -0.10482590, -0.02222048, -0.01565013, -0.11863416, -0.10954340,  0.04132736,  0.11886026,  0.17536073,  0.20472533,  0.14096743,  0.00527015, -0.11330318, -0.22917095, -0.20907109, -0.01179011,  0.14284703,  0.19162150,  0.14698811, -0.06384604, -0.25120419, -0.29972067, -0.16512771,  0.12852507,  0.21410275,  0.07173825,  0.02797724,  0.12180131,  0.09043841, -0.06076856, -0.11360580, -0.01093546,  0.08916003,  0.10317576,  0.07034878, -0.08751519, -0.15714433
 -0.04690543,  0.10903798,  0.12603726, -0.13608615, -0.20148105,  0.03524044,  0.15995723,  0.10489804,  0.00314658, -0.04797677, -0.05125850, -0.08274327, -0.10550388, -0.05637652, -0.01630283, -0.04572882, -0.05461743,  0.05342590,  0.20652127,  0.26932097,  0.24039364,  0.13943108, -0.03461307, -0.20227559, -0.28050111, -0.26123309, -0.11613785,  0.07661706,  0.17215907,  0.13150030, -0.01724582, -0.21877209, -0.29291246, -0.16853477,  0.07896483,  0.27477105,  0.23016023,  0.11502274,  0.11295729,  0.13196453,  0.03748040, -0.08557271, -0.07735928,  0.02079008,  0.05635052,  0.00862568, -0.07025826, -0.13731363, -0.09149701,  0.00437076
  0.06638762, -0.08334800, -0.18747723,  0.03311171,  0.08616335, -0.08133432, -0.01737962,  0.13747888,  0.23954296,  0.14370055, -0.04086155, -0.13369844, -0.16824463, -0.21158894, -0.20706741, -0.05107756,  0.17096048,  0.22970292,  0.15446945,  0.05611406, -0.11078181, -0.21171540, -0.18786860, -0.05665665,  0.09012382,  0.20483002,  0.21879572,  0.16234611,  0.14738872,  0.08341723, -0.04775783, -0.10796822, -0.11984922, -0.06696318, -0.01769353, -0.02104398,  0.05021063,  0.11034345, -0.03221744, -0.21502726, -0.23476337, -0.18171529, -0.12205413, -0.03570201,  0.12057424,  0.24056028,  0.21312044,  0.12699329, -0.03088439, -0.10346761
 -0.06193121, -0.21510724,  0.16592115,  0.19542584, -0.12279450, -0.02286274,  0.19649365,  0.20550422, -0.01517071, -0.24076756, -0.25604781, -0.18275343, -0.15014019, -0.04976598,  0.17423880,  0.31931054,  0.20394886,  0.00598500, -0.07007142, -0.12368974, -0.10338932, -0.00735239,  0.11825134,  0.15626086,  0.13192187,  0.06213816, -0.04026561, -0.03962790, -0.03800216, -0.11540951, -0.08064822, -0.05735214, -0.04743756, -0.02190716,  0.01196451,  0.15298907,  0.18426048, -0.09034376, -0.27624696, -0.14424331,  0.02793839,  0.08571208,  0.07952434,  0.16827118,  0.20708965,  0.06817524, -0.06462910, -0.18235046, -0.13679107,  0.03583296
  0.06849196, -0.10839914,  0.06467498,  0.09560205, -0.12747598, -0.11100564,  0.06742999,  0.09686437, -0.06712139, -0.14490486,  0.04950505,  0.27027851,  0.20612059, -0.04848916, -0.19756777, -0.14831715, -0.02614283,  0.08180541,  0.10428337, -0.01032791, -0.14003851, -0.16797952, -0.01918587,  0.10565260,  0.10553529,  0.03372647, -0.07075009, -0.05235374,  0.04448567,  0.04606222,  0.02778013, -0.01779862, -0.00884214,  0.07329463,  0.07857587, -0.01606494, -0.15824417, -0.22471647,  0.00804442,  0.31090754,  0.22138001, -0.17110884, -0.39369081, -0.09809705,  0.26582837,  0.21470220, -0.06149998, -0.19771991, -0.02777339,  0.17457014
  0.00076279, -0.01052322, -0.05281702,  0.02983473,  0.08712207, -0.01859080, -0.07052084,  0.08358296,  0.08780154, -0.09344501, -0.21658395, -0.08036118,  0.17250476,  0.22306410,  0.06105576, -0.12122617, -0.20342913, -0.08610475,  0.09527042,  0.17554116,  0.13669261, -0.05735859, -0.18041517, -0.11545319,  0.02664677,  0.11749983,  0.10606929,  0.01615828, -0.06358588, -0.04342465, -0.00415927, -0.00757754, -0.02555610, -0.02439851,  0.04626159,  0.13874788,  0.09145117, -0.15684252, -0.30155689, -0.07683655,  0.27984935,  0.33524056, -0.04163825, -0.35523574, -0.20692227,  0.15107811,  0.25144834,  0.01452674, -0.13863144,  0.02499244
 -0.11686811,  0.27901470, -0.21192441, -0.05363459,  0.32089606, -0.18406066, -0.18767122,  0.02840422,  0.11462501,  0.13382694, -0.07304274, -0.15235692,  0.00007870,  0.09725551,  0.06844231,  0.00403277,  0.05352054,  0.08066337, -0.13203597, -0.13572783, -0.08508395, -0.01860786,  0.07050478,  0.19529392,  0.09517769, -0.12246323, -0.12152740, -0.16402736,  0.00233106,  0.37339958,  0.08808918, -0.14799916, -0.22069487, -0.10171699,  0.26421912,  0.21563399, -0.14436524, -0.14510910, -0.04768816, -0.02338073,  0.05596312,  0.00855989,  0.05122130,  0.00634685,  0.01886816,  0.06552840, -0.17474937, -0.09027849,  0.10063950,  0.06247919
  0.07610631, -0.15881494, -0.02925473,  0.19364873, -0.16768443, -0.14462578,  0.10212470,  0.16558762,  0.17453970, -0.04051149, -0.15580965, -0.03290509,  0.07313646,  0.10293535,  0.02979712, -0.03903595, -0.04940469, -0.20404719, -0.16438286, -0.00732296,  0.02826387,  0.10903113,  0.12463921, -0.02442793, -0.12451205, -0.06575913,  0.00113823,  0.17886863,  0.40034053,  0.09755970, -0.19427411, -0.24078531, -0.05450952,  0.25754241,  0.17917548, -0.15384436, -0.26481440, -0.11996703, -0.02869211, -0.00390642, -0.01731157, -0.00995155,  0.00975840,  0.00329515, -0.05138991, -0.16266986,  0.02934442,  0.26167803,  0.18829708, -0.07612212
  0.25978863, -0.27936597,  0.09977646, -0.10804093, -0.14103685,  0.26701236, -0.19977195, -0.20708206,  0.24491800,  0.23301238,  0.06356572, -0.00626665,  0.01258298,  0.01883962, -0.03116843,  0.03429659, -0.05185564, -0.09408754, -0.02979612, -0.09589943, -0.07618329, -0.08947348,  0.03390140, -0.02387369, -0.01968164,  0.11385860, -0.15175478, -0.01261195,  0.10672173,  0.02809067,  0.34778521, -0.04236499, -0.29010436,  0.06272066,  0.05251199,  0.02017353,  0.15985296, -0.08716148, -0.13020489, -0.06048488, -0.08056293,  0.09211279, -0.10007861,  0.06835625, -0.00267178, -0.19710736,  0.01601208, -0.01428725, -0.04883743,  0.33589660
 -0.01813043, -0.01490587, -0.06509734,  0.28265235, -0.20028623,  0.09374375,  0.17947115, -0.22445562, -0.12203988,  0.07325562, -0.08296727, -0.11058781,  0.02725288,  0.14037468, -0.01898327, -0.16406776,  0.02375825,  0.09044788,  0.19534408,  0.21636497, -0.07673191, -0.18709678, -0.03532833,  0.08796818,  0.14289000,  0.16112022, -0.09755738, -0.35158676, -0.02995704, -0.07375962,  0.03301697,  0.09095270, -0.24869507, -0.04424036,  0.23881251,  0.05437072, -0.10149461,  0.06440147,  0.08459845,  0.08262361, -0.00802016,  0.05899546,  0.12975719,  0.04142656,  0.07029266, -0.19748885, -0.02364567,  0.19400732, -0.04560148, -0.31523945
 -0.07336004, -0.11025404,  0.34978893, -0.21886683,  0.18051458,  0.00665446, -0.09091415, -0.03889696,  0.06983593, -0.14270282, -0.16591016, -0.00695602,  0.12149016, -0.00755770, -0.11830008, -0.02730296,  0.09475552,  0.14339853,  0.17881985,  0.05347932, -0.18882662,  0.03307014,  0.09425808,  0.00359102,  0.20078116, -0.06941716, -0.29539774,  0.05754174, -0.11591621,  0.06988372,  0.02716373, -0.30060390,  0.06653858,  0.20685969,  0.02735624, -0.06647088, -0.09032323,  0.07731431,  0.21353456, -0.09426043,  0.10145733,  0.02710176,  0.00529555,  0.17273936, -0.24445304, -0.00024949,  0.19686642,  0.05225227, -0.21713533, -0.14828341
  0.10209488, -0.16254680,  0.08427164, -0.08866317,  0.14329345, -0.15988213, -0.01039804,  0.23682694, -0.15026620, -0.06710955,  0.28458292, -0.21037305, -0.07854172,  0.22782381, -0.06418082, -0.06878543,  0.05576155, -0.16431142,  0.00947746,  0.13924112, -0.01742915, -0.07404451,  0.03479881, -0.12447147,  0.03922385,  0.16262604, -0.07092981,  0.04169763, -0.08142934,  0.00700141,  0.08684149, -0.11723824,  0.12325750, -0.07722697, -0.15110462,  0.22878457,  0.03784256, -0.31779801,  0.28243635, -0.03674201, -0.20217775,  0.21343179, -0.08577504, -0.04188880,  0.18469183, -0.08698094, -0.18846042,  0.17961282,  0.05552892, -0.06240858
  0.00194264,  0.00166562, -0.00535282,  0.00457594, -0.03020248, -0.07370265,  0.17935706, -0.04698515, -0.20969756,  0.30046571, -0.01699609, -0.22456421,  0.25302652, -0.05121376, -0.19189834,  0.24541909, -0.07218405, -0.10272617,  0.08800237, -0.13911556, -0.01045825,  0.12241940, -0.05481114, -0.00294210,  0.00197337, -0.07765788,  0.04574675,  0.09387758,  0.01174183,  0.01715343, -0.10389560,  0.12541270,  0.08163168, -0.22311278,  0.10290642,  0.12061711, -0.27039356,  0.12250101,  0.09720833, -0.29288015,  0.14930638,  0.13351405, -0.30809134,  0.11326209,  0.08927743, -0.15463038,  0.12460876,  0.02358098, -0.14358234,  0.15591962
  0.04458872, -0.06708770,  0.05775067, -0.09511349,  0.11957776, -0.15535067,  0.17685174, -0.17272101,  0.16970839, -0.11529694,  0.13172248, -0.15195924,  0.18635333, -0.20762422,  0.21218251, -0.14609607,  0.08220629, -0.15386203,  0.14595498, -0.15422327,  0.20023768, -0.19065829,  0.13486492, -0.17129865,  0.16100671, -0.12341649,  0.17451859, -0.15531070,  0.11580894, -0.12708750,  0.13664020, -0.09465788,  0.10350525, -0.17194382,  0.16726572, -0.13797051,  0.13378555, -0.11628794,  0.10418061, -0.15668380,  0.19312380, -0.19171338,  0.12229452, -0.05967571,  0.09177763, -0.11243493,  0.07994543, -0.10915759,  0.12386015, -0.03208800
  0.11400006, -0.14652820,  0.03413625, -0.03761494,  0.09177098, -0.14585813, -0.01708298,  0.17433400, -0.00732091,  0.07842130, -0.16731700,  0.13452203, -0.01625887, -0.14325607,  0.30692728,  0.02432283, -0.39537599,  0.03085519, -0.00081475,  0.08848915,  0.09036299, -0.02773030, -0.15469813, -0.10707452,  0.02379805,  0.33624995, -0.11338379,  0.04756456, -0.15421401,  0.01166348,  0.05376418,  0.05847041, -0.02767456, -0.13639128,  0.06024044,  0.03418850, -0.06196050,  0.03341845,  0.00003964, -0.03821861,  0.11363771, -0.17545576, -0.11372425,  0.40694471, -0.13093046, -0.01705771, -0.12268928, -0.02876159,  0.25731478, -0.11806968
 -0.01695341,  0.10600823, -0.11936117,  0.02038917,  0.01144668,  0.07254425, -0.17776640,  0.03333581,  0.23372515, -0.19860860, -0.05624697,  0.16791630, -0.00178397, -0.09655534, -0.03256803,  0.26012504, -0.13011030, -0.34758323,  0.37573937,  0.06184670, -0.33402919,  0.27370709, -0.04002979, -0.23425903,  0.16694877,  0.01817768,  0.12058353, -0.21808816, -0.00718004,  0.13045678, -0.05899459, -0.01246141,  0.05502832, -0.03846420, -0.05342044,  0.07138239, -0.02517445,  0.03946127, -0.03794647,  0.06023909, -0.03743999, -0.05168954,  0.04796847, -0.03240635,  0.17932241, -0.15300634, -0.07525099,  0.08416856, -0.00553572,  0.00237907
 -0.06254212,  0.06798004,  0.02600519, -0.02972142, -0.04345378,  0.12193123, -0.03002999, -0.14370508,  0.05298063,  0.21227490, -0.28637454, -0.02085367,  0.21806135, -0.11837520, -0.11501126,  0.12726610,  0.21412919, -0.23092097, -0.20760667,  0.40397891, -0.09537765, -0.21476581,  0.34208633, -0.10141641, -0.24766893,  0.16122641,  0.11455181, -0.01991277, -0.13910575,  0.04595049,  0.00694759, -0.08171254,  0.11525922, -0.00899015, -0.08425176,  0.04952149, -0.00955146, -0.03651567,  0.04885204, -0.01301157,  0.07336060, -0.04379773, -0.03429458, -0.01126461,  0.03062236,  0.14254261, -0.07398691, -0.13454537,  0.15596176, -0.09272409
 -0.05173973,  0.07778043, -0.03832299,  0.03097762, -0.01633446,  0.05912235, -0.11631578,  0.12681474, -0.08170768, -0.06346150,  0.01716701, -0.02163960,  0.16442747, -0.21838891,  0.03083620,  0.14777495, -0.24988857,  0.23471090,  0.10701862, -0.15455145,  0.06447810, -0.12910745,  0.11526493,  0.15434610, -0.29648460,  0.23419210, -0.02227129, -0.35960853,  0.27173913,  0.08343011, -0.11403773, -0.10351715,  0.11683581,  0.06113413, -0.12721070,  0.06825247,  0.07540532, -0.15632127,  0.18049178, -0.00419780, -0.17235707,  0.14499081,  0.02806330, -0.01508007, -0.05887588, -0.12157645,  0.26105486, -0.13764532, -0.00211621, -0.02354653
 -0.02100116,  0.07950118, -0.06652071, -0.03830349,  0.03692532,  0.05501289, -0.00651783, -0.07044075, -0.01202725,  0.00226861, -0.00914540,  0.18898732, -0.12198839, -0.12845167,  0.14644880, -0.10260277,  0.04181852,  0.13665201, -0.04923601, -0.03401824, -0.16055103,  0.05366858,  0.31185763, -0.33599444,  0.10589395,  0.16116378, -0.40114330,  0.11236035,  0.33739046, -0.20676836, -0.14600260,  0.20190734,  0.00300486, -0.15478956,  0.08484581,  0.10107052, -0.09899413,  0.02526602,  0.05591826, -0.16454883,  0.03926083,  0.17068346, -0.01173664, -0.21877756,  0.02478903,  0.13914675, -0.07200021,  0.00104812, -0.00803599,  0.02270796
 -0.06142688,  0.17655453, -0.24189692,  0.23723468, -0.13597847,  0.09806660, -0.19233926,  0.20138156, -0.11173299,  0.00515322,  0.02775001, -0.02621563, -0.01712394,  0.00249567,  0.05799764, -0.03558857, -0.02782856,  0.14946941, -0.20818152,  0.15470724, -0.05335277,  0.06459449, -0.00554472, -0.16833913,  0.23287783, -0.14571523, -0.01428116,  0.11313470, -0.06060802, -0.18548690,  0.30776312, -0.20571812,  0.00254180,  0.13160692, -0.09647307,  0.02144589, -0.01862797,  0.02004909,  0.08500125, -0.12301315,  0.11584501, -0.02716553, -0.08001817,  0.02969185,  0.17343197, -0.28024739,  0.28450119, -0.24480903,  0.11608406, -0.04167118
 -0.14893653,  0.08779588,  0.07917592, -0.06944892,  0.24727597, -0.10765142, -0.08778039, -0.11285988,  0.23542994, -0.15553326, -0.04465388, -0.13851333,  0.01868670, -0.00689987, -0.05561929,  0.29059489, -0.14602188,  0.11971800, -0.08947407, -0.00515477,  0.15749080,  0.05670248,  0.03065309, -0.00603071, -0.19605932,  0.12182741,  0.01511966,  0.12904408, -0.08649462, -0.30012328,  0.07935214,  0.20805662, -0.30431088,  0.20939207,  0.07269963, -0.11022326, -0.06478459, -0.06545909,  0.14269724,  0.09757554,  0.06212443, -0.04910744, -0.09996476, -0.10360628,  0.34311450, -0.07277090, -0.02081668,  0.10344121, -0.12760351, -0.13204810
 -0.01809008,  0.04697153, -0.04678000,  0.02030849,  0.01569106, -0.03392003,  0.05936452, -0.11464850,  0.16398731, -0.22286409,  0.26862115, -0.29351100,  0.30082925, -0.29683121,  0.25473005, -0.18828804,  0.13794572, -0.05522767, -0.03381453,  0.08555314, -0.09294979,  0.09564676, -0.07761644,  0.05697846, -0.05623005,  0.07022024, -0.09092081,  0.08369675, -0.03675809, -0.02719805,  0.03020241, -0.00858262, -0.02213403,  0.06235493, -0.10873113,  0.15852813, -0.20093477,  0.23636505, -0.23727014,  0.22194780, -0.20203877,  0.20628668, -0.17642625,  0.10784375, -0.04375759,  0.01626724,  0.02109839, -0.06116531,  0.05133987, -0.02609232
  0.09496838, -0.12279789,  0.10565571, -0.14765497,  0.04854994, -0.09581895,  0.21890651, -0.17199919,  0.12280646, -0.09313035,  0.14536896, -0.03582929,  0.00454162,  0.11893657, -0.19029299,  0.14439774, -0.21831591,  0.21009194, -0.27837784,  0.30224860, -0.27750118,  0.15104889, -0.21192066,  0.16750076, -0.02854031,  0.05059713, -0.07439527, -0.05841745,  0.16133139, -0.02630515,  0.01609965, -0.08199396,  0.17776812, -0.19299989,  0.03015573,  0.04706098, -0.00770604,  0.07376099, -0.09540715, -0.06879970,  0.05995795, -0.10802410,  0.22717790, -0.18163834,  0.06450606, -0.08218276,  0.06511807, -0.14397560,  0.17264837,  0.01280863
  0.03954464, -0.00386375, -0.01161746, -0.02643732, -0.02157211, -0.12189719,  0.18173991, -0.04553545,  0.05826696, -0.06792872,  0.06986576,  0.01524767,  0.01345187,  0.08875274, -0.09127081,  0.07745991, -0.18353688,  0.06865146, -0.05377389, -0.02512593,  0.17322346, -0.31827882,  0.19632107, -0.19755040,  0.19441432, -0.04238182,  0.03283223, -0.07398675,  0.00208496,  0.13250927, -0.04723489,  0.06568853, -0.14094381,  0.27447479, -0.42551637,  0.34384084, -0.22793233,  0.19699535, -0.09218461, -0.08208199,  0.05581279, -0.16361171,  0.16824667,  0.00344851, -0.04404413, -0.03376025, -0.04036465,  0.04524703, -0.06176002,  0.14606689
  0.01792455,  0.03333320, -0.05128531, -0.00391203, -0.04885902,  0.00704476,  0.08464483, -0.06116479,  0.06496130, -0.08803069,  0.07547044,  0.02225772,  0.01892571, -0.00422743,  0.00494002, -0.11105142,  0.13411553, -0.14503578,  0.06572088,  0.01327669, -0.03963908,  0.01453436, -0.11703391,  0.10655732, -0.01972850,  0.10495015, -0.22777997,  0.20128190, -0.19829446,  0.33748971, -0.34460608,  0.30224510, -0.22834568,  0.14380799, -0.09358708, -0.04400729,  0.18125341, -0.15691505,  0.15589777, -0.22720218,  0.10487154, -0.03000906,  0.06406875, -0.05532720,  0.06947613, -0.18236791,  0.20399550, -0.23807362,  0.20357056, -0.02013689
  0.02826024, -0.06766580,  0.00337884,  0.06467850, -0.00990394, -0.08360941,  0.11020372, -0.02993127, -0.06027848,  0.07832956, -0.02992225,  0.01945498, -0.01316687, -0.08035506,  0.16668001, -0.10267207, -0.10775484,  0.21501027, -0.06249813, -0.06902356, -0.07136787,  0.03147474,  0.24842364, -0.19631252, -0.11949904,  0.12220354,  0.01751577,  0.16986452, -0.39206655,  0.32055553, -0.02850178, -0.13120982,  0.13297363, -0.13276489,  0.14630479, -0.08224378,  0.00318243,  0.00791300, -0.12952997,  0.20330510, -0.10314254, -0.06418058,  0.13669085, -0.18712917,  0.20159056, -0.22920998,  0.15933949,  0.12262087, -0.25911311,  0.13310880
  0.07058814,  0.02183988, -0.17215997, -0.02060195,  0.06100542,  0.01066101,  0.03645104,  0.10793134, -0.10509699, -0.09374558,  0.10968112,  0.12301364,  0.00897290, -0.15754974,  0.00465633,  0.03620267, -0.14715071, -0.03551303,  0.27786715,  0.04678872, -0.26889547, -0.24409264,  0.24295968,  0.36695726, -0.24174736, -0.22226792, -0.02237435,  0.31902817, -0.05585600, -0.14510888,  0.17603797, -0.00644111, -0.07556660, -0.06110400, -0.01592199,  0.10961036,  0.06394378, -0.00261754, -0.13827122, -0.13492795,  0.16329767, -0.01128034,  0.07931317, -0.05459417, -0.06990089, -0.09214129, -0.05056573,  0.23121235,  0.06739006, -0.08991227
 -0.07198782,  0.12244492,  0.06271931, -0.16189015, -0.00647822,  0.00455954, -0.05400747,  0.13543490,  0.09151138, -0.06288006, -0.23793726,  0.15915587,  0.18800478, -0.11225838, -0.00371787,  0.02708138, -0.06260112, -0.03906916, -0.14749389,  0.21962395,  0.18288456, -0.36295658, -0.12124646,  0.15111645,  0.29972826, -0.21641678, -0.13465869,  0.09827706,  0.07950378,  0.02652981, -0.10498826,  0.12931071,  0.09517002, -0.17242234,  0.04518521, -0.12358549,  0.08349023,  0.05851398, -0.02235250,  0.04673405, -0.31810025,  0.16841678, -0.00636616,  0.00003150,  0.16859901, -0.22968359, -0.04804355,  0.10511783, -0.04177351,  0.11379101
 -0.05242727,  0.09617713, -0.05654055,  0.08540849, -0.15721999,  0.14279871, -0.09896298,  0.04683281, -0.01694901,  0.02276774, -0.02497376, -0.09097729,  0.19142711, -0.10204390, -0.03591136,  0.04452545,  0.09018604, -0.12017129,  0.05532218, -0.15531427,  0.25078375,  0.02288779, -0.27927963,  0.11369954, -0.02166361,  0.27997788, -0.37064124,  0.12941454, -0.00574557, -0.00579445,  0.12817663, -0.22864968,  0.17583093, -0.00092022, -0.07485592,  0.03853341, -0.06381837,  0.08055615,  0.02043931, -0.09328258,  0.13974275, -0.24316492,  0.27058316, -0.21824845,  0.11796255,  0.07444058, -0.21347882,  0.15176056, -0.08479475,  0.04559953
 -0.06733980,  0.16635306,  0.01154908, -0.10329729, -0.12110372, -0.15326611,  0.20040412,  0.23440084,  0.03355023, -0.23186968, -0.17076392,  0.19672165,  0.29403853,  0.06612307, -0.24354445, -0.22064011,  0.14753089,  0.09914582, -0.07362655, -0.15747302, -0.09755577,  0.17097948,  0.01680431, -0.10278478, -0.14637001,  0.18908258,  0.14531822, -0.07659990, -0.08417407, -0.05471341,  0.30276884,  0.09600724, -0.18798887, -0.09119225,  0.01770925, -0.03203237,  0.03556701,  0.05642010,  0.04228746, -0.22319821, -0.14690846,  0.06541931,  0.11784624,  0.07781743, -0.09505416, -0.06912017, -0.08695948,  0.04685556,  0.05995216,  0.14694450
 -0.02890608,  0.12858521, -0.15010891, -0.05470894,  0.12496950, -0.10485160,  0.30913869, -0.19282427, -0.07213329, -0.11010734,  0.08560282,  0.40668734, -0.32960407, -0.14936264,  0.01019425,  0.15052449,  0.16552409, -0.21391208, -0.12681770,  0.07185915,  0.18232982, -0.05459526, -0.12699963,  0.06543174, -0.04845371,  0.17594424, -0.05036064, -0.10720798,  0.00253049,  0.08086326,  0.15367090, -0.27555034, -0.01587229,  0.07909520,  0.06145255, -0.00951205, -0.05523911,  0.01089862, -0.02815309, -0.07827630,  0.06682990,  0.19621988, -0.18395604,  0.03032602, -0.01503241, -0.08210393,  0.14956864,  0.07483569, -0.12770880,  0.00927576
  0.10482023, -0.13288152,  0.03646394, -0.13510443,  0.03435077,  0.14517370,  0.04076256,  0.09990974, -0.32371774,  0.04896767,  0.12855475,  0.02107117,  0.21596888, -0.37615038, -0.15855140,  0.22150247,  0.02230359,  0.11217192, -0.16437332, -0.05066877,  0.06604053,  0.13422781, -0.03976095, -0.17768665,  0.21953756, -0.08260331,  0.04246531, -0.06627374, -0.05103147,  0.14967934, -0.01232415, -0.02198718, -0.25440715,  0.12556575,  0.08813089, -0.03113827,  0.12786157, -0.07932618, -0.16508282,  0.05634076,  0.05177403,  0.12687831,  0.06241890, -0.18514359, -0.03655034,  0.06220889, -0.08256928,  0.15602009,  0.19543457, -0.26928441
  0.02650170, -0.10161645,  0.17348527, -0.20115534,  0.21322046, -0.14394334,  0.00020140,  0.09707973, -0.22005195,  0.33610234, -0.26603476,  0.10174939, -0.00412012, -0.11809025,  0.26231905, -0.24314800,  0.14740608, -0.09883946,  0.04631548,  0.05132035, -0.12864424,  0.14765669, -0.15346376,  0.13720274, -0.07113317, -0.02918812,  0.09038227, -0.12962987,  0.16035082, -0.12804883,  0.02751193,  0.04279180, -0.10397940,  0.20474919, -0.21713858,  0.14041182, -0.08028574,  0.04604788, -0.02932592,  0.03595810,  0.01300708, -0.07931953,  0.11207576, -0.17960754,  0.22136565, -0.15704485,  0.07512972, -0.01152489, -0.05574587,  0.04073507
  0.01578973, -0.05728804,  0.07993112, -0.03586067, -0.07649757,  0.18022399, -0.23611833,  0.21457622, -0.03282217, -0.21113051,  0.25895319, -0.03767586, -0.02970389, -0.13621176,  0.19942495, -0.07631996,  0.06085826, -0.00772855, -0.27072084,  0.27335813, -0.05573821, -0.03900371, -0.02689538,  0.06294909, -0.08662725,  0.01233978,  0.19675976, -0.19536046,  0.01181225,  0.11738694, -0.11464073,  0.12163093, -0.09792953, -0.04130511,  0.15519332, -0.04275191, -0.14665797,  0.04701281,  0.14653361, -0.24942493,  0.22439568, -0.13552510,  0.01720457,  0.03116164, -0.03538353,  0.02768024, -0.03652898,  0.18660057, -0.31073484,  0.18081147
  0.00236877, -0.04861258,  0.10673885, -0.12198377,  0.10758071, -0.00599254, -0.17968057,  0.29712847, -0.18370840, -0.06770150,  0.14401932, -0.03156384, -0.10108446,  0.15518727, -0.18956424,  0.10064938,  0.14846818, -0.24279845,  0.10752577, -0.02153802,  0.11318311, -0.16082539,  0.12994542, -0.05657575, -0.07013040,  0.16480228, -0.10133042, -0.01120449,  0.03539830, -0.04850376,  0.01849585,  0.08068016, -0.08856221, -0.10349030,  0.25354194, -0.07816392, -0.22151316,  0.30247830, -0.22347250,  0.16174019, -0.05442936, -0.08779776,  0.13693552, -0.05028144, -0.01477781, -0.09190836,  0.26400625, -0.25472103,  0.11102759, -0.02998249
  0.12013511, -0.17110887,  0.01690948,  0.00808124,  0.00565114,  0.17982600, -0.17589096, -0.06875596,  0.20259862, -0.12432526, -0.11107779,  0.21471685, -0.03507102, -0.05155740, -0.14091297, -0.07782789,  0.24980827,  0.12223559, -0.12755962, -0.18889164,  0.18873554,  0.05958171, -0.04907924,  0.04585481, -0.06570835, -0.08457213,  0.09490740,  0.04367752, -0.06229256, -0.05528225, -0.07804848,  0.07436259,  0.09689593, -0.27589218, -0.02309345,  0.48046724, -0.17682204, -0.15878327,  0.00470070,  0.12385165,  0.09557560, -0.05345594, -0.00434951,  0.06170918, -0.00434616, -0.20522565,  0.15178956,  0.09161788,  0.05540448, -0.21919977
 -0.05086681,  0.17415384, -0.16143040, -0.06729559,  0.15924234, -0.06347109,  0.01567670,  0.03734446, -0.08628274,  0.03982413,  0.05784322, -0.12451539,  0.10644500,  0.06899871, -0.15543442, -0.05212516,  0.14276346,  0.00865581, -0.09805477,  0.06664062, -0.06429622,  0.03803585,  0.05370635, -0.09498617,  0.01803434,  0.13451184, -0.15470563, -0.05353753,  0.21856814, -0.06266620, -0.12727438,  0.07726619,  0.06567013, -0.02549357, -0.12378539, -0.04437933,  0.34825436, -0.15597459, -0.29279455,  0.19809641,  0.22353087, -0.26734115, -0.09338263,  0.31184350, -0.07946556, -0.21850004,  0.06569276,  0.23071188, -0.17517523,  0.03172773
 -0.04740926,  0.03803674,  0.12457942, -0.16113758, -0.02541529,  0.14864920, -0.08996054, -0.00061472,  0.04658230, -0.05264603, -0.00226368, -0.00910508, -0.08053472,  0.18324297,  0.00355838, -0.19377921, -0.01202718,  0.17269672,  0.05144030, -0.13847762,  0.05679558, -0.04817046,  0.07545307,  0.02990882, -0.10177374,  0.05256214,  0.05518316, -0.13356184,  0.00681454,  0.15403084, -0.09900964, -0.11551370,  0.14082326,  0.05301480, -0.09105867, -0.13488158,  0.07599232,  0.32316434, -0.24427452, -0.21194733,  0.23831645,  0.17216125, -0.30004370, -0.01771967,  0.32840750, -0.14045174, -0.20707970,  0.08096956,  0.22031746, -0.17384371
