 -0.14048340, -0.14048992, -0.14049935, -0.14051277, -0.14053007, -0.14055241, -0.14058164, -0.14061830, -0.14066158, -0.14070965, -0.14076153, -0.14081608, -0.14087248, -0.14093076, -0.14099162, -0.14105454, -0.14111863, -0.14118355, -0.14124805, -0.14131240, -0.14137662, -0.14143828, -0.14150342, -0.14156833, -0.14162777, -0.14168097, -0.14172826, -0.14176878, -0.14180320, -0.14183375, -0.14185883, -0.14187793, -0.14189700, -0.14191362, -0.14192722, -0.14193898, -0.14194756, -0.14195282, -0.14195586, -0.14195759, -0.14195920, -0.14196073, -0.14196080, -0.14195928, -0.14195683, -0.14195299, -0.14194912, -0.14194585, -0.14194304, -0.14194042
  0.06504779,  0.09599605,  0.12390345,  0.14884194,  0.17035898,  0.18764378,  0.20053251,  0.20903082,  0.21349851,  0.21381580,  0.21060651,  0.20416003,  0.19466895,  0.18255694,  0.16868214,  0.15308869,  0.13583665,  0.11734381,  0.09794225,  0.07779757,  0.05720556,  0.03669571,  0.01601269, -0.00396270, -0.02268445, -0.03996021, -0.05558322, -0.06959274, -0.08207143, -0.09326253, -0.10319532, -0.11216537, -0.12058505, -0.12813493, -0.13440461, -0.13932687, -0.14314467, -0.14622061, -0.14895800, -0.15135739, -0.15306937, -0.15418163, -0.15509077, -0.15582163, -0.15636277, -0.15691122, -0.15726988, -0.15740819, -0.15735716, -0.15719908
 -0.38622321, -0.35519353, -0.31838446, -0.27618520, -0.22927480, -0.18062466, -0.13309313, -0.08852976, -0.04708945, -0.00912111,  0.02600424,  0.05855319,  0.08836505,  0.11503489,  0.13857588,  0.15835580,  0.17405271,  0.18564950,  0.19374684,  0.19738564,  0.19598631,  0.19163973,  0.17787232,  0.15814774,  0.13742783,  0.11701472,  0.09757282,  0.08041354,  0.06556653,  0.05127078,  0.03917692,  0.02971566,  0.01745783,  0.00492435, -0.00624727, -0.01639435, -0.02435374, -0.03015570, -0.03505648, -0.03954140, -0.04369979, -0.04758443, -0.05068750, -0.05277682, -0.05422667, -0.05493850, -0.05556191, -0.05655593, -0.05788089, -0.05950913
 -0.35698015, -0.25959454, -0.16416225, -0.08275710, -0.02145912,  0.02705000,  0.06800379,  0.10644149,  0.13926954,  0.16813164,  0.18640668,  0.19310616,  0.18800550,  0.17081085,  0.13666076,  0.09079981,  0.03923815, -0.01575346, -0.07492572, -0.13190952, -0.18189114, -0.23304258, -0.24689489, -0.23309458, -0.21016095, -0.18233793, -0.15241583, -0.12597921, -0.10475928, -0.08158157, -0.06609320, -0.06129486, -0.03996555, -0.01175016,  0.01306507,  0.03432547,  0.04807275,  0.05512669,  0.06325560,  0.07471310,  0.08645774,  0.09860662,  0.11152924,  0.12254462,  0.13101439,  0.13644410,  0.13828877,  0.13806054,  0.13644312,  0.13444375
 -0.16828486, -0.20430030, -0.17801166, -0.09228006,  0.03325527,  0.16444568,  0.26717026,  0.31857690,  0.30961768,  0.24145120,  0.12756671, -0.00841423, -0.14138812, -0.24831179, -0.31086811, -0.31987703, -0.27606938, -0.18970921, -0.07955651,  0.02768320,  0.10844614,  0.14932418,  0.14237819,  0.10898460,  0.06980848,  0.03523931,  0.01309130,  0.00843506,  0.01901561,  0.03758373,  0.05755315,  0.06729994,  0.05686879,  0.03617593,  0.01160339, -0.01280468, -0.03142884, -0.04368304, -0.04980417, -0.04790685, -0.03669532, -0.01617986,  0.01123946,  0.03818763,  0.05548858,  0.05639594,  0.03635640, -0.00226412, -0.05137597, -0.10094974
 -0.29457988, -0.13839011,  0.04161988,  0.19307006,  0.27184679,  0.26753937,  0.19245902,  0.07502593, -0.05901824, -0.18169182, -0.26862250, -0.29691745, -0.26105374, -0.16857292, -0.04259600,  0.08959658,  0.20031556,  0.26577560,  0.26471365,  0.20230058,  0.09630954, -0.04389000, -0.12178300, -0.13924935, -0.12835999, -0.09683740, -0.05129231, -0.01055824,  0.01633463,  0.03627974,  0.02531786, -0.02051082, -0.03928177, -0.04248538, -0.03995528, -0.02685083, -0.01462384, -0.00612964,  0.00952231,  0.03558213,  0.06736805,  0.09640100,  0.10970295,  0.09948434,  0.06824581,  0.01947788, -0.03145942, -0.06835464, -0.08194056, -0.06941148
 -0.20069628, -0.13997749, -0.03429526,  0.09353037,  0.20497527,  0.24064719,  0.17018954,  0.02289240, -0.12704517, -0.21435419, -0.19409132, -0.06844383,  0.09838880,  0.22107741,  0.23864523,  0.13105273, -0.05983360, -0.24808404, -0.34438131, -0.31692231, -0.18317206,  0.02111014,  0.16524065,  0.22028395,  0.20463942,  0.13585294,  0.05015762, -0.00391685, -0.00552833,  0.02319117,  0.06914889,  0.10660296,  0.07433604,  0.00505644, -0.06264861, -0.10598735, -0.09865875, -0.04551677,  0.02509822,  0.08514644,  0.11081771,  0.09285846,  0.04557952, -0.01080938, -0.05902963, -0.08140177, -0.08072985, -0.06754622, -0.05314004, -0.05085408
  0.22013661,  0.05361939, -0.14276251, -0.25082375, -0.20570699, -0.04078676,  0.14908474,  0.25269924,  0.22141914,  0.07793556, -0.09648922, -0.22085963, -0.23007386, -0.11572238,  0.07339815,  0.23709081,  0.28158894,  0.17816803, -0.01486392, -0.20377997, -0.29310206, -0.21964802, -0.10265513,  0.02169868,  0.13430119,  0.18573010,  0.15130767,  0.06111493, -0.03546658, -0.10014882, -0.07094638,  0.04571160,  0.12617648,  0.14460942,  0.10397268,  0.01616985, -0.07121492, -0.11963847, -0.12643826, -0.09899176, -0.04948975, -0.00034960,  0.02924701,  0.03349512,  0.01619924, -0.00457058, -0.01493219, -0.01160981,  0.00338956,  0.02284101
 -0.05823415,  0.02692162,  0.07904035,  0.06512634,  0.01183127, -0.04684804, -0.07964697, -0.06917073, -0.02007560,  0.02495480,  0.04772904,  0.04596663,  0.01498392, -0.02932180, -0.04856511, -0.03649676, -0.00925168,  0.01224045,  0.01186078, -0.02045658, -0.06334137, -0.05927182, -0.03050009,  0.01848592,  0.09209844,  0.17277452,  0.23316194,  0.24945208,  0.20749566,  0.10043444, -0.03387416, -0.14356620, -0.22984710, -0.28562833, -0.30902943, -0.30924045, -0.28662398, -0.24181066, -0.18040665, -0.10613891, -0.02206783,  0.06163052,  0.13267745,  0.18223504,  0.20498681,  0.20240290,  0.18169562,  0.15019580,  0.11446206,  0.07474197
  0.06774412, -0.07902008, -0.07958078,  0.00437028,  0.07602233,  0.09602319,  0.05806539, -0.01514393, -0.08484559, -0.09312826, -0.05513633, -0.00411298,  0.04983429,  0.08296994,  0.06191397,  0.01356529, -0.02134700, -0.02830785, -0.01097303,  0.02174165,  0.03086631, -0.03128635, -0.09449306, -0.14288876, -0.17250563, -0.15731448, -0.08452947,  0.03308169,  0.16632831,  0.28714953,  0.34212917,  0.30875290,  0.23760984,  0.14778532,  0.05135998, -0.03851859, -0.12087760, -0.18947514, -0.23464839, -0.25392269, -0.25189634, -0.22819968, -0.18063274, -0.11333575, -0.03372836,  0.04782179,  0.11463231,  0.15732073,  0.17321110,  0.16952782
  0.38935863, -0.03668398, -0.27178940, -0.19712926, -0.02123445,  0.10443679,  0.14108322,  0.06884213, -0.07747950, -0.14208157, -0.11149476, -0.08830034, -0.03327258,  0.06331002,  0.10139937,  0.06581341,  0.01126631, -0.02049829, -0.01725241,  0.10740789,  0.27344096,  0.17366113,  0.11760102,  0.12248210,  0.04112470, -0.09568937, -0.20520484, -0.28639117, -0.30399897, -0.15764682, -0.01213031, -0.06687077, -0.11033904, -0.16085730, -0.19239821, -0.13166192, -0.05195539, -0.00146724,  0.01194115, -0.00550377, -0.00570364,  0.03094370,  0.05787026,  0.07474016,  0.10774379,  0.12018004,  0.13047422,  0.14788904,  0.16015959,  0.18268219
  0.06007687, -0.11073359, -0.11208302,  0.11837393,  0.21948191,  0.02735282, -0.20962386, -0.22864904,  0.00922773,  0.29127526,  0.25377533, -0.12074786, -0.34144159, -0.14454397,  0.18440822,  0.28914278,  0.07850738, -0.22608986, -0.26533711,  0.03219843,  0.24942498,  0.09903825, -0.10842073, -0.15288792, -0.04799710,  0.09997934,  0.13320837,  0.01178578, -0.08554688, -0.03068477,  0.03938902,  0.01594012, -0.01276918, -0.02467085,  0.01701331,  0.07777829,  0.04945310, -0.04916497, -0.10987037, -0.06100142,  0.07186585,  0.14675222,  0.05473170, -0.09924056, -0.14168619, -0.05195709,  0.07669409,  0.11045868,  0.01250345, -0.09471995
  0.02695578,  0.02473745, -0.12105330, -0.13261569,  0.08025829,  0.24145218,  0.12734335, -0.14588583, -0.28486763, -0.10225176,  0.24069656,  0.32374958,  0.01822352, -0.29566006, -0.26188580,  0.04564816,  0.28244141,  0.19019771, -0.12891299, -0.27592639, -0.07469383,  0.15598068,  0.15524091, -0.00020017, -0.12318347, -0.09682079,  0.04054355,  0.11460127,  0.04351485, -0.03984839, -0.03144325, -0.00136283, -0.00096010, -0.02683793, -0.03807015,  0.02040039,  0.10300106,  0.10064563, -0.00644535, -0.12329123, -0.12414835,  0.01314943,  0.14369207,  0.11569783, -0.03670925, -0.15657463, -0.13404807, -0.00144842,  0.09537034,  0.06154053
 -0.12428680,  0.21072221, -0.00882481, -0.20104097,  0.17906604,  0.06904177, -0.29262150,  0.11791796,  0.25530853, -0.25580715, -0.07057970,  0.28829112, -0.18683639, -0.19407916,  0.33344190, -0.00252024, -0.30722298,  0.19180891,  0.12403443, -0.26750999,  0.09756837,  0.19284103, -0.13168291, -0.05078748,  0.12133004, -0.08067387, -0.08489635,  0.09904305, -0.00591064, -0.05887326,  0.03036225, -0.01867180,  0.02107860,  0.02986315, -0.03188963,  0.01551386,  0.01041427, -0.09043072, -0.01881631,  0.06941811, -0.01324745, -0.00892335,  0.05908635, -0.04343939, -0.07702802,  0.04319553,  0.03347744, -0.02470796,  0.03693491,  0.02155538
 -0.05014137, -0.04211873,  0.19128316, -0.07949234, -0.10929671,  0.23264919, -0.05624436, -0.28244851,  0.22175744,  0.18745454, -0.29211201,  0.00701230,  0.20098801, -0.27205432, -0.06885649,  0.35445717, -0.11084724, -0.24512854,  0.24573929,  0.05576204, -0.22113877,  0.11660684,  0.18375695, -0.05227134,  0.04749778,  0.07413318, -0.18210720, -0.14203701,  0.04489233,  0.00746940, -0.01776815, -0.03079894, -0.05648250, -0.00011498,  0.01254808,  0.02452716,  0.08363789, -0.00776060, -0.14844591, -0.07734644,  0.00632202, -0.01820584,  0.04956895,  0.08139123, -0.06003661, -0.08914594,  0.02676556,  0.04021998,  0.06158521,  0.15445524
  0.03340558,  0.13044120,  0.00735560, -0.27272733, -0.15620338,  0.23009077,  0.17243459, -0.07671683, -0.10078253, -0.08140244, -0.05965055,  0.15614172,  0.15367479, -0.09833256, -0.05074492,  0.14543700, -0.01590072, -0.14843607, -0.00348279,  0.09319240,  0.12220267,  0.02546619, -0.16712771, -0.30567687, -0.12495318,  0.16520321,  0.22416738,  0.10244993, -0.05855716, -0.08842455,  0.00970922,  0.07892137,  0.14069324,  0.08888491, -0.10039902, -0.19230782, -0.09080508,  0.04279396,  0.15945459,  0.23189856,  0.11407721, -0.10147926, -0.15346792, -0.06909377,  0.03074734,  0.15755405,  0.18881188,  0.01169288, -0.22536826, -0.27488361
  0.17891602, -0.12169832, -0.27624439, -0.00397953,  0.25638189,  0.13347171, -0.09308868, -0.14610426, -0.08310926,  0.05308105,  0.15821105,  0.06656583, -0.06580516, -0.02118690,  0.07245923, -0.01835157, -0.14463739, -0.01189482,  0.20090206,  0.07812380, -0.21884628, -0.22270571, -0.16282569, -0.00916228,  0.24545565,  0.24558560, -0.02819682, -0.11569199,  0.03630468,  0.07600402,  0.06864490,  0.13798527, -0.00136285, -0.16364168, -0.11642390,  0.03832012,  0.14764595,  0.19261111,  0.14341080, -0.02011504, -0.18910873, -0.19587350, -0.04462769,  0.11083038,  0.16708323,  0.11146169, -0.07219833, -0.24602854, -0.19054350,  0.06381849
  0.14668053, -0.35527866,  0.13035010,  0.30485255, -0.25668288, -0.03674487,  0.15914268, -0.13241074, -0.07966122,  0.15724621,  0.00946674, -0.06514251,  0.05639737, -0.04679200,  0.00537251,  0.03636551, -0.15405752,  0.18385696,  0.10331716, -0.33430282,  0.13203227,  0.19422460, -0.20064566, -0.08160085,  0.21633695, -0.07914082, -0.12728107,  0.25766410, -0.06740622, -0.28403721,  0.15584466,  0.10973420, -0.05672890,  0.05151130,  0.04530001, -0.09520114, -0.08633720,  0.05256055,  0.05886266, -0.00401454, -0.00576766, -0.00625117, -0.02011157, -0.00562456,  0.03723763,  0.05991924, -0.00890055, -0.09960348, -0.03401964,  0.05947248
  0.18771553, -0.06830263, -0.35459270,  0.16739141,  0.17103732, -0.15288689,  0.08474963,  0.13076937, -0.15815913, -0.12492699,  0.03994637,  0.01376553,  0.06042745,  0.03801349, -0.02338435,  0.07221844, -0.11503990, -0.09805999,  0.25982253, -0.03396771, -0.20219718,  0.18955133,  0.16102995, -0.21021773, -0.07208630,  0.07536066, -0.14475878,  0.08897762,  0.31785140, -0.13183609, -0.30133946, -0.07986592, -0.01611941,  0.02996824,  0.17900262,  0.14245066, -0.08519741, -0.15757367, -0.03905841,  0.04097153,  0.07606086,  0.09031303,  0.01548864, -0.08809814, -0.08465580,  0.04207907,  0.17363500,  0.10117383, -0.08322604, -0.12409646
 -0.15892300,  0.12026032,  0.04966025,  0.22236913,  0.02068765, -0.37927420, -0.08095113,  0.20548071, -0.01318577, -0.07427636,  0.09266971,  0.11929096, -0.03119355, -0.13954640, -0.14471851,  0.13082777,  0.14053976, -0.11488594,  0.01879770, -0.00227816,  0.01629598,  0.14895161,  0.06595512, -0.20390357, -0.00275017,  0.24687567, -0.10109662, -0.30035966, -0.12597196, -0.10094548,  0.08428851,  0.29315298,  0.21649293,  0.01259453, -0.10430496, -0.18608488, -0.19022678, -0.07425936,  0.09064975,  0.07772570, -0.03970643, -0.02452701,  0.10717549,  0.12526542,  0.03668709, -0.03836786, -0.10411008, -0.11302026,  0.00167941,  0.20453568
 -0.00780966,  0.11183431, -0.02899570, -0.06100781, -0.23796255, -0.14336920,  0.27106302,  0.24075106, -0.03448938, -0.03167726,  0.03570360, -0.02991256, -0.10196716, -0.06205759,  0.07420501,  0.16964841, -0.03968129, -0.13547404, -0.00251357, -0.02611672,  0.02436089, -0.00041473, -0.13176882, -0.13198959,  0.07781586,  0.02204399, -0.15797150,  0.05681533,  0.29210169,  0.28681155,  0.23191531, -0.01089996, -0.25262503, -0.30126263, -0.17269487,  0.00354906,  0.14921932,  0.21362072,  0.17337194,  0.03921241, -0.00593085,  0.06361317,  0.03830141, -0.12402366, -0.22383496, -0.18965457, -0.06599476,  0.06632106,  0.09422521, -0.02457832
 -0.17391214,  0.19559807,  0.14673814, -0.11479704, -0.11851407, -0.01464802,  0.35335358, -0.16345714, -0.35211752,  0.10816479,  0.12965145,  0.16571429, -0.24058684, -0.06267740,  0.28312854, -0.13023363, -0.04839537, -0.12745503,  0.05221281,  0.24149283, -0.06188817,  0.01119191, -0.13282324,  0.07217582,  0.25617348, -0.07659398, -0.15325400, -0.09250922,  0.03464050, -0.03276556, -0.19195393,  0.01868481,  0.09365880,  0.12461170,  0.15745710, -0.02584525, -0.10535685, -0.08928567, -0.12697296, -0.11979545, -0.00577964,  0.14519609,  0.09307325, -0.00629847,  0.03749639,  0.05950977, -0.00966677, -0.06915334,  0.00668210,  0.06019359
  0.04141613, -0.16451493,  0.21996513, -0.17606327,  0.16551641, -0.08695366, -0.11937655,  0.34035579, -0.32121074,  0.11703434, -0.00356512, -0.15624499,  0.33546187, -0.33971083,  0.17576084,  0.03659200, -0.14838201,  0.21912479, -0.28879981,  0.20222107, -0.05736129, -0.03635801,  0.13195426, -0.19437695,  0.12826770,  0.04305800, -0.07284986,  0.09144001, -0.10484578,  0.05616512, -0.01096602, -0.07427237,  0.00946752, -0.00806707,  0.02691999,  0.06823808, -0.00470083,  0.03010843, -0.03622998, -0.01747500, -0.05339054, -0.04136839,  0.04944489, -0.01605603,  0.02067833,  0.03973821, -0.00557317,  0.03162377, -0.02994033, -0.01189632
  0.03118354,  0.01126069, -0.19480532,  0.12799331,  0.18342044, -0.30603951,  0.19491796, -0.10759811,  0.07712537,  0.23709819, -0.47618765,  0.24645078,  0.05205927, -0.15785945,  0.15847356, -0.20851282,  0.21610721, -0.02745542, -0.06964451,  0.02627304, -0.16019482,  0.22166221, -0.08336775, -0.06324188,  0.07500099, -0.16520991,  0.21668453,  0.04555378, -0.16688333,  0.12504627,  0.02919575, -0.04615155, -0.00600188, -0.07716201, -0.04750462,  0.03224347,  0.06755844,  0.02772165,  0.04993895,  0.05413921, -0.05950502, -0.04323265, -0.08190900, -0.01752093,  0.05570478, -0.06999923,  0.04923219,  0.08264708, -0.06941168,  0.01068205
 -0.03445929,  0.26754663, -0.18395068, -0.22855365,  0.20605273,  0.00084948, -0.07583503, -0.11077245, -0.08104071,  0.40598549,  0.03528395, -0.25222737,  0.03976342,  0.08498040, -0.04431700, -0.10369864, -0.02028182,  0.09531058,  0.16058597, -0.01639929, -0.14450019, -0.03167958,  0.12958111, -0.02973661, -0.01580918, -0.16274312, -0.16959122,  0.18423591,  0.02464883, -0.13045141,  0.18139806,  0.16815031,  0.08027681,  0.02296909, -0.16898343, -0.25169139, -0.09549918, -0.03737500,  0.04761335,  0.21269391,  0.21367748,  0.11190969, -0.00446827, -0.10326820, -0.04341084, -0.09388819, -0.17782574,  0.02946892,  0.10268556,  0.00680385
 -0.23102182,  0.28434678, -0.04575163, -0.03092492,  0.16085451, -0.13353125,  0.06820716,  0.05082508, -0.09541094,  0.00513184, -0.09837964, -0.08870005,  0.04882972,  0.16835410, -0.13683489,  0.14946840,  0.03012453, -0.18716474,  0.02646993, -0.09697207,  0.12419505,  0.02780539, -0.00225090, -0.07174649,  0.12388939,  0.11291714, -0.09578651,  0.16577438, -0.10996928, -0.24930855,  0.16619213, -0.13195165, -0.15718509,  0.12292958,  0.06722624,  0.07436308,  0.29130920,  0.06018556, -0.13579935, -0.19861956, -0.25838103, -0.12504521, -0.00987085,  0.03674363,  0.24988524,  0.20754940, -0.09834771,  0.06780013,  0.11725649, -0.21969697
 -0.05697557,  0.21864181, -0.27741098,  0.27113856, -0.18513221, -0.02263375,  0.12047018, -0.13342460,  0.05917053, -0.13260381,  0.18884110, -0.08817834,  0.11818689, -0.10335126, -0.00714479,  0.21982088, -0.33832093,  0.18179095, -0.03091145,  0.06571813, -0.03369825, -0.05685551,  0.03025199, -0.02929712,  0.09496665, -0.11620633,  0.04894605,  0.02482944, -0.26290104,  0.24887709, -0.00334274, -0.10928247,  0.16580352,  0.06535485, -0.11060272,  0.06279069,  0.03945611, -0.15599006, -0.01954605, -0.05784741,  0.10602750,  0.05534473, -0.07439153,  0.14037881,  0.19029979, -0.16516035, -0.16944909,  0.20230320, -0.09811353, -0.08064022
  0.00361688, -0.04898361, -0.02806633,  0.05866626,  0.02490748, -0.03118477,  0.02062297,  0.04230692,  0.02385863, -0.13137516,  0.10409407,  0.08366240, -0.08349821, -0.14534284,  0.04224569,  0.13023073, -0.09520394, -0.09256248,  0.13879367,  0.11466641, -0.24298257, -0.04670507,  0.19690399,  0.05767084, -0.15933255, -0.07350729,  0.23631110,  0.07811745, -0.24796533,  0.02017375,  0.21220507, -0.09282692, -0.24751439,  0.13029390,  0.17255238, -0.16654360, -0.16316877,  0.15481814,  0.16163594, -0.11777622, -0.03708467,  0.21950896, -0.09729670, -0.37239564,  0.03137605,  0.24431296, -0.10853502, -0.12827166,  0.13259508,  0.12194877
 -0.03861171,  0.10510161, -0.11601561,  0.07358754, -0.02469792,  0.00138181,  0.00031816, -0.04230428,  0.11475454, -0.10748612, -0.02557326,  0.06096849,  0.09685032, -0.10797272, -0.08618488,  0.14476766,  0.03736911, -0.10877464, -0.15159837,  0.27893666,  0.02833170, -0.25169672,  0.00616711,  0.16818260,  0.10118199, -0.26075724, -0.05907679,  0.31517710, -0.04608671, -0.25477446,  0.03231269,  0.29446647, -0.10063232, -0.23931793,  0.13768508,  0.19985684, -0.10303238, -0.20847394,  0.11979325,  0.13476929, -0.14677845, -0.10096411,  0.20946549,  0.03376038, -0.18182367,  0.05933162,  0.08178169, -0.05059609, -0.08078951,  0.05770887
 -0.05102020,  0.05454199, -0.14161544,  0.12502250, -0.00564122,  0.06248843, -0.02264111, -0.07439664,  0.20715008, -0.13932122,  0.00940533, -0.04684378,  0.14744904, -0.12265441, -0.11907422, -0.04314819,  0.21584887,  0.04947623, -0.26058216,  0.08851411,  0.07299707,  0.00204217, -0.06504939, -0.11454829,  0.28992626, -0.00330249, -0.17796985,  0.03915481,  0.18998110,  0.00837117, -0.24173978, -0.01922348,  0.08519813,  0.03605374, -0.12003010, -0.11049289,  0.17276461,  0.08560723, -0.11759195, -0.03689202,  0.19196334,  0.07844596, -0.21643682, -0.35018675,  0.00715826,  0.29841050, -0.08168266, -0.14253130,  0.08810084,  0.21851166
  0.07389920, -0.18760907,  0.12044889, -0.03174530,  0.06069604, -0.03996674, -0.09740720,  0.23333387, -0.15799080, -0.00994447,  0.01146189,  0.15187431, -0.05035679, -0.16023555, -0.04942091,  0.19463857,  0.06014768, -0.26650516,  0.15326714,  0.01234512,  0.01949163, -0.05000600, -0.18511450,  0.29410756, -0.00181606, -0.19553694,  0.03849694,  0.08396363,  0.09023957, -0.10684800, -0.04126065,  0.00129214,  0.12476927, -0.05884312, -0.16309687,  0.14744449,  0.04542588, -0.14010790, -0.05899709,  0.14465371,  0.19051322, -0.01149576, -0.34593584, -0.04047599,  0.33820658, -0.12497879, -0.19892402,  0.04658862,  0.15660740, -0.01930571
  0.04005901, -0.12659007,  0.16568581, -0.23152332,  0.32957718, -0.35902033,  0.33351343, -0.24894026,  0.14715171, -0.04741900, -0.03374335,  0.12074694, -0.11835931,  0.08704091, -0.19242405,  0.23336547, -0.21438967,  0.20131322, -0.11521002,  0.00552649,  0.08127513, -0.11660708,  0.01807223,  0.09989043, -0.13176238,  0.17071371, -0.17758885,  0.12305319, -0.06268721,  0.09267479, -0.11028536,  0.02731753,  0.05025759, -0.05366711, -0.00530925,  0.02372199, -0.07249087,  0.07006035, -0.06453653,  0.07133506,  0.03407333,  0.07236127, -0.18988891,  0.06948596, -0.08527362,  0.04271395,  0.01387750, -0.05486052,  0.05248787,  0.03521941
  0.02295447,  0.03693489, -0.10830297,  0.10633501, -0.12707651,  0.15979245, -0.20517788,  0.18647551, -0.19093233,  0.23328835, -0.29147758,  0.30346195, -0.21047045,  0.26450930, -0.31217101,  0.21713691, -0.17200772,  0.20968701, -0.20780320,  0.18157320, -0.13407701,  0.11871878, -0.14726273,  0.06306295, -0.01231762,  0.06656021, -0.11067345,  0.03374093, -0.05278084,  0.09495776, -0.00545079, -0.00403383,  0.00690048,  0.04407248, -0.01723588, -0.02455003,  0.01177305, -0.03469161, -0.00003489, -0.06269228,  0.05722123,  0.05486276,  0.14566781, -0.15416075,  0.04657602, -0.02273870,  0.08110643, -0.14187753,  0.04399723, -0.04136613
  0.10244900, -0.04939778,  0.07555623, -0.20401467,  0.12628573, -0.06874141, -0.05275140,  0.00343024,  0.01820048, -0.06471068,  0.05790421, -0.04577939,  0.24800020,  0.06707776, -0.24653494,  0.00958041,  0.11708223, -0.12112963,  0.15444178, -0.09631737,  0.02682162,  0.07592498, -0.28351763,  0.05876030,  0.15624723, -0.11132038, -0.02608837, -0.05540928, -0.12185314,  0.21097193,  0.13008519, -0.05427398,  0.08383434,  0.06761803, -0.11423206,  0.12748038, -0.02788823, -0.16751550, -0.00083341, -0.09765039, -0.13011399,  0.48711483,  0.22112729, -0.12811974, -0.06820938,  0.06351515,  0.02519589, -0.04533061, -0.31174823, -0.02123655
 -0.16825733,  0.24489899, -0.12792699,  0.02679234,  0.04199114, -0.00946706,  0.00215085,  0.07882072, -0.16138789,  0.22360339, -0.14818745, -0.08349179,  0.14832221, -0.13072866,  0.00728355,  0.11126226, -0.11842202,  0.03981074,  0.06777893, -0.25893770,  0.29180141, -0.14907982, -0.00835336,  0.18689477, -0.13357588,  0.00218377,  0.13122564, -0.10660366,  0.10623891, -0.04731810, -0.11866805,  0.01161999,  0.10677222, -0.19215498,  0.08188938,  0.09341652, -0.12920580,  0.13256167,  0.17905084, -0.35670695,  0.06559714,  0.07820203, -0.16008409, -0.06040812,  0.00325682,  0.00360907,  0.21336726, -0.10692215, -0.13627564,  0.23172442
  0.16908128,  0.00941688, -0.14154197,  0.01372337, -0.05869870, -0.07599128, -0.00125757,  0.00387548,  0.01418202, -0.03250583, -0.11660697,  0.22459827,  0.15533168, -0.11097630,  0.10361643, -0.09927372,  0.01152680,  0.00362301, -0.01761718, -0.00662032,  0.15337613, -0.21748083,  0.04336844, -0.03925789, -0.12268498,  0.05219956, -0.05632135, -0.09202333,  0.07080809, -0.00850063,  0.29685365,  0.12697363, -0.14573614, -0.04977991,  0.16860692, -0.02588218,  0.02490616,  0.00235027, -0.40234687, -0.10510706,  0.39262218,  0.18079072,  0.10828739,  0.17142572,  0.06738436,  0.03687957, -0.14289262, -0.26696955, -0.04066329, -0.22906355
 -0.06440195, -0.06242758,  0.01988701,  0.12223709,  0.05854013, -0.00561026,  0.00125898,  0.00283235, -0.02516469, -0.10908629, -0.00250302,  0.10371772,  0.09553065, -0.09792127, -0.08589758, -0.12581906, -0.04437135,  0.14641708,  0.14363170,  0.09147408, -0.10707116, -0.18932484, -0.12475452,  0.15091630,  0.16945340,  0.17784838,  0.06655612, -0.14767161, -0.11987684, -0.28202344,  0.05193901,  0.16660489,  0.11857817, -0.06387975, -0.08789630, -0.08323196,  0.08870142,  0.18281191, -0.09597691, -0.14853441,  0.01750386,  0.13308470, -0.01543667, -0.18505780, -0.25194372, -0.15891692,  0.21046513,  0.38611919,  0.23298198, -0.25432275
  0.04831290,  0.00537007, -0.06827767, -0.07273081,  0.01389987,  0.02760862,  0.02631411,  0.02763315,  0.11532629, -0.09365452, -0.06304652, -0.13729368,  0.15799638,  0.14061173,  0.05743713, -0.03905073, -0.20920475, -0.08287647, -0.04667887,  0.22785456, -0.00724055,  0.21959623, -0.24261558, -0.14857525, -0.12724967, -0.00008045,  0.29719183,  0.13556328,  0.08549362, -0.19321672, -0.18681077,  0.12007235,  0.09805657, -0.03120797, -0.07784270,  0.07793740, -0.10161135,  0.24534526, -0.09025175, -0.14002687, -0.14609251,  0.20509409,  0.09754646,  0.15748906,  0.01942381, -0.20657177, -0.24750427, -0.20195476,  0.25906632,  0.09538122
  0.06125966, -0.11325752,  0.00793629, -0.01581491,  0.01814553,  0.04655588, -0.01168685,  0.07212559, -0.04539181,  0.03066170, -0.14328962,  0.12164515, -0.00790264,  0.05135612,  0.02052115, -0.11055420, -0.00962739, -0.14990924,  0.18426995, -0.07338429,  0.23044240, -0.21854009,  0.03608562, -0.12616067, -0.01579513,  0.15952013, -0.01410225,  0.25425626, -0.23950343,  0.19734794, -0.36821647,  0.22848054, -0.09706341,  0.09013920,  0.00396301, -0.11324428,  0.14465473, -0.13311891,  0.16291710, -0.20290779,  0.12513420, -0.06136466,  0.18637423, -0.06936723, -0.08898954, -0.02888014, -0.32200908,  0.20774008,  0.01418290,  0.12432535
  0.00258734,  0.02342904, -0.06582445,  0.05660055, -0.04802959,  0.06149951, -0.04883229,  0.02955721, -0.01720437,  0.00965239,  0.01595595, -0.06597569,  0.10553689, -0.10052154,  0.08304108, -0.07047120,  0.05333522, -0.03973386, -0.01085966,  0.06017875, -0.09339880,  0.18038183, -0.25805983,  0.25247814, -0.25226367,  0.24839874, -0.20221818,  0.15489449, -0.08805043,  0.03921577,  0.06268515, -0.20710645,  0.24679804, -0.26340126,  0.31012808, -0.26234448,  0.16991404, -0.15508640,  0.10623268,  0.01034747, -0.06305100,  0.07981713, -0.12329675,  0.18953180, -0.20028792,  0.16987992, -0.15655916,  0.03121576,  0.05164596, -0.01236360
  0.01723327,  0.02047344, -0.10140055, -0.02198093,  0.12798195,  0.02078925, -0.02924390, -0.05778970, -0.02281023,  0.06475749, -0.01676371, -0.03536910,  0.15317466, -0.07398850, -0.16558248,  0.09707112,  0.00703688,  0.02917098,  0.01987404, -0.09037502,  0.13027868, -0.00244032, -0.22334713,  0.01566222,  0.26459992, -0.07818479,  0.10176839, -0.27800816,  0.05462094,  0.22620011, -0.11183188, -0.05222171, -0.15747257,  0.07023009,  0.32760766, -0.05040591, -0.32932475, -0.02660113,  0.14227843,  0.15556595,  0.00572067, -0.17380109,  0.03608944,  0.06048714, -0.09790797,  0.05537752, -0.15996789, -0.01549806,  0.40407127, -0.23580308
  0.01195728, -0.07323631,  0.07095139, -0.08654970,  0.02766752,  0.04175732,  0.06858875, -0.01863889, -0.01184819, -0.04488160,  0.00516992,  0.04758514, -0.06999310,  0.16045215, -0.11330380, -0.05399817, -0.03170326, -0.01855207,  0.07947422, -0.00865545,  0.05537238, -0.11516916,  0.17554752, -0.36126132,  0.24495818, -0.03812257,  0.19210082,  0.00250300, -0.09647941, -0.06637000,  0.14868884, -0.24168522,  0.28020892, -0.36000308,  0.21904048, -0.01238779,  0.17343403, -0.28333019,  0.08851534, -0.04093250,  0.09641161,  0.02584586, -0.02798721, -0.07270876,  0.01270154, -0.18234345,  0.10957017, -0.22503961,  0.21843292,  0.09820810
  0.02440063, -0.02490697,  0.00290276,  0.05304452,  0.02960006, -0.15639442, -0.00327423,  0.11459453, -0.06809085, -0.00043414,  0.07833849, -0.07179861, -0.02065793,  0.01140691, -0.02103973,  0.16513440, -0.04507594, -0.13988870,  0.14633493, -0.04945584, -0.04530998,  0.00866496,  0.02199367,  0.11609720,  0.01778720, -0.34509148,  0.13621189,  0.09374557, -0.11214033,  0.14371919, -0.13624053, -0.04553864,  0.24288400,  0.01747411, -0.11300982, -0.26266967,  0.19645814,  0.24916466, -0.23518492, -0.02475754,  0.13439512, -0.26893948,  0.23571892,  0.12306787, -0.26735003,  0.18008539,  0.18507704, -0.21842836,  0.02420022, -0.07680329
  0.01192418, -0.02811876,  0.01366391,  0.05110986, -0.07393184, -0.04096079,  0.12731489, -0.05550146, -0.05953513,  0.11554828, -0.07949474, -0.00067063,  0.03051419, -0.03923133,  0.04382541,  0.07016838, -0.19459821,  0.13957699,  0.00712929, -0.09749895,  0.09871192, -0.07958731,  0.06607564,  0.05980331, -0.17587185, -0.00520430,  0.24610779, -0.26146395,  0.18167174, -0.07082663, -0.06115456,  0.05913662,  0.10827187, -0.12820811, -0.03570345, -0.03739896,  0.26574008, -0.17320049, -0.15277641,  0.33661679, -0.29889555,  0.06028575,  0.25023930, -0.29968218,  0.04294168,  0.24014483, -0.25285739,  0.06430956, -0.00025895,  0.01179982
 -0.08047909,  0.05994462,  0.02919973, -0.00165093, -0.05755590,  0.02808992,  0.12549262, -0.03849145, -0.09330338,  0.02191617,  0.07178817, -0.10474511,  0.05483315, -0.00829550,  0.01629191, -0.11416760,  0.00682533,  0.06275351,  0.07991311, -0.05303390, -0.14113201,  0.18535381, -0.06736686,  0.03233224, -0.12545194,  0.19950104,  0.07471198, -0.03367627, -0.21973482,  0.03637332,  0.05684547,  0.09143964, -0.09136587, -0.07385359, -0.28105394,  0.51577402, -0.00840875, -0.22839237, -0.01763092, -0.04326897,  0.27129237, -0.19868636,  0.01147454, -0.08586920, -0.19451385,  0.26427375,  0.00217465, -0.17977433,  0.23599635,  0.00730663
  0.00489261,  0.00201546, -0.00213365, -0.00264164,  0.02668892, -0.05714438,  0.02005453,  0.02580667, -0.03615875,  0.01208793,  0.02966870, -0.06129628,  0.06634915, -0.06211901,  0.03529839,  0.03187675, -0.05912671,  0.06215719, -0.04836185,  0.02725666, -0.01841261,  0.01001856, -0.00723680,  0.04065215, -0.02463176, -0.06840470,  0.09439920, -0.09587097,  0.06584913, -0.00385615, -0.09759601,  0.23705227, -0.30111623,  0.26680349, -0.09043187, -0.21534311,  0.41158848, -0.36312022,  0.19842556, -0.03884010, -0.09947075,  0.19468466, -0.23080381,  0.20887899, -0.07179921, -0.09132405,  0.25547060, -0.25833362,  0.14005299, -0.06244549
  0.04517254, -0.06929842, -0.01448361,  0.02385103,  0.01278702, -0.00501392, -0.00706157,  0.03999945, -0.04535057,  0.06412967, -0.11744070,  0.15059861, -0.09350188,  0.05418317, -0.03913285,  0.03563030, -0.05962808,  0.00608330, -0.05137783,  0.10008869,  0.02867398, -0.12502203,  0.06456915, -0.08286299,  0.10579089, -0.10502696,  0.12771640, -0.09774737,  0.21679959, -0.21478416,  0.17969965, -0.25737191,  0.08909868,  0.21746872, -0.21504413,  0.07533215, -0.03959080, -0.05894257,  0.17353551, -0.14558644,  0.05197097,  0.04619809, -0.11956648,  0.31657781, -0.41683775,  0.27243032, -0.28279393,  0.15720178, -0.08087676,  0.08873332
  0.08086924, -0.06346596, -0.02869814,  0.10008188, -0.06115698, -0.04173812,  0.00220702, -0.11193376,  0.10466289,  0.04638900, -0.07857127,  0.04582871,  0.03084701, -0.13408965,  0.17178801, -0.03785131,  0.07130348, -0.06525460, -0.00741616, -0.00824941,  0.09534160, -0.19214027,  0.14078824,  0.05342351, -0.11932236,  0.05048037, -0.24769610,  0.09788751,  0.08672276,  0.03052296, -0.01358290, -0.19551564,  0.29910858,  0.15342015, -0.28086263,  0.06210614, -0.12099227, -0.02423425,  0.30377370, -0.10707370, -0.18431400,  0.04614149,  0.21970842, -0.08495672,  0.12652538, -0.01294058,  0.08075478, -0.23042496,  0.28682189, -0.33499662
 -0.04487757,  0.05408335, -0.09232009,  0.13180849, -0.12690288,  0.14464536, -0.07970023,  0.10206839, -0.13657604,  0.08872738, -0.06038169,  0.06488915, -0.03900393,  0.00207437, -0.00377487, -0.06823930,  0.05148336, -0.06682199,  0.12374353, -0.10251190,  0.11513343, -0.17432398,  0.14297797, -0.10741010,  0.07372759,  0.07397931, -0.04362439,  0.12863676, -0.22490582,  0.15524605, -0.09086205, -0.01254225,  0.00326680,  0.00879317, -0.06820500,  0.15065713, -0.10846078,  0.13085474, -0.28984112,  0.36647874, -0.31540564,  0.29531481, -0.29886844,  0.16470441, -0.20140715,  0.04154191,  0.07263102, -0.10288933,  0.12481100,  0.04755845
 -0.01314938,  0.00616565, -0.15049293,  0.04785688,  0.09594934, -0.01618295,  0.11159597,  0.00630857, -0.06427164, -0.02891287,  0.02014018,  0.00692689,  0.12209594, -0.08920635, -0.03447207, -0.05684350, -0.04956949, -0.05476293,  0.02730614,  0.07389496,  0.13580755, -0.14490120, -0.20716012,  0.13133210, -0.05202200,  0.23371885,  0.03732647,  0.07099474,  0.00968501, -0.08802310,  0.15244194, -0.37160126, -0.09750323,  0.35764662, -0.03173172, -0.04920984,  0.02394916, -0.06755509, -0.12969273,  0.22439233,  0.04264357, -0.18700750,  0.17683863, -0.11022170, -0.09135807, -0.32475750,  0.10727633, -0.09616212, -0.00039150,  0.38477256
