 -0.14344243, -0.08435208, -0.38652817,  0.35885228, -0.10366526,  0.31410563, -0.20424431, -0.22112714, -0.04147132,  0.10452552,  0.39966003,  0.10063769, -0.05405710,  0.09763874, -0.09158846,  0.14698914, -0.11110449,  0.17901999, -0.10680922,  0.01790080,  0.10453173, -0.19986437, -0.04465822,  0.02592033,  0.03675309,  0.26120733, -0.05840262, -0.09090535, -0.02056812, -0.11914603, -0.01506132, -0.07173077, -0.04429953,  0.00490407,  0.05432725,  0.18582972, -0.08042916, -0.02695986, -0.06359855, -0.02958012, -0.04004448, -0.05689521, -0.01023951, -0.01692877, -0.00327933, -0.00097453, -0.02793900, -0.02531718
 -0.14344986, -0.11347542, -0.35252054,  0.25898284, -0.16917433,  0.17548857, -0.14223997, -0.05731597,  0.05406705,  0.01059920, -0.05810286, -0.06614435, -0.10603907, -0.21308236,  0.04998817, -0.06030208,  0.15288930, -0.36826059, -0.00112284, -0.11508493, -0.03395633,  0.20175934,  0.18712426,  0.07668405, -0.28729914, -0.29822800,  0.20315364,  0.06796819,  0.07222204,  0.10119067, -0.08385642,  0.12760558,  0.12392597,  0.08411043, -0.17489626, -0.11889549, -0.06959209,  0.02884328,  0.07448912,  0.06819969,  0.06168785,  0.11447597,  0.03411693,  0.02566299,  0.00012204,  0.01927652,  0.05405269,  0.05006037
 -0.14346105, -0.13965151, -0.31321091,  0.16374661, -0.17867661, -0.00429895, -0.03530672,  0.13970465,  0.07845713, -0.07953370, -0.26426599, -0.19744159,  0.06624994,  0.05605455,  0.21898234, -0.14273940,  0.12788160,  0.05956619,  0.37122038,  0.02474357, -0.05383256,  0.19412905, -0.23540079, -0.23353225,  0.12838361,  0.04330296, -0.31072340,  0.01598015, -0.10568670,  0.00314748,  0.16051414, -0.16310499, -0.13277161, -0.06797203,  0.17398761, -0.02179546,  0.07434163, -0.01411163,  0.00070131, -0.05268941,  0.10268248, -0.05645679, -0.09085913,  0.02253608,  0.06742499, -0.00826591, -0.03129329, -0.08936453
 -0.14347479, -0.16225682, -0.26862710,  0.08066074, -0.12189615, -0.16823772,  0.09700605,  0.25015708,  0.02964402, -0.10408546, -0.17416835, -0.02266997,  0.22227375,  0.19856194, -0.17427034, -0.10107165, -0.16965537,  0.31991750, -0.07923321, -0.12499724, -0.22923843, -0.09773269,  0.18043051,  0.03116732,  0.25880498,  0.07972712,  0.27825216,  0.02147164,  0.07494980,  0.04787883, -0.08605423,  0.26262114,  0.11976791, -0.10399706, -0.11357739, -0.08982349,  0.07953185, -0.01636444, -0.01600009,  0.04977251, -0.05827797, -0.01000573,  0.00990396, -0.07476214, -0.13889878, -0.03549864,  0.01029476,  0.13351299
 -0.14349152, -0.18104198, -0.21958217,  0.01684508, -0.01275102, -0.26917897,  0.21344798,  0.20851484, -0.03851658, -0.06648281, -0.01713058,  0.21624373,  0.10284443, -0.20069115, -0.15172875,  0.09551857, -0.20357335, -0.19979315, -0.24566681,  0.21049031, -0.16246972, -0.12773672, -0.15325008,  0.26982495, -0.11466105, -0.18641826, -0.13229862, -0.04163248, -0.02981107, -0.04806232,  0.06712062, -0.32950460, -0.16211855,  0.07126950,  0.05791298, -0.04563749,  0.02787669,  0.01046538,  0.01502383, -0.06308017, -0.08626215, -0.02987187,  0.14345446,  0.00459739,  0.03958802,  0.04902078,  0.01166698, -0.13097178
 -0.14351329, -0.19561262, -0.16923980, -0.03302617,  0.11541638, -0.29173435,  0.25035835,  0.04612153, -0.08179418,  0.00383575,  0.09106127,  0.19727414, -0.16381420, -0.04715404,  0.26546472,  0.19679975,  0.08713575, -0.03933924,  0.06920821,  0.37298041,  0.25650329, -0.07952174,  0.04326678, -0.29574100, -0.07172344,  0.10232105, -0.02856480,  0.04063671,  0.02112213, -0.02041842, -0.08798761,  0.35175603,  0.19014788,  0.00696942,  0.05048959,  0.01667840,  0.01511068,  0.04061882, -0.02873641,  0.04380590, -0.03674019,  0.05128266, -0.04691882,  0.11887491,  0.08209443, -0.01964610, -0.02282517,  0.13952382
 -0.14354186, -0.20588893, -0.12043172, -0.07425088,  0.22665811, -0.24035531,  0.17687347, -0.14341060, -0.07802786,  0.07243174,  0.12618446, -0.05469046, -0.25876939,  0.28163572, -0.01197853, -0.07180929,  0.19066972,  0.16297635, -0.09378684, -0.13336710,  0.26221155,  0.34273244,  0.16007698,  0.15772847,  0.10865729, -0.07428072,  0.13507944,  0.06056571,  0.00764799,  0.17889978,  0.01296775, -0.30398986, -0.17481140,  0.03013978, -0.05868433,  0.05966252,  0.00457295,  0.04964854,  0.07596110, -0.02908436,  0.00625205,  0.00463627, -0.09966324, -0.09089633, -0.06387631, -0.04033681,  0.00909976, -0.11155066
 -0.14357660, -0.21159403, -0.07479870, -0.11389301,  0.29724244, -0.13578945,  0.02594959, -0.25019231, -0.03481011,  0.09259353,  0.04648034, -0.26293021, -0.06451540, -0.14663509, -0.23635757, -0.19579055,  0.01664463, -0.13596381, -0.11531753, -0.34463163, -0.01876982, -0.10880884, -0.36308021, -0.10427838,  0.09012533, -0.04943569, -0.09686635, -0.08912830, -0.08543468, -0.20756691,  0.18921925,  0.22553532,  0.19703924,  0.01385911, -0.00056532,  0.01581010,  0.07629211, -0.01302649, -0.05677571,  0.01597066,  0.06415255,  0.00629200,  0.10908422, -0.03402447,  0.01084881,  0.05994289, -0.01635720,  0.06668575
 -0.14361718, -0.21323641, -0.03255083, -0.14816322,  0.31159350, -0.00108088, -0.12775346, -0.22239829,  0.02473914,  0.05505194, -0.10112280, -0.21065606,  0.23971090, -0.21402472,  0.19119199,  0.03786790, -0.07428277, -0.10853556,  0.21398189, -0.01884215, -0.04718174, -0.36505922,  0.30425966,  0.01309765,  0.09936002,  0.03892872,  0.06738093, -0.01578438,  0.13957408,  0.08423145, -0.24256548, -0.11740198, -0.26105023, -0.09003855,  0.02844547,  0.04115439, -0.05143657, -0.17860729,  0.01288994, -0.00391755, -0.02026487, -0.03847664, -0.04978446,  0.10770339,  0.05055550, -0.03139034,  0.03854901, -0.08355280
 -0.14366303, -0.21109490,  0.00575890, -0.17642380,  0.26525196,  0.13338231, -0.22024391, -0.08165233,  0.05757638, -0.00023495, -0.14491219,  0.12275631,  0.30756099,  0.27634840,  0.07542463,  0.11469156, -0.03415458,  0.14813141,  0.13494302,  0.09239924,  0.02794384,  0.09562871, -0.08089941,  0.35385813, -0.30743791,  0.00366995, -0.19434996,  0.11600976, -0.07578683, -0.00985749,  0.08541733,  0.01466093,  0.30573089,  0.08985202, -0.07730738, -0.13574228, -0.11794844,  0.05346790, -0.08662442, -0.02236766, -0.00708435,  0.02473960, -0.05038418, -0.09175746, -0.04501580,  0.00288611, -0.07633572,  0.10133187
 -0.14371228, -0.20549642,  0.04093938, -0.19394997,  0.16964492,  0.24296279, -0.20201029,  0.09171172,  0.05203462, -0.04945701, -0.11459124,  0.35869046,  0.00482199,  0.01874946, -0.30770442, -0.00276782, -0.00508005,  0.02458994, -0.12395275, -0.01399117, -0.02090835,  0.13339977, -0.04152900, -0.44792914, -0.18029964,  0.06860527,  0.14680016,  0.03125732, -0.05608947,  0.16090493,  0.03388686,  0.08033406, -0.30791157, -0.07877595,  0.16206391, -0.03189899, -0.00765193,  0.04244980,  0.10127542,  0.07485145,  0.10018971,  0.00774256,  0.08996783,  0.01412445, -0.01471116,  0.01727428,  0.11224059, -0.08998537
 -0.14376447, -0.19689616,  0.07317431, -0.19919909,  0.04224257,  0.29987173, -0.07597349,  0.21746002,  0.02148027, -0.08281291, -0.09175878,  0.15342667, -0.32095939, -0.28854566,  0.10171995,  0.03818739,  0.04311065, -0.07023189, -0.05408978, -0.04480845, -0.08910127,  0.17075823,  0.18906705,  0.13291839,  0.31317304,  0.17334515, -0.05575812, -0.18322144,  0.01937549, -0.16264326,  0.07224176, -0.13946729,  0.22646153, -0.19300197, -0.08278770,  0.07037077,  0.08132027,  0.10129027, -0.02854915, -0.10997248, -0.16261573, -0.11077992, -0.02464168,  0.03454818, -0.00846147, -0.04342328, -0.11624500,  0.09356912
 -0.14382065, -0.18606528,  0.10201420, -0.18893465, -0.09766792,  0.28978028,  0.08907941,  0.23052176, -0.01892347, -0.06749781,  0.00748042, -0.22913771, -0.26348965,  0.21549449,  0.22635053,  0.02185760,  0.05341095,  0.06166589,  0.00432808,  0.03254280, -0.07225468, -0.22640793, -0.33226390,  0.10891711, -0.03749026, -0.05137992,  0.15845109, -0.02937288,  0.13664441, -0.14651965, -0.16108488,  0.08877725, -0.22807135,  0.32917876, -0.06918213,  0.01435229,  0.00489663,  0.06090196,  0.02627467,  0.09321553, -0.07977762,  0.15562955,  0.03000687, -0.03544780, -0.03620735,  0.04565156,  0.10080726, -0.06094191
 -0.14387981, -0.17311792,  0.12727397, -0.16495830, -0.22180599,  0.21608881,  0.21089817,  0.11880901, -0.05080637, -0.01260936,  0.14113377, -0.30565484,  0.07828966,  0.15432026, -0.29734404, -0.09794418, -0.03330931, -0.03166729, -0.02494587,  0.12323377,  0.06020572, -0.09822808,  0.31857298, -0.15346441, -0.13342849, -0.17925909, -0.12910664,  0.10075440, -0.07022171,  0.01995777, -0.06547710, -0.14243250,  0.29790263,  0.02255071,  0.17136361,  0.21522884,  0.03379360, -0.04286785,  0.02382815, -0.08054297,  0.15190206, -0.05144981, -0.01058016,  0.03671657,  0.18654752, -0.00768408, -0.08548928, -0.01327786
 -0.14394031, -0.15816765,  0.14942143, -0.12720288, -0.30416554,  0.10259765,  0.23359025, -0.07027850, -0.05171463,  0.02851129,  0.15524258, -0.04840485,  0.29559342, -0.34487559, -0.05864700,  0.04088108, -0.07614802,  0.00518643,  0.03081964,  0.03795990,  0.17786433,  0.28259494, -0.13907251,  0.15109386,  0.07750660,  0.16671223, -0.04415325,  0.03781757, -0.11090912,  0.19132371,  0.06920712,  0.22275050, -0.20793719,  0.03034122, -0.23402413,  0.10517404, -0.05633434, -0.16811184, -0.09445537,  0.07204842,  0.03522941,  0.01600187, -0.15325776,  0.02654180, -0.15619380, -0.03846964,  0.04596217,  0.01629034
 -0.14400241, -0.14152397,  0.16771400, -0.07957173, -0.33407940, -0.02731627,  0.13294300, -0.23598300, -0.02724760,  0.03618447,  0.07602375,  0.23314943,  0.17347108,  0.04952294,  0.35343241,  0.12499602,  0.03956745,  0.03819128, -0.03799256, -0.23827218, -0.03167967, -0.09130902, -0.06391714, -0.22163496,  0.02739942, -0.14359885,  0.26682304, -0.13202106,  0.07508159, -0.04576949,  0.20055988, -0.21762870,  0.17480759, -0.09636513,  0.06536510, -0.19757730, -0.16230754, -0.09288586,  0.01792515, -0.04654405,  0.04002475, -0.04537570,  0.10675775, -0.17078111,  0.03951192,  0.07683987, -0.02893361, -0.03925712
 -0.14406571, -0.12342487,  0.18176922, -0.02691858, -0.30825250, -0.14776067, -0.05253329, -0.28368709,  0.00017413,  0.01642285, -0.01437789,  0.25295173, -0.14020767,  0.29533284, -0.10559584, -0.14888867,  0.07924003, -0.17927157,  0.09823785, -0.03835348, -0.14202976, -0.03088019,  0.16398225,  0.17380646,  0.09270798, -0.07929607, -0.34474069,  0.01091793,  0.07704676, -0.17583237, -0.10999093,  0.22588860, -0.24957573, -0.12003618,  0.06513892, -0.06248332, -0.04624492,  0.10917524, -0.07780580,  0.03549719,  0.01756284, -0.03631619,  0.07753783,  0.18576355, -0.03601689, -0.07087324,  0.05679992,  0.07744964
 -0.14412948, -0.10416695,  0.19167568,  0.02780327, -0.23255595, -0.23193153, -0.23807842, -0.18279937,  0.01233046, -0.01003853, -0.06287222, -0.02340062, -0.28937071, -0.21600892, -0.20320759, -0.14400181, -0.10184966,  0.17201188,  0.15649503,  0.15071604, -0.00733498, -0.12608345, -0.22733229,  0.01500129, -0.09120761,  0.19179774,  0.10566131,  0.20639700, -0.02021130,  0.17007811, -0.22219113, -0.20554294,  0.21476514, -0.07761560, -0.05669928, -0.14137860,  0.03436086,  0.06186810,  0.18763793,  0.01746777, -0.10039143,  0.07822489, -0.12658760, -0.03574894,  0.01555015,  0.06806107, -0.05321027, -0.06157307
 -0.14419266, -0.08410795,  0.19803276,  0.08568292, -0.12252355, -0.25443204, -0.33615638,  0.00972278,  0.00426462, -0.02002868, -0.03897550, -0.27451282, -0.09226899, -0.09234212,  0.20105186,  0.20350301, -0.17366492,  0.15584881, -0.24379309, -0.02050472, -0.02281342,  0.01526482,  0.28480421, -0.04304521, -0.16966863,  0.02743543, -0.03668720, -0.10425959, -0.24721222,  0.00866677,  0.25149126,  0.09782108, -0.16037465,  0.20665021,  0.05109976,  0.01367488,  0.19572841,  0.16787317, -0.10339059, -0.07070052,  0.07345612, -0.01555751,  0.05682114, -0.08819307,  0.01092562, -0.06662823,  0.05887095,  0.06858910
 -0.14425550, -0.06345627,  0.19991885,  0.14083199, -0.00506259, -0.21518426, -0.31312707,  0.20047158, -0.02337159,  0.02247561,  0.10461188, -0.15919545,  0.18388496,  0.25573222, -0.02931402,  0.18832541,  0.10473495, -0.33086918, -0.08813282,  0.07224444,  0.03180020,  0.22616663, -0.18333552,  0.05307485,  0.02055529,  0.12124771,  0.12900964, -0.20772203,  0.23537202,  0.00424375, -0.08277660,  0.01467832,  0.11703719, -0.18636473,  0.09024767,  0.18572468,  0.09523911, -0.21392439,  0.10210249,  0.10538209, -0.06374467, -0.01061022,  0.03605659,  0.09748324, -0.02270037,  0.01884343, -0.06572215, -0.10437746
 -0.14431838, -0.04264024,  0.19674204,  0.18951522,  0.09324219, -0.12775861, -0.18440969,  0.29404486, -0.04069100,  0.11525410,  0.25067066,  0.13117867,  0.18141290, -0.13491260, -0.14778243, -0.12064839,  0.30003606,  0.07987787,  0.21466394, -0.03826678,  0.00527462, -0.05544715,  0.03755434, -0.19743328,  0.07290181, -0.15938293, -0.00962602,  0.13522931,  0.13267500, -0.15729333,  0.01531908, -0.10160438, -0.08059043,  0.27580644, -0.24802892,  0.02026586, -0.10487817,  0.07756159, -0.16672320, -0.19798328, -0.15132858, -0.08450610, -0.03669175, -0.06712517, -0.00082255,  0.01377276,  0.01369876,  0.14332326
 -0.14437889, -0.02209398,  0.19061152,  0.23952599,  0.15862386,  0.00304634,  0.01476071,  0.22448363, -0.00064980,  0.15996598,  0.12925596,  0.16300321, -0.01408920, -0.15377772,  0.22481170, -0.22922127,  0.01636565,  0.20093394, -0.09392588, -0.12156902, -0.12142429,  0.02365802,  0.06209339,  0.19494752,  0.09382625, -0.02477815, -0.08291331,  0.14964203, -0.19540398, -0.02136007, -0.07979767,  0.09168850,  0.10648051, -0.01811047,  0.27674332,  0.04377268, -0.15086215, -0.16925375,  0.07507835,  0.26631546,  0.21878382,  0.26284519,  0.04173829,  0.06196856,  0.12466500,  0.02054101,  0.04277261, -0.20350454
 -0.14444176, -0.00142673,  0.17532408,  0.25037783,  0.16734341,  0.08462249,  0.15821975,  0.10888239,  0.05394498,  0.17821602,  0.04147462,  0.01764198, -0.13595551,  0.18467737,  0.17697913, -0.19534898, -0.21205253, -0.18296381, -0.08670386,  0.01880476, -0.14479990, -0.13291879, -0.14428914, -0.03027349, -0.14112126,  0.00638935,  0.01715297, -0.06970642, -0.11990317,  0.30282650, -0.01214098,  0.02860614, -0.07377989, -0.22038284, -0.23889605, -0.02696862, -0.03638842,  0.01343874, -0.02501510, -0.24586446,  0.18240373, -0.29260116, -0.20440606,  0.01249524, -0.02406737, -0.03136072, -0.09505522,  0.17385656
 -0.14450363,  0.01852731,  0.15433448,  0.23220214,  0.13962635,  0.11367636,  0.21648928, -0.01592897,  0.11148474,  0.16710401,  0.01554173, -0.10665544, -0.08955870,  0.05316940, -0.14208977, -0.04964790, -0.23926803, -0.10095499,  0.27005905,  0.21029515,  0.05815452,  0.04469369,  0.19664154, -0.08904883, -0.01482838,  0.08370478, -0.02126496, -0.17713312,  0.11006900, -0.11027226,  0.28026432, -0.09184531,  0.02725290,  0.00127656,  0.00194914, -0.30204950,  0.04630804, -0.03985604, -0.03299141,  0.25492365, -0.15358208,  0.17350767,  0.11375408, -0.14967402, -0.26293275, -0.01518461,  0.14846304, -0.08312853
 -0.14456079,  0.03695548,  0.13235264,  0.20609086,  0.09916968,  0.11502332,  0.20330242, -0.13024023,  0.17339511,  0.09906454, -0.04881509, -0.11295470,  0.04967019, -0.12715768, -0.04988898,  0.22776933, -0.13488294,  0.22682248,  0.05932051, -0.00183042,  0.02796585,  0.29275496, -0.10124906,  0.08525109,  0.02455451, -0.12445787,  0.09249694,  0.12830599,  0.21296156, -0.13241636, -0.19539474,  0.14614346, -0.09929463, -0.04607922,  0.21205449, -0.08966528,  0.09567763,  0.18202763,  0.12390911, -0.24753039, -0.04252528, -0.19175661,  0.24563416,  0.07596058,  0.23049982,  0.07795479, -0.12471039,  0.06563632
 -0.14461220,  0.05379761,  0.11073266,  0.17591319,  0.05910461,  0.09396236,  0.13682047, -0.18479225,  0.21452336, -0.02196951, -0.13007168,  0.01014188,  0.12495844,  0.06659406,  0.01895352,  0.28222880,  0.12547902, -0.05524528, -0.24516233, -0.08088734, -0.15089126, -0.04035313, -0.08226409, -0.20220720,  0.15958879, -0.12403232, -0.11520833,  0.20065393, -0.18194397,  0.08103760, -0.12995812, -0.18814374,  0.11073902,  0.04232381, -0.08456958,  0.11743767,  0.17982515,  0.16291588, -0.06481985,  0.18641296, -0.25102663,  0.18073278, -0.19518977,  0.20413978, -0.12975225, -0.13816807,  0.11900079,  0.04474208
 -0.14465788,  0.06898021,  0.09021155,  0.14401154,  0.02886459,  0.05550715,  0.05478462, -0.15302505,  0.20970552, -0.15953387, -0.18115213,  0.12090700,  0.05270072,  0.04610565, -0.12527321, -0.00468367,  0.31898501, -0.15041806,  0.00600984,  0.21734147,  0.04881077, -0.19328779,  0.07022487,  0.15013411,  0.26627831,  0.08708171,  0.10283686, -0.13280759, -0.16998768,  0.13165283,  0.14841837,  0.18078170, -0.01846325,  0.24609049, -0.00988643,  0.07288326,  0.06892264, -0.02397066,  0.20477536, -0.15053945,  0.09422144,  0.04261280, -0.01172427, -0.29973809,  0.17793640,  0.13586719, -0.16071811, -0.13514886
 -0.14469739,  0.08245310,  0.07200850,  0.11676458,  0.01619678,  0.01647199,  0.00368434, -0.06385466,  0.15258757, -0.27946420, -0.20081915,  0.07287235, -0.05454005, -0.10992060, -0.02892210, -0.17924761,  0.13604295,  0.26581543, -0.04692144,  0.10520600,  0.29188835, -0.14280591, -0.09276594,  0.12632321, -0.15292355, -0.19395919,  0.11504077, -0.17684022,  0.22962037, -0.01124641,  0.11489506, -0.09094855,  0.03579114, -0.13205273,  0.02001461,  0.20893281,  0.11350767, -0.15054614, -0.29812997,  0.08299134,  0.19422227, -0.07729720,  0.05397092,  0.20058717, -0.07463462, -0.13099177,  0.15881435,  0.11162912
 -0.14473077,  0.09450932,  0.05624594,  0.09442034,  0.02173781, -0.01180689,  0.00440419,  0.03276620,  0.04744789, -0.35436753, -0.16518226, -0.04331448, -0.05264251,  0.02551976,  0.06425285, -0.07807854, -0.16583665, -0.01718837, -0.28333775, -0.16820232,  0.29271155,  0.00797493,  0.08622313, -0.15478255, -0.08305497,  0.02359831, -0.27312709,  0.17837340,  0.11090999, -0.20595565, -0.05596279,  0.06555347, -0.07097301,  0.01652896, -0.14140391, -0.07662264, -0.26726537, -0.29624789,  0.16558095, -0.02170372, -0.23068954, -0.07887220, -0.09153232, -0.09958875, -0.04333191,  0.09133920, -0.18939385, -0.11871913
 -0.14475939,  0.10557954,  0.04129351,  0.06830703,  0.03779374, -0.03312878,  0.03628232,  0.09797290, -0.09578665, -0.34448849, -0.00855497, -0.04025752,  0.00710910,  0.05748857, -0.05045222,  0.07415131, -0.14421807, -0.30413410,  0.14475224, -0.19534515,  0.23003927, -0.00220388, -0.04132062,  0.06889691,  0.12963185,  0.23496184,  0.17905023,  0.12684769, -0.20446278,  0.02596297, -0.15110674, -0.12538303,  0.02988410,  0.02087720,  0.19912252, -0.07121962, -0.26336943,  0.23195424, -0.31914877, -0.08342221,  0.13365135,  0.08126919,  0.13031686, -0.02658459,  0.04080868,  0.01278608,  0.18270953,  0.13698200
 -0.14478288,  0.11538506,  0.02858019,  0.05032425,  0.05911341, -0.02435284,  0.08315078,  0.07019144, -0.22585107, -0.26701706,  0.11933993,  0.02351374,  0.01475705, -0.04807054, -0.06089221,  0.15781160,  0.02414043,  0.10767152,  0.34961043, -0.25825525, -0.01435067, -0.12726997,  0.00885733,  0.06209488, -0.17219492, -0.14803392, -0.04034937, -0.25646327, -0.16224998,  0.10071300,  0.07711422,  0.08253112, -0.00567215, -0.08169481, -0.03219011,  0.14176186, -0.06110881,  0.24646662,  0.39181304,  0.21715622, -0.12242407, -0.14823965,  0.00748916,  0.10208934, -0.08951216, -0.13550516, -0.13019953, -0.06938277
 -0.14480106,  0.12412875,  0.01844586,  0.04403705,  0.07570690,  0.02065787,  0.11790176, -0.04656180, -0.30033079, -0.19598602,  0.05172718,  0.02550648, -0.01149461, -0.00163931, -0.05519341,  0.15248619,  0.06250273,  0.09374283,  0.02664843, -0.13793999, -0.24246526,  0.04173831,  0.06843925, -0.02588913, -0.15740479,  0.15745859, -0.17926911, -0.08386525,  0.27944290,  0.04740166,  0.02488766, -0.00618655, -0.00992053, -0.10258959, -0.16173769, -0.06051389,  0.21916211, -0.05086960, -0.07454169, -0.25141809,  0.18941763,  0.40797963, -0.16208350,  0.02797683,  0.14690924,  0.28986984,  0.11711901, -0.06452583
 -0.14481977,  0.13204280,  0.00551625,  0.02242225,  0.06520051,  0.04189219,  0.08128320, -0.12785231, -0.33593845, -0.10891655, -0.01332123, -0.00905063, -0.02145328, -0.03571824, -0.00958866,  0.01061066,  0.15098130, -0.06385536, -0.05231969,  0.09130659, -0.29795299,  0.08216053,  0.00068157,  0.01399842, -0.08399521,  0.21501682,  0.11699395,  0.24819980,  0.07619174, -0.17118923,  0.02116973, -0.06011715, -0.01423347,  0.16659422,  0.07839680, -0.12324315,  0.13671320, -0.16204722, -0.04914692,  0.27333978,  0.13186179, -0.38180110, -0.09251411, -0.16545046,  0.08421688, -0.34610889, -0.05763726,  0.05560307
 -0.14483752,  0.13862739, -0.00782699, -0.00310018,  0.03907289,  0.04646148,  0.00443317, -0.14697619, -0.33079969, -0.01399106, -0.08012662, -0.05930597,  0.02209502, -0.01770082,  0.09135388, -0.17086773,  0.12119863,  0.05406975, -0.02732999,  0.23841395, -0.17777480,  0.09950591,  0.01423143, -0.05264066, -0.05573267, -0.07221632,  0.11373275, -0.01153996, -0.26406683, -0.05461484, -0.11736546,  0.02703162,  0.00397145, -0.04671897,  0.16187759,  0.15250278, -0.06608683, -0.12456457, -0.03690487, -0.30552135, -0.20032629,  0.07229909,  0.23445370,  0.03105986, -0.49798884,  0.16215132, -0.07677386,  0.02265593
 -0.14485222,  0.14400685, -0.01968963, -0.02524149,  0.00972844,  0.04597866, -0.07047402, -0.10755513, -0.29445976,  0.06998252, -0.14151748, -0.04294533,  0.09056257,  0.05638950,  0.05409019, -0.22607353, -0.10556409,  0.07383795, -0.12796153,  0.19237874, -0.00111765,  0.13798735, -0.01970243, -0.07866201,  0.13345668, -0.06321187, -0.05163287, -0.24156188,  0.00280275,  0.16809527, -0.04108457, -0.00167578,  0.04388284,  0.04416440, -0.20749357,  0.04233215, -0.18055975,  0.17351207, -0.11444349,  0.24353893, -0.24959746, -0.09920997,  0.12647220,  0.02820791,  0.47289691,  0.14877169,  0.17728503, -0.03574772
 -0.14486383,  0.14848995, -0.03020454, -0.04632001, -0.01817277,  0.03769603, -0.11733904, -0.02088335, -0.24464872,  0.14689242, -0.14353508,  0.05555414,  0.08245467,  0.00271762,  0.00170524, -0.08681864, -0.25505122, -0.06230265, -0.08252841,  0.07978144,  0.13460593, -0.01477144, -0.06315609, -0.02818703,  0.22608418, -0.09473443,  0.06266619,  0.01078230,  0.24276270, -0.04237939,  0.19265900, -0.02931241,  0.00937328,  0.19152870,  0.08267152,  0.00679196, -0.09420417,  0.15624544,  0.27287406, -0.16551606,  0.19339217,  0.29873017, -0.18637564,  0.21054028, -0.07088135, -0.34835738, -0.16329485,  0.11348316
 -0.14487136,  0.15224637, -0.03830762, -0.06174832, -0.03793609,  0.03136854, -0.11078325,  0.06594579, -0.18368733,  0.20353083, -0.13687419,  0.11301578, -0.02627744, -0.00191383,  0.01901123,  0.13461507, -0.16816469, -0.08288234,  0.09634491, -0.01353636,  0.20017326, -0.07639699,  0.00215350,  0.03504024,  0.11933855, -0.28130108,  0.04440116,  0.22098613, -0.01534816, -0.15911232, -0.02229405,  0.08294280,  0.00054481, -0.16433186, -0.01835737,  0.15793475,  0.26769948,  0.12413543, -0.11622057,  0.14952129,  0.15352534, -0.17328646, -0.22925729, -0.25637246, -0.14467391,  0.34546870,  0.04095599, -0.21848540
 -0.14487559,  0.15535179, -0.04421250, -0.07068437, -0.05088410,  0.02813788, -0.05790613,  0.11492757, -0.11236184,  0.23214614, -0.13290685,  0.05591985, -0.12923449,  0.06840840, -0.08318719,  0.24232226,  0.02798086,  0.03923735,  0.10477866, -0.09946042,  0.17728099, -0.06931962, -0.04371542,  0.01448660,  0.07683092, -0.08635808, -0.11607184, -0.00159000, -0.25057430,  0.04608322, -0.13201617, -0.06454652, -0.02203470, -0.04719553, -0.21526384, -0.12050274,  0.15831117, -0.45317336,  0.12984056, -0.08425931,  0.02757543,  0.07966242,  0.33790417, -0.05646680,  0.14181112, -0.22236186,  0.13761006,  0.21872130
 -0.14487914,  0.15768237, -0.04944048, -0.07794130, -0.06270499,  0.01394979,  0.00972018,  0.12383230, -0.03216010,  0.24307848, -0.11104937, -0.06746981, -0.11342249, -0.02562425, -0.15322002,  0.16908427,  0.20166945,  0.05874516, -0.06961479, -0.13275837,  0.05135319, -0.11858135,  0.02089059,  0.05495134, -0.00171463,  0.03290930, -0.03217179, -0.11343912,  0.03915661,  0.26890109,  0.04220835,  0.08706984,  0.04795094,  0.15427966,  0.21300785, -0.36205739, -0.13193112, -0.06553728, -0.31867486, -0.02165989, -0.09791209, -0.15448303, -0.13021543,  0.30687892, -0.08060017,  0.07247373, -0.23394238, -0.24737613
 -0.14488244,  0.15936554, -0.05438467, -0.08646731, -0.06967705, -0.01485913,  0.06586943,  0.09845601,  0.05152903,  0.23531365, -0.08734246, -0.13159184,  0.02235659, -0.08922774, -0.00715308,  0.02349075,  0.26287583, -0.00248404, -0.14522854, -0.03650607,  0.00496639, -0.14041222,  0.00223916,  0.10287074, -0.13763206,  0.15635303, -0.13468115,  0.11401949,  0.20928699,  0.12372552,  0.15298913, -0.00951569, -0.09126938, -0.25139467,  0.24981746,  0.13824112, -0.21856087,  0.14614610,  0.16083082,  0.06632205, -0.14675353,  0.04931046, -0.03439199, -0.31417469, -0.02357340,  0.06665000,  0.17526161,  0.37553200
 -0.14488427,  0.16079778, -0.05871378, -0.09769181, -0.06450635, -0.04954547,  0.09278228,  0.04951853,  0.12586025,  0.19895401, -0.07065848, -0.04363563,  0.14128306,  0.02024139,  0.05822194, -0.11164496,  0.15530899, -0.01820776, -0.06315861, -0.01942839,  0.07606976, -0.07294299,  0.04642636, -0.00487166, -0.21078753,  0.32514238,  0.10328542,  0.11856116, -0.07242953, -0.27058517,  0.03236232, -0.01983415, -0.00215314, -0.18543212, -0.33127656,  0.05885074,  0.01695844,  0.27407300, -0.00000461, -0.09073791,  0.08072899,  0.04447931,  0.24604108,  0.13994442,  0.03165835, -0.18806046, -0.04436199, -0.41093862
 -0.14488481,  0.16202381, -0.06251480, -0.11154959, -0.04757797, -0.08158055,  0.08024877,  0.00039768,  0.18047807,  0.14122084, -0.04249197,  0.10935142,  0.10187897,  0.01753904, -0.01293033, -0.15801912, -0.04584238, -0.01456261,  0.03915548, -0.12156696,  0.04779180,  0.10564145,  0.06783971,  0.00072579, -0.19159056,  0.16277276,  0.13923752, -0.30602087, -0.19847863, -0.30714632, -0.19917446, -0.16276708, -0.08570461,  0.21592606,  0.07500034,  0.00463827,  0.13927471, -0.06398974,  0.10255008,  0.13237668,  0.01109344,  0.01288283, -0.27427731,  0.15546935,  0.06250122,  0.27895978, -0.09716922,  0.32269817
 -0.14488423,  0.16296830, -0.06557556, -0.12549627, -0.02218056, -0.10047953,  0.03713286, -0.02926015,  0.21241443,  0.07003601, -0.00586311,  0.14341238, -0.06012111, -0.04476920,  0.03061238, -0.05072281, -0.17876887, -0.02293667,  0.10802721, -0.14667726, -0.12620747,  0.13247004, -0.02890305, -0.07250888, -0.09554123,  0.00593101, -0.12316090, -0.21205459,  0.15812810,  0.12119286, -0.26222372,  0.09400495,  0.17705351,  0.24171889,  0.12938953,  0.27264997, -0.01761873, -0.03711437, -0.10707327, -0.19650998, -0.06781801, -0.04159236, -0.05715571, -0.32490857, -0.06184957, -0.31030586,  0.19831348, -0.24650625
 -0.14488190,  0.16381830, -0.06759191, -0.13779735,  0.00722056, -0.09585347, -0.01654935, -0.03432381,  0.21718142, -0.01014991,  0.04652602,  0.03047192, -0.17115005,  0.04928674,  0.02930054,  0.10929746, -0.16840086, -0.01464673,  0.14540577, -0.01238684, -0.23532730,  0.04674931,  0.02555547, -0.06715403,  0.06443009,  0.05447558, -0.00192334,  0.23546977,  0.14843774,  0.17827298,  0.20881399, -0.08406889, -0.00640083,  0.17116250, -0.16029324,  0.32984777, -0.13162190, -0.09954947, -0.08166947,  0.20063786,  0.14398312,  0.00918793,  0.31952247,  0.13329180, -0.04507794,  0.23176728, -0.30643600,  0.12273497
 -0.14487904,  0.16438523, -0.06902089, -0.14672714,  0.02898113, -0.06907989, -0.06442763, -0.01698599,  0.19720932, -0.07441736,  0.13850603, -0.10253332, -0.12671227,  0.05128196, -0.09283217,  0.14578878, -0.03736261,  0.04201410,  0.07184027,  0.16668344, -0.20217571,  0.06584440, -0.00690289,  0.04383399,  0.05716524, -0.15016039,  0.20722039,  0.08590424, -0.16762249, -0.22085624,  0.25813403,  0.10137786,  0.01565050, -0.13928516, -0.01987888, -0.01549570, -0.30068093, -0.17811366,  0.08594076, -0.16219384, -0.06089593, -0.06469789, -0.30337453,  0.18299702,  0.14652352, -0.00576898,  0.37616977, -0.08497999
 -0.14487593,  0.16463248, -0.06989979, -0.15023213,  0.03584969, -0.02394699, -0.09004223,  0.00442574,  0.16273637, -0.11587853,  0.22882601, -0.13036786,  0.01620811, -0.06934605, -0.04052742,  0.06466860,  0.07040772,  0.07812600, -0.08831573,  0.20803030, -0.06924699,  0.06052197, -0.04768509, -0.08285665,  0.08409085, -0.22553587, -0.06480210, -0.19990310, -0.06067887, -0.06412236, -0.25213295, -0.02252324, -0.12701978, -0.25949843, -0.07383008, -0.21653066, -0.13092424,  0.10840808, -0.17389362,  0.14766803,  0.20994854,  0.20885649, -0.04526468, -0.28335771, -0.01722205, -0.14756889, -0.35961551,  0.04911560
 -0.14487288,  0.16466844, -0.07068478, -0.14975484,  0.02311487,  0.02748384, -0.09248137,  0.01547572,  0.12113843, -0.13349229,  0.29454034, -0.03557096,  0.11072258, -0.02726319,  0.13314314, -0.09983560,  0.05663575,  0.00907654, -0.13682454,  0.08259319,  0.06369908, -0.01950056,  0.00941583, -0.01030693,  0.17279346,  0.05021068, -0.20479504,  0.00718965,  0.09093089,  0.13155150, -0.09331879, -0.03885006,  0.14121810,  0.13607342, -0.02417813, -0.28798444,  0.15807070,  0.10652514,  0.29485536, -0.00969965,  0.22824369, -0.26857683,  0.15534776,  0.12648048, -0.26152689,  0.16804706,  0.32117310,  0.00765299
 -0.14486997,  0.16461522, -0.07173924, -0.14785670, -0.00851953,  0.06981771, -0.07981895,  0.01252642,  0.07782883, -0.13079449,  0.31889382,  0.07284465,  0.06719586,  0.05159161,  0.14169093, -0.27778580, -0.08770480, -0.10035384,  0.04834462, -0.06854878,  0.08329175, -0.04624448, -0.01434472,  0.07979155, -0.04271597, -0.06417407,  0.09792172,  0.20700643, -0.01733427,  0.16640073,  0.18913701,  0.08795782, -0.08094673, -0.10524756,  0.16450893, -0.09441345,  0.42446833, -0.04836350, -0.11083883, -0.05437260, -0.41607191,  0.13532646,  0.01101051,  0.00734038,  0.19021224, -0.09127735, -0.14403128,  0.01723109
