 -0.19974616, -0.19974069, -0.19973911, -0.19974114, -0.19974682, -0.19975932, -0.19977772, -0.19980112, -0.19982655, -0.19985326, -0.19988076, -0.19990946, -0.19994196, -0.19997887, -0.20001764, -0.20005720, -0.20009722, -0.20013883, -0.20018159, -0.20022698, -0.20027427, -0.20032345, -0.20037085, -0.20041291, -0.20045271
  0.35387629,  0.33661477,  0.31299253,  0.28313247,  0.24744006,  0.21073920,  0.17412553,  0.13790642,  0.10095515,  0.06285847,  0.02331451, -0.01740563, -0.05551462, -0.08856806, -0.11861255, -0.14593606, -0.17016162, -0.19017500, -0.20600888, -0.21556581, -0.21882498, -0.21495843, -0.20747249, -0.19987485, -0.18963148
  0.30668909,  0.23736740,  0.16622073,  0.09453476,  0.02395888, -0.04342936, -0.10570320, -0.16087140, -0.20626917, -0.23997535, -0.26028349, -0.26593820, -0.25613472, -0.23138593, -0.19391880, -0.14592100, -0.08968787, -0.02806152,  0.03600830,  0.09932933,  0.15887875,  0.21257954,  0.25908658,  0.29861399,  0.33188681
  0.27630067,  0.23256140,  0.15459502,  0.05123376, -0.06224136, -0.16316202, -0.23552141, -0.26973665, -0.26347436, -0.21928387, -0.14400153, -0.04848461,  0.05722584,  0.15949298,  0.23964993,  0.28486262,  0.28867484,  0.25185299,  0.17997336,  0.08543282, -0.01861694, -0.11613322, -0.19633906, -0.25142011, -0.27275399
  0.31984577,  0.14662123, -0.02486065, -0.16477775, -0.24953644, -0.26822830, -0.22568817, -0.13739095, -0.02197774,  0.09521050,  0.19111881,  0.24878496,  0.25950370,  0.22030836,  0.13337386,  0.01518741, -0.10746163, -0.20706234, -0.26083210, -0.25843662, -0.20078987, -0.09530492,  0.04323356,  0.19859521,  0.35012108
 -0.28860665, -0.16073264,  0.02957203,  0.21098791,  0.29579059,  0.25655956,  0.11210749, -0.06879821, -0.21132548, -0.26238793, -0.21948173, -0.11331015,  0.02659901,  0.16464754,  0.24697373,  0.24020163,  0.14089862, -0.02000877, -0.19077646, -0.29224736, -0.27545731, -0.13835082,  0.04619398,  0.19161012,  0.27913301
  0.26642550,  0.04847482, -0.20219795, -0.32551317, -0.23230990,  0.00733724,  0.24431001,  0.34109250,  0.25719098,  0.04279413, -0.18034718, -0.29159294, -0.25291168, -0.10520686,  0.07017316,  0.18917825,  0.21731360,  0.16537689,  0.06996686, -0.05431191, -0.17244837, -0.22699931, -0.15586436,  0.03679336,  0.24323160
 -0.21851207, -0.01013909,  0.21025766,  0.24697036,  0.04760576, -0.20205993, -0.29860203, -0.15792476,  0.12248828,  0.32801342,  0.28624246,  0.01615620, -0.25954175, -0.33156896, -0.18021631,  0.08405877,  0.27674194,  0.26417170,  0.06410309, -0.14564841, -0.21998450, -0.13456557, -0.01380405,  0.06660265,  0.15902977
  0.22247787, -0.13902111, -0.26909735, -0.07966704,  0.18182495,  0.27089747,  0.08843718, -0.17618700, -0.27022017, -0.10376062,  0.16094799,  0.26479855,  0.14384123, -0.07613353, -0.25686944, -0.25169960, -0.03483458,  0.24488640,  0.32788838,  0.13574870, -0.17779217, -0.29652162, -0.15534418,  0.04999665,  0.19542498
 -0.38088032,  0.21513731,  0.34490482,  0.02663165, -0.23769951, -0.10260779,  0.16089799,  0.12446146, -0.11669414, -0.16396607,  0.02340020,  0.13790915,  0.03729136, -0.03853567,  0.00667276,  0.00022704, -0.10748961, -0.12481324,  0.05981546,  0.26692426,  0.16474464, -0.19193361, -0.38781622, -0.14213366,  0.42548640
  0.03878280, -0.12062863,  0.05637864,  0.16749335, -0.06289244, -0.25310686, -0.00537975,  0.31703870,  0.13895779, -0.30712207, -0.28632989,  0.20755664,  0.38248518, -0.03552595, -0.37885986, -0.14641647,  0.26602794,  0.24706299, -0.09951773, -0.23003845, -0.01199586,  0.15191209,  0.02586269, -0.10991316,  0.04816878
  0.10845077, -0.01479807, -0.03693433, -0.12752771, -0.11548764,  0.12201210,  0.25316397,  0.00076997, -0.31125616, -0.16140716,  0.28084618,  0.31802496, -0.13668951, -0.40593698, -0.08673190,  0.34885556,  0.28104055, -0.13832615, -0.30977715, -0.08218557,  0.15818395,  0.14580068,  0.03432247, -0.00558032, -0.11879816
 -0.23278629,  0.28209043,  0.29203727, -0.30480234, -0.31556557,  0.18219256,  0.28571704, -0.10491884, -0.19428095,  0.07359143,  0.06380183, -0.07876714,  0.04597254,  0.13365650, -0.06210457, -0.24053684,  0.00687408,  0.31141525,  0.10644450, -0.30984453, -0.18400725,  0.13759671,  0.19421211,  0.07591679, -0.16390591
  0.10261607, -0.26449525,  0.12885779,  0.29715725, -0.22992088, -0.29994359,  0.18255015,  0.28953148, -0.15226592, -0.20225100,  0.15611242,  0.08210814, -0.14837818, -0.02935549,  0.17015439,  0.04215783, -0.23511666, -0.05716690,  0.29096424,  0.08586058, -0.32115358, -0.11612851,  0.26042956,  0.17126851, -0.20359214
  0.24405776, -0.45652818,  0.11850893,  0.21120102, -0.20212194,  0.04798152,  0.20589449, -0.21804603, -0.08533797,  0.21801685,  0.00802555, -0.11755466, -0.05308160,  0.04590047,  0.10482922, -0.03382131, -0.07642240,  0.01969438,  0.10742876, -0.23594324,  0.07790575,  0.38403313, -0.25746950, -0.31107225,  0.25391901
 -0.07040425,  0.23427702, -0.28201392,  0.08025834,  0.19993375, -0.38058100,  0.33886824, -0.03504483, -0.28634584,  0.35475676, -0.20718015,  0.03127979,  0.10166869, -0.17863251,  0.16526953, -0.10006159,  0.03310026,  0.04804100, -0.12164406,  0.16700179, -0.19102621,  0.06514607,  0.20770677, -0.28316964,  0.10879185
 -0.05365581,  0.13909379, -0.17134041,  0.21015466, -0.22543473,  0.08594506,  0.16108677, -0.36668644,  0.38951529, -0.15804047, -0.19919927,  0.39977861, -0.31852830,  0.09857850,  0.10011245, -0.21615485,  0.22053236, -0.13562630,  0.01344248,  0.12182210, -0.19440141,  0.12125166, -0.04234820,  0.05990558, -0.03980295
  0.04574255, -0.14064109,  0.17082466, -0.06098389, -0.10377061,  0.18031673, -0.10515507, -0.07230960,  0.15074674,  0.01971159, -0.26313893,  0.25558830,  0.07005007, -0.41206008,  0.40851310, -0.04665741, -0.32206122,  0.39723439, -0.22073920,  0.01074880,  0.13320877, -0.19365358,  0.13379632, -0.02424343, -0.01106676
 -0.05417055,  0.10997466, -0.12343937,  0.20517297, -0.21509832,  0.03131440,  0.19229217, -0.28367463,  0.12632093,  0.16190576, -0.23439395, -0.06929540,  0.36971353, -0.18493642, -0.28560811,  0.46256043, -0.21687407, -0.12445214,  0.22963244, -0.09739805,  0.04721800, -0.12180891, -0.01276676,  0.20008079, -0.11226531
 -0.05866126,  0.24885059, -0.40611989,  0.28661511, -0.01107574, -0.14684528,  0.10926480,  0.00097091,  0.02912820, -0.21222894,  0.27287481, -0.04167794, -0.21212274,  0.16249276,  0.02334761,  0.02673656, -0.28724776,  0.38676097, -0.10347744, -0.29974285,  0.34316683, -0.06594726, -0.05413885, -0.02233439,  0.03140828
 -0.08520420,  0.19052504, -0.04357599, -0.25046863,  0.27552311, -0.01701624, -0.17128136,  0.10992720,  0.09004892, -0.15399785, -0.06477028,  0.26985778, -0.10837121, -0.16998299,  0.09143982,  0.22082711, -0.26590750, -0.08777742,  0.43282447, -0.30106657, -0.18371866,  0.35356393, -0.03287092, -0.20173178,  0.10320026
  0.04353670, -0.14029581,  0.18754981, -0.19316551,  0.27987313, -0.32728935,  0.20572907, -0.03372636, -0.10771697,  0.22564390, -0.29825864,  0.30273333, -0.26340635,  0.18857228, -0.06820920, -0.01374570, -0.00204931,  0.01526338,  0.05987792, -0.18903472,  0.28064280, -0.14252087, -0.21392593,  0.34581938, -0.14188854
  0.04767965, -0.13929911,  0.19695823, -0.18520950,  0.09736229, -0.06435928,  0.15431799, -0.22351860,  0.18996328, -0.10002573,  0.02074681,  0.06131380, -0.18113292,  0.29536819, -0.35010847,  0.30492065, -0.17776031,  0.10516889, -0.14769080,  0.17487112, -0.07804489, -0.14290730,  0.38387004, -0.37972499,  0.13723568
  0.01131460, -0.05532267,  0.11626653, -0.17688660,  0.25042731, -0.28303171,  0.25858424, -0.24887134,  0.26428138, -0.26393368,  0.23913312, -0.21939192,  0.20515149, -0.16467821,  0.09378892,  0.00201768, -0.10136846,  0.15482385, -0.16518232,  0.17889887, -0.20158722,  0.24944548, -0.30755987,  0.24488469, -0.08120006
  0.01310558, -0.04204132,  0.06746063, -0.09144573,  0.11786154, -0.14579433,  0.18026481, -0.20395083,  0.20418715, -0.18560300,  0.15501158, -0.13224330,  0.14236250, -0.17757694,  0.20759502, -0.22948885,  0.25523167, -0.27613966,  0.28056831, -0.28351907,  0.30634216, -0.32330741,  0.28232417, -0.17188172,  0.05067747
