 -0.14071278, -0.14071801, -0.14072432, -0.14073177, -0.14074146, -0.14075715, -0.14077826, -0.14080416, -0.14083393, -0.14086686, -0.14090135, -0.14093633, -0.14097451, -0.14101945, -0.14106763, -0.14111829, -0.14117009, -0.14122288, -0.14127689, -0.14133407, -0.14139286, -0.14145210, -0.14150729, -0.14155369, -0.14159501, -0.14163218, -0.14166346, -0.14169152, -0.14171557, -0.14173635, -0.14175467, -0.14177021, -0.14178413, -0.14179444, -0.14180305, -0.14181012, -0.14181505, -0.14182116, -0.14182697, -0.14183399, -0.14183993, -0.14184325, -0.14184453, -0.14184484, -0.14184437, -0.14184348, -0.14184011, -0.14183530, -0.14183022, -0.14182549
  0.02487452,  0.06020616,  0.09265296,  0.12168719,  0.14736661,  0.16839591,  0.18432428,  0.19537594,  0.20249546,  0.20633536,  0.20704903,  0.20464332,  0.19855367,  0.18971078,  0.17877738,  0.16626602,  0.15195611,  0.13579354,  0.11859487,  0.10049852,  0.08143944,  0.06103768,  0.04015498,  0.01902464, -0.00232418, -0.02324138, -0.04287949, -0.05921968, -0.07256823, -0.08322877, -0.09208847, -0.10006635, -0.10764989, -0.11539907, -0.12329362, -0.13083363, -0.13722056, -0.14320165, -0.14910343, -0.15488841, -0.16015200, -0.16465392, -0.16804275, -0.17043635, -0.17192570, -0.17282994, -0.17313709, -0.17312644, -0.17322385, -0.17314004
 -0.38081872, -0.35848188, -0.32872301, -0.29186371, -0.24869791, -0.20561119, -0.16385586, -0.12371213, -0.08396246, -0.04394252, -0.00284579,  0.03938292,  0.07777921,  0.10846300,  0.13464433,  0.15684534,  0.17506414,  0.18825632,  0.19639766,  0.19669588,  0.18954541,  0.17433436,  0.15607695,  0.13983595,  0.12182415,  0.10193703,  0.08347340,  0.06752489,  0.05534970,  0.04663620,  0.03985864,  0.03440996,  0.02868702,  0.02427768,  0.01948579,  0.01500153,  0.01299159,  0.00894184,  0.00360880, -0.00486589, -0.01379363, -0.02115714, -0.02680341, -0.03181791, -0.03646296, -0.04155956, -0.04476126, -0.04717554, -0.05048923, -0.05478095
 -0.20576819, -0.19907910, -0.17957570, -0.14593322, -0.10106747, -0.03928649,  0.03532301,  0.11480650,  0.18686889,  0.24067021,  0.26752232,  0.26260878,  0.23269937,  0.18296676,  0.11341893,  0.02995137, -0.05774938, -0.13889672, -0.20726597, -0.25270016, -0.27044166, -0.25640825, -0.21996639, -0.17122739, -0.10976976, -0.04207254,  0.02017365,  0.06471546,  0.08639370,  0.08448546,  0.06410510,  0.03214659, -0.00229964, -0.03275595, -0.05121379, -0.05632073, -0.05217901, -0.03254485, -0.00023943,  0.04282611,  0.08691818,  0.12313262,  0.14492120,  0.15016559,  0.13779324,  0.11068256,  0.06939830,  0.02154050, -0.02315627, -0.05944845
 -0.20231265, -0.16067246, -0.09024963, -0.00078050,  0.09250402,  0.16374133,  0.20227963,  0.20367280,  0.17138349,  0.11293962,  0.04059208, -0.03340076, -0.10762841, -0.18057070, -0.23153654, -0.25019929, -0.23131119, -0.17918098, -0.10290319, -0.02006992,  0.05958361,  0.12394734,  0.17322538,  0.21066002,  0.21926894,  0.19522498,  0.14800935,  0.08228741,  0.01224295, -0.05145941, -0.10081535, -0.12758105, -0.13052084, -0.10343396, -0.05510873,  0.00709781,  0.07664384,  0.13291383,  0.17012792,  0.17756644,  0.15951310,  0.12220664,  0.06958302,  0.00645198, -0.05843547, -0.11671583, -0.15370903, -0.16609860, -0.15540590, -0.12466427
  0.33384373,  0.16239067,  0.00923097, -0.09543777, -0.12965442, -0.12454479, -0.09952261, -0.07311681, -0.05122054, -0.03427354, -0.01237271,  0.02330588,  0.04614121,  0.02888643, -0.01036228, -0.05608311, -0.08946166, -0.09808845, -0.07117132, -0.02901644,  0.01742710,  0.05116198,  0.09229710,  0.16395805,  0.22957795,  0.26504803,  0.27142615,  0.24812609,  0.20253160,  0.14079209,  0.06453559, -0.01920727, -0.11058425, -0.19208231, -0.26044480, -0.29807893, -0.28090278, -0.23555732, -0.16970302, -0.11010451, -0.05586921, -0.00383848,  0.04277394,  0.07340537,  0.08489462,  0.07338652,  0.05733925,  0.03781851,  0.01037928, -0.01951889
  0.06683292,  0.00409289, -0.03186846, -0.05047407, -0.06137423, -0.05633462, -0.04022043, -0.01648396,  0.00965605,  0.03365741,  0.04643738,  0.03926762,  0.02474736,  0.02716649,  0.03785020,  0.05455706,  0.06996096,  0.08077632,  0.08436082,  0.08922976,  0.09269993,  0.09850059,  0.09247856,  0.05001958, -0.01299322, -0.08432241, -0.16263378, -0.22914318, -0.28171806, -0.31470820, -0.32309479, -0.30930703, -0.27082705, -0.22332589, -0.16509484, -0.10176657, -0.04679387,  0.00843268,  0.05528330,  0.10275387,  0.14396754,  0.17193250,  0.18776547,  0.19571975,  0.19746041,  0.19592029,  0.17982589,  0.15037136,  0.11392217,  0.07763317
  0.02252061,  0.00503556,  0.00182748,  0.01197242,  0.03404389,  0.04483043,  0.03067285, -0.00378580, -0.03552788, -0.04593078, -0.03357189, -0.01297984, -0.01067569, -0.02519495, -0.04587434, -0.05432312, -0.04418378, -0.01769108,  0.02415333,  0.06877847,  0.10312031,  0.11271265,  0.09897132,  0.05544807, -0.02055754, -0.11222513, -0.18947935, -0.20141677, -0.13727017, -0.00966084,  0.13768469,  0.24832420,  0.27868615,  0.20876954,  0.06127515, -0.10665159, -0.22503037, -0.25689841, -0.19321599, -0.05526144,  0.11226373,  0.25044205,  0.31305749,  0.27863381,  0.16253039,  0.00529455, -0.14005957, -0.23207183, -0.25426328, -0.20725842
  0.02579332, -0.03400349, -0.07105911, -0.05862617, -0.00639731,  0.04887132,  0.07915941,  0.06926210,  0.02653066, -0.02188009, -0.03867183, -0.01038557,  0.03487698,  0.04347879,  0.01443244, -0.03866402, -0.07907042, -0.08445702, -0.06435160, -0.04716614, -0.03561743, -0.01915134,  0.02052844,  0.09356028,  0.15358969,  0.16495935,  0.12210304,  0.01322096, -0.11152205, -0.19827884, -0.20434613, -0.11643110,  0.02714743,  0.18108067,  0.27786675,  0.27738139,  0.17293009, -0.01202881, -0.20169097, -0.33053964, -0.33935852, -0.22076955, -0.03023913,  0.15184752,  0.25726431,  0.25366360,  0.16022650,  0.01894793, -0.11473068, -0.19957063
  0.25768333,  0.17534821, -0.12651399, -0.36208890, -0.30608126, -0.02792262,  0.24606665,  0.30574991,  0.13311476, -0.11183936, -0.22128438, -0.12044741,  0.06383269,  0.17757347,  0.14664304,  0.00248450, -0.12890148, -0.12560873,  0.01793046,  0.14290309,  0.11716298, -0.03992904, -0.14359950, -0.09876067,  0.00162792,  0.04786827,  0.00095213, -0.08434398, -0.13884611, -0.10756881, -0.00038482,  0.11902192,  0.16485648,  0.09380620, -0.04619080, -0.11499342, -0.02763399,  0.12333093,  0.21862617,  0.17854997,  0.05421115, -0.06412306, -0.11624850, -0.10579395, -0.05800548, -0.00344849,  0.03911325,  0.02786799, -0.04673897, -0.12866653
  0.18492339, -0.17799421, -0.29335136, -0.07821512,  0.21569640,  0.34376877,  0.18555066, -0.10830407, -0.28734610, -0.21124936,  0.02596555,  0.18209568,  0.15799580,  0.03154363, -0.12035405, -0.15846076, -0.04142406,  0.12841905,  0.16006749,  0.02412886, -0.15170807, -0.14066921,  0.03269192,  0.13126063,  0.09179748, -0.03716397, -0.15706397, -0.15282179, -0.03412055,  0.11550518,  0.19716201,  0.13842024, -0.01469303, -0.18678369, -0.20737031, -0.05421683,  0.09672129,  0.15931208,  0.07484291, -0.03318906, -0.08898723, -0.08706133, -0.05331335, -0.00647317,  0.04588771,  0.10630027,  0.10005366,  0.03219110, -0.03252297, -0.04741938
  0.04513743, -0.01834035, -0.06905827, -0.03405214,  0.03420857,  0.06206106,  0.02078383, -0.06288071, -0.12788935, -0.10853043,  0.00616870,  0.13943990,  0.20037784,  0.12636447, -0.00108375, -0.08894271, -0.06687862,  0.02728400,  0.06919405, -0.00689142, -0.14269407, -0.20592228, -0.13023925,  0.05301495,  0.21059969,  0.24651742,  0.15808469, -0.04104061, -0.20563621, -0.25222235, -0.16803763, -0.01466728,  0.10866643,  0.16221814,  0.13190444,  0.04748475, -0.06242485, -0.13752292, -0.12146058, -0.02666580,  0.09548677,  0.16704729,  0.12037804, -0.03276826, -0.20718479, -0.28902924, -0.21014830, -0.00477788,  0.23210823,  0.37247761
 -0.01219153,  0.03178425,  0.00900557, -0.00513909,  0.05114443,  0.13557370,  0.14008318,  0.02384285, -0.14405950, -0.24325544, -0.22010321, -0.10973813,  0.01829174,  0.12505445,  0.14060928,  0.09321725,  0.04138805,  0.04346778,  0.09758769,  0.13796871,  0.07432150, -0.07444040, -0.20949774, -0.26137618, -0.16848111,  0.00720717,  0.14713274,  0.22610034,  0.19016954,  0.07027422, -0.07299876, -0.18251956, -0.19950547, -0.14740980, -0.04082658,  0.06628220,  0.11639028,  0.09522998,  0.00891629, -0.04821161, -0.02585161,  0.07577132,  0.20391121,  0.25783028,  0.16905921, -0.03228585, -0.23874074, -0.30981493, -0.17593185,  0.12520953
 -0.07310194, -0.00483866,  0.14062197,  0.08893324, -0.09697557, -0.12726314,  0.06591462,  0.13081734, -0.10741759, -0.29669746, -0.07835824,  0.29632157,  0.29795953, -0.03995147, -0.16075115,  0.04155923,  0.14495949, -0.08630750, -0.30875678, -0.16366397,  0.17705863,  0.23713918,  0.00813242, -0.10567198,  0.01624922,  0.13905020,  0.02835887, -0.20321012, -0.18462392,  0.07979537,  0.21477118,  0.03874184, -0.18410577, -0.11185827,  0.10336878,  0.13610495, -0.02159806, -0.10277308,  0.04997247,  0.15623009,  0.02431163, -0.16510281, -0.13888679,  0.06040360,  0.14012285, -0.00219723, -0.11969506, -0.05709630,  0.06403108,  0.05993887
 -0.01605552,  0.13026390,  0.05049119, -0.12731853, -0.11620851,  0.08146036,  0.09883638, -0.14979071, -0.26152676,  0.02626790,  0.34508289,  0.22533671, -0.13418192, -0.16834586,  0.08640712,  0.14551479, -0.12480613, -0.29236649, -0.07528850,  0.23741022,  0.20108965, -0.06499063, -0.13343627,  0.02943927,  0.13319623, -0.00869921, -0.20482326, -0.11969504,  0.13929162,  0.18927659, -0.04238589, -0.21448405, -0.06314176,  0.16167365,  0.14351763, -0.04065676, -0.09217273,  0.07839257,  0.15062019, -0.01036797, -0.16741881, -0.08326305,  0.11065460,  0.12262707, -0.06377104, -0.15580113, -0.04779449,  0.07963452,  0.05665963, -0.04429687
  0.04148650,  0.07759804,  0.06014701,  0.04676714,  0.02349540, -0.09984615, -0.22940165, -0.20409792, -0.05269621,  0.03736732,  0.02922081,  0.11020039,  0.30455091,  0.37410762,  0.12509023, -0.24031292, -0.38690192, -0.26591825, -0.07736091,  0.03578197,  0.12521056,  0.21901022,  0.22612794,  0.05757800, -0.15763540, -0.20638836, -0.08069198,  0.06265931,  0.03808996, -0.06275330, -0.06167254,  0.02871934,  0.06005092, -0.01896104, -0.05658376,  0.04894185,  0.19666612,  0.18328394,  0.02801722, -0.06905351, -0.03525170,  0.00913747, -0.01622157, -0.05675641, -0.03840003, -0.01878414, -0.06069073, -0.10964642, -0.05329695,  0.11018191
  0.07928575,  0.05072627, -0.04147135, -0.12418083, -0.17073520, -0.10982160,  0.00890446,  0.10317032,  0.12810354,  0.14508984,  0.20030318,  0.20018023,  0.04539570, -0.19986440, -0.40995186, -0.36857652, -0.10421430,  0.17181652,  0.29152480,  0.28310373,  0.17689421,  0.03738694, -0.12300211, -0.26555338, -0.21120455, -0.02650857,  0.07360003,  0.06896201,  0.01204741,  0.01440902,  0.05604798,  0.03242098, -0.01937663, -0.05053336,  0.02731744,  0.11416788,  0.05811654, -0.05739735, -0.14926374, -0.11214983, -0.03977135, -0.01526631, -0.00775987,  0.01641546,  0.02878533,  0.02045883, -0.01068654,  0.01340402,  0.08152784,  0.07772847
  0.21631105,  0.19205494, -0.29681486, -0.31013614,  0.23181599,  0.21534145, -0.27627620, -0.27719646,  0.20529924,  0.24743062, -0.10637468, -0.08961835,  0.11307087,  0.03455615, -0.14037880, -0.00182162,  0.21268340,  0.05027578, -0.19183904, -0.08144077,  0.15694751,  0.03677864, -0.11246727, -0.03303734,  0.05371850,  0.02519263, -0.08983712, -0.05810643,  0.05010314,  0.09414378, -0.01551183, -0.13352205, -0.06602039,  0.08295997,  0.09941652,  0.08062512,  0.07859567, -0.04054638, -0.02931153,  0.10687720,  0.14110680, -0.04263234, -0.12064265,  0.04590174,  0.10570259, -0.09384292, -0.17752965, -0.04311547,  0.03215390, -0.08074084
  0.26593350, -0.23370142, -0.30316309,  0.28459260,  0.24684434, -0.26638203, -0.24966353,  0.24480896,  0.21608015, -0.20902853, -0.12158652,  0.18046188,  0.05961698, -0.12342622, -0.05974913,  0.13444754,  0.02637462, -0.17415469, -0.02276467,  0.23424985,  0.01559018, -0.13914165,  0.02180556,  0.02894281, -0.02866509, -0.07939632, -0.07096896,  0.08615748,  0.11498065, -0.01255940, -0.11389298, -0.06655079,  0.11665081,  0.02944107, -0.02106833,  0.04280032, -0.05630743, -0.01027185,  0.06286978,  0.09051207, -0.05839517, -0.13092237,  0.08227714,  0.14928959, -0.08560832, -0.12409295,  0.00742489,  0.07229148, -0.00972873, -0.04312888
  0.43053456, -0.39397892,  0.04596219,  0.11185039, -0.18968098, -0.04411628,  0.07664660, -0.10374201, -0.05027639,  0.06842339,  0.15699699, -0.09669361, -0.05352750,  0.13309112, -0.09531705,  0.06769086,  0.05341559, -0.13692092,  0.26275170, -0.21048970, -0.11264651,  0.29148831, -0.17983346, -0.05132958,  0.12394573, -0.11486358, -0.02663399,  0.06159176,  0.00694786,  0.04628533, -0.10590307,  0.01045744, -0.05162610, -0.03878926,  0.24013330, -0.01583744,  0.06414014, -0.05766803,  0.05415451,  0.15523796, -0.02053770, -0.01626985,  0.10352915, -0.17137519,  0.06620980,  0.04950197, -0.21355410, -0.04517006,  0.00955149, -0.09344664
 -0.04689189,  0.00595175,  0.15960530, -0.25894513,  0.14198814,  0.15753948, -0.32652234,  0.23567080,  0.03022873, -0.29000427,  0.29732797, -0.07585051, -0.12621953,  0.18081748, -0.17294129,  0.08971237,  0.10206696, -0.18288551,  0.06305037, -0.00358469,  0.03998066, -0.01639948, -0.05257126,  0.11863488, -0.16672134,  0.07446079,  0.17251019, -0.24398757,  0.11019132,  0.02277004, -0.16372274,  0.23514293, -0.07177104, -0.11338657,  0.12697629, -0.14134077,  0.09574668,  0.09418181, -0.19633139,  0.04568627,  0.05358604, -0.05307773,  0.08421994, -0.04067750, -0.05987665,  0.00842418,  0.07909708,  0.02728154, -0.09284396,  0.04367335
  0.00895484, -0.09889004,  0.15022779,  0.02604636, -0.25441894,  0.28659026, -0.04030546, -0.22924370,  0.31987466, -0.19298434, -0.13709396,  0.29117397, -0.17040071,  0.02911744,  0.06192465, -0.18792005,  0.20109034,  0.01482707, -0.11881684,  0.03162324, -0.02242587,  0.07049509, -0.06780024,  0.05314424,  0.02746157, -0.21377653,  0.21228645,  0.04737089, -0.17606325,  0.17483108, -0.14118833, -0.05294545,  0.23273932, -0.14602475,  0.00394086,  0.01741358, -0.13657568,  0.20130841,  0.02252764, -0.16947201,  0.06598391, -0.01657220,  0.01873839,  0.10286690, -0.05414195, -0.08827332, -0.00205573,  0.10992518,  0.00091743, -0.06601394
 -0.13912331, -0.09546069,  0.14552729,  0.01136188, -0.03952870,  0.04585785, -0.07135912,  0.11907841,  0.17682802, -0.02749492, -0.07514062, -0.13678306,  0.03650036,  0.16714754,  0.00225213, -0.22227564, -0.19339069,  0.15240652,  0.17699768,  0.02005984, -0.03938716, -0.16771813, -0.02874898,  0.27255751,  0.06501651, -0.15770210, -0.10348528, -0.12072787,  0.14688872,  0.16010332, -0.01942443, -0.11436396, -0.09141254,  0.11685373,  0.15512113, -0.07883579, -0.30891892, -0.10725733,  0.12726183,  0.13933447, -0.05032258, -0.25509620, -0.19846967,  0.13083266,  0.27801112,  0.04562193, -0.11813077, -0.05420355,  0.08180742,  0.24108285
 -0.00168835,  0.01121533, -0.14437053,  0.09824942,  0.11405061, -0.07053918, -0.02026059, -0.05005602,  0.05594048,  0.01796975,  0.03630017,  0.06849990, -0.30053430,  0.07404299,  0.31419649, -0.13138812, -0.04907735, -0.20661742,  0.00162738,  0.30197965, -0.04314955, -0.03119552, -0.09636671, -0.12526403,  0.21294871,  0.09169434, -0.06623524, -0.09173926, -0.14434859,  0.16578687,  0.08534358,  0.02648593, -0.06479506, -0.23402399,  0.14950678,  0.17412280, -0.01661994, -0.13627733, -0.20344022,  0.06545587,  0.26825320,  0.00464159, -0.16902695, -0.15635111, -0.00314351,  0.24291041,  0.10996536, -0.20865933, -0.06725569,  0.14118570
  0.11646830, -0.21459963,  0.16062321, -0.09080870, -0.03290219,  0.22945732, -0.23140292, -0.01122794,  0.12285459, -0.05474826, -0.03330058,  0.07099911,  0.08422224, -0.30121281,  0.17999534,  0.27712918, -0.42158786,  0.11250891,  0.09962651, -0.17480300,  0.22504436, -0.00958769, -0.14048194,  0.00399380, -0.02602940,  0.12452657, -0.03554785, -0.06077758,  0.04587247, -0.07215552,  0.09394311, -0.04929037,  0.07561474, -0.10213367, -0.08793426,  0.25644666, -0.06780536, -0.07650831,  0.02370640, -0.05661606,  0.05751518,  0.13512835, -0.05850260, -0.16064063,  0.07493619, -0.00840826,  0.04666921,  0.08765531, -0.21860909,  0.09272629
  0.15479101, -0.05723169, -0.01373519, -0.13320807,  0.18141088, -0.17625474, -0.07199758,  0.23498562, -0.16870083, -0.10114240,  0.22417437,  0.05946441, -0.21970260,  0.02476630,  0.25762806, -0.30516645,  0.02330461,  0.40630499, -0.26099638, -0.22525904,  0.21768941,  0.02865466, -0.08032451, -0.00689277,  0.08110961, -0.06346143, -0.13311767,  0.22349670, -0.00939923, -0.13132354,  0.00159212,  0.03318551,  0.01284879, -0.08310127,  0.18773119, -0.04824001, -0.08302726,  0.12949186,  0.07728263, -0.05877127, -0.00969819,  0.02802178,  0.01341613,  0.01324247,  0.01367305, -0.10549437,  0.00230780, -0.04408379, -0.00206188, -0.03804355
 -0.13207636,  0.32791450, -0.24725930,  0.02783254,  0.04869551, -0.03179146, -0.00366807, -0.04929602,  0.20046047, -0.20587696, -0.06126789,  0.29752047, -0.20772151, -0.02986813,  0.09030548,  0.03299514, -0.15982876,  0.06901168,  0.25776510, -0.29141310, -0.12530583,  0.30152289, -0.07889552, -0.08838407,  0.10702253, -0.02890878, -0.01410377, -0.12002676,  0.21661569, -0.04963715, -0.17500980,  0.21934912, -0.15484081,  0.09199957, -0.04771049,  0.00176791,  0.03891416, -0.10364841,  0.13900240, -0.01227931, -0.11475118,  0.06692515, -0.03964239,  0.10251844, -0.07257070,  0.03814740, -0.02679350, -0.06718773,  0.10812177, -0.04465049
 -0.02362243, -0.01173489,  0.25007369, -0.37923947,  0.21903850, -0.08418228, -0.01835866,  0.05200806, -0.02658688,  0.12204238, -0.22643282,  0.14619685,  0.12868969, -0.25807662,  0.11805620, -0.00490612, -0.01559524, -0.02228215,  0.12865411,  0.02097777, -0.30603519,  0.10649135,  0.23155351, -0.19541914,  0.05347942,  0.05524374, -0.10679858,  0.05514966, -0.07497018,  0.19898143, -0.19999977, -0.01110884,  0.18192558, -0.19963414,  0.20058790, -0.15721541,  0.04951060,  0.00498564, -0.02253749,  0.14825786, -0.15179061, -0.04755243,  0.07320485, -0.01151000,  0.09157776, -0.12851777,  0.06743971, -0.06800565,  0.01083474,  0.03714717
 -0.03012520,  0.12230039, -0.09295625,  0.02315394, -0.08380716,  0.06245569, -0.03301633, -0.01588551,  0.14442610, -0.21822883,  0.24669715, -0.22386944,  0.23371278, -0.27328817,  0.24474162, -0.19449911,  0.12836201, -0.01755738, -0.00759069,  0.07458409, -0.30147809,  0.26850334, -0.07045791,  0.08638997, -0.16051164,  0.21720540, -0.19403112,  0.04207993,  0.06771705, -0.08172533,  0.07979760, -0.09525268,  0.05730564,  0.02116209, -0.02739909,  0.01983636, -0.03258608,  0.02345844,  0.06181607, -0.11594336,  0.17417011, -0.28397073,  0.23587576, -0.09481788,  0.01441342,  0.05636237, -0.11514570,  0.03364944, -0.01880571,  0.04276906
  0.05256748, -0.11427690,  0.13014690, -0.17201307,  0.23040611, -0.27282975,  0.29951798, -0.28664391,  0.22153483, -0.14956572,  0.10510395, -0.05839173,  0.01132397,  0.04917167, -0.12099599,  0.17032542, -0.19141051,  0.21577725, -0.26273135,  0.24318798, -0.13701503,  0.09983133, -0.10224359,  0.06496976, -0.01272824, -0.08677597,  0.15575593, -0.15716733,  0.13096012, -0.09957950,  0.07319688, -0.06151142,  0.06084948, -0.08464944,  0.12168628, -0.13049497,  0.14493467, -0.15716540,  0.14709684, -0.12532600,  0.06802145,  0.03466183, -0.07747334,  0.06809091, -0.08543758,  0.06266925, -0.01446953,  0.02813804, -0.05715431,  0.02814003
 -0.05401396,  0.04203586, -0.01314795,  0.09811981, -0.06317290,  0.01616994,  0.05074101, -0.16296142,  0.20109393, -0.21495208,  0.14284070, -0.09434143,  0.02023540,  0.06306214, -0.06070822,  0.07585040, -0.07474973, -0.03349708,  0.12958859, -0.11497960,  0.14907132, -0.15298075, -0.01048411,  0.13693239, -0.21402303,  0.29993206, -0.29785520,  0.27811746, -0.21811278,  0.10601852, -0.00328900, -0.05395998,  0.12945851, -0.19813478,  0.15801017, -0.14679972,  0.15173557, -0.09882113,  0.00806762,  0.06312815, -0.08185385,  0.14081373, -0.18152970,  0.16301460, -0.03397306, -0.06422247,  0.12333825, -0.18182542,  0.23297427, -0.15596626
 -0.03726572,  0.04925235, -0.06677534, -0.01677298,  0.12629679, -0.16893893,  0.17673589, -0.08274934,  0.00988212,  0.07049739, -0.10508419,  0.09779110, -0.06427816,  0.01966974,  0.00235107, -0.09298317,  0.16664915, -0.16901182,  0.10011892, -0.05866158,  0.01034618,  0.16900306, -0.32346268,  0.33617689, -0.20594176,  0.02289370,  0.06351801, -0.08692630,  0.10708402, -0.15028421,  0.17365095, -0.14466820,  0.11179914, -0.05306158, -0.01341431,  0.06159777, -0.13719751,  0.12949686, -0.13474083,  0.13936740, -0.20036420,  0.13684874,  0.00654349, -0.16486846,  0.24752001, -0.28318979,  0.26880262, -0.06775159, -0.08020442,  0.10465576
 -0.04629911,  0.00019261,  0.12898653, -0.07491503, -0.02524641,  0.07622046, -0.09949295,  0.02485024,  0.05721939, -0.03249037, -0.07432941,  0.17073496, -0.27246716,  0.24719129, -0.12413942,  0.09025799, -0.08130197,  0.02468703,  0.04843446, -0.00229165, -0.10655778,  0.00521533,  0.12277997, -0.15352938,  0.10292061,  0.11100001, -0.15615823,  0.01174115,  0.16559910, -0.35171904,  0.40567521, -0.29168381,  0.19384722, -0.07942507, -0.04670988,  0.00511489,  0.00768636,  0.12381915, -0.18437048,  0.13415928,  0.01174682, -0.18336519,  0.13325814,  0.02430640, -0.01682758,  0.07700454, -0.16860585, -0.00551735,  0.19452854, -0.12176307
 -0.19798293,  0.17037549, -0.04195084, -0.00968132,  0.10102377,  0.02624142, -0.10187103,  0.15235337, -0.03202713, -0.07984559,  0.01919898, -0.04259293, -0.06509803,  0.19262728, -0.15022570,  0.12099998, -0.18371110,  0.09623624, -0.08116927,  0.15588586, -0.11203653,  0.18714118, -0.26038585,  0.09391230,  0.13907999, -0.12904089, -0.09215550,  0.28291640, -0.34270287,  0.21674333,  0.01527884, -0.02681714,  0.01957344, -0.02503941, -0.15405912,  0.07783527,  0.10603281, -0.17567161, -0.02183225,  0.07459635, -0.12719957,  0.01512973,  0.15990252, -0.17247754,  0.16968474, -0.08827182, -0.10524853,  0.32489837, -0.06575473, -0.03294018
 -0.07511225,  0.11524396, -0.08765649, -0.05839565,  0.12947613, -0.07364021,  0.03166923,  0.00645164,  0.13203819, -0.21754911,  0.19382986, -0.16054382,  0.11622874, -0.09543753,  0.08733349, -0.12012973,  0.14510932, -0.19203295,  0.21165096, -0.21579439,  0.17269535, -0.11474863,  0.15248564, -0.16781367,  0.21243023, -0.26722750,  0.18752668, -0.04672456, -0.08011054,  0.02614750,  0.22060206, -0.30505322,  0.16205690, -0.03503649,  0.03453925, -0.07693970,  0.04703887, -0.05612071,  0.00692492,  0.04220681, -0.20065878,  0.18908457, -0.04120102, -0.03438413, -0.05471573,  0.14228731, -0.14034734,  0.18319814, -0.13772428,  0.10677542
 -0.09551667, -0.06513239,  0.22091929, -0.07326168,  0.05477076, -0.04578462,  0.15390766, -0.18058253,  0.08170297, -0.03182362, -0.01170822, -0.14276165,  0.11978884, -0.00665305,  0.12437802, -0.17292775,  0.08652268, -0.11873205,  0.05902275,  0.04747074,  0.12030509, -0.10557064, -0.09632776, -0.01848267,  0.19884995, -0.06612345, -0.16103729,  0.09749017,  0.17589809, -0.21033758, -0.07174996,  0.34984594, -0.11664156, -0.18835984, -0.12978179,  0.27670897,  0.01165736, -0.10929367, -0.18059187,  0.22007327, -0.01637604, -0.09600736,  0.00235922,  0.22040572, -0.06305101, -0.15321241, -0.03042300,  0.29587867,  0.00981985, -0.16956841
 -0.01820239, -0.03175368, -0.05602985,  0.13198608, -0.03218984, -0.11523040,  0.07098791,  0.13265061, -0.12731213,  0.06210094,  0.10820188, -0.11314792, -0.07198839,  0.01037621,  0.06495174, -0.01040721, -0.02649074,  0.02975890, -0.02738509, -0.06859926,  0.05388236,  0.06247174, -0.04216675, -0.06564302,  0.05380554,  0.12224038,  0.01049369, -0.30814449,  0.16113407,  0.17203420, -0.25018506, -0.06181522,  0.44329423, -0.13857556, -0.29182448, -0.00560102,  0.21549434,  0.03458481, -0.13027588, -0.11544228,  0.12239454, -0.01134738, -0.22269771,  0.10494457,  0.27888195, -0.14330533, -0.20825607,  0.09117294,  0.16584017, -0.00976136
  0.06594746, -0.16755273,  0.17831574, -0.15588152,  0.21284359, -0.17188932,  0.06699620, -0.11180083,  0.15274494, -0.16241579,  0.11881446,  0.02724190, -0.04684271, -0.04768404,  0.04257119,  0.00616334,  0.00051962, -0.00882912,  0.00180347,  0.01946471, -0.01537983,  0.00910051, -0.00118306, -0.04461038, -0.04892753,  0.12809471, -0.02421788,  0.06170747, -0.18178358,  0.15068151, -0.07652114,  0.00917116, -0.13720155,  0.43707352, -0.36678372,  0.07510140, -0.14810662,  0.31999219, -0.20187318,  0.09269417, -0.07486541,  0.11077095, -0.09938003, -0.07231641,  0.07097611,  0.18528526, -0.16895491, -0.10939264,  0.14891258, -0.04858164
 -0.07795759,  0.07829072,  0.15704719,  0.14710746,  0.00817162, -0.01954425, -0.25777088, -0.17606699, -0.07332158,  0.03560318,  0.08876505,  0.19001399,  0.01640840, -0.14160691,  0.00377769, -0.05686240,  0.11761726, -0.01098793,  0.05673674,  0.14908651, -0.01202287, -0.17804007, -0.21465049, -0.01562313,  0.13478589,  0.08250443,  0.13751744,  0.10041779, -0.07597188, -0.31942093, -0.03621333,  0.14581026,  0.11756433,  0.07579451, -0.07881936, -0.30329905,  0.18046899,  0.00439859,  0.26806053,  0.16418860, -0.00522524, -0.06589794, -0.16191939, -0.05906537,  0.30279950,  0.11538979, -0.11213349, -0.12250549, -0.20498251, -0.09819654
  0.01321041,  0.20732552, -0.05886131,  0.01670448,  0.02223996, -0.24457765,  0.03915149, -0.16138969, -0.01077782,  0.11857869,  0.14453837, -0.04312758, -0.04535618,  0.09637804, -0.21368041,  0.17455852, -0.04185424,  0.07855281,  0.13089646, -0.17368145, -0.04143296, -0.07086165,  0.03136373, -0.01911931,  0.03852281,  0.14820554, -0.01129931,  0.01541580, -0.18646305,  0.04372617, -0.08376620,  0.08446775,  0.15489905, -0.18019174, -0.00645668,  0.21231451, -0.29854025,  0.29862635,  0.11069542,  0.03247361,  0.05191138, -0.25773271,  0.03831952,  0.20504008, -0.09296278,  0.02815772, -0.06719657, -0.00911582, -0.39104656,  0.17340945
 -0.00878963,  0.00105819,  0.10202298, -0.04204643,  0.18374585,  0.00184663, -0.05731315, -0.01571248, -0.26920857, -0.09647410,  0.06416737,  0.05487884,  0.01660527,  0.16825736,  0.01469795, -0.14884867, -0.01813575, -0.02316735,  0.21883487, -0.01068033, -0.12023749,  0.07042314,  0.03169039, -0.10873832, -0.20221402,  0.07748416,  0.20187453,  0.04290070,  0.00260080,  0.04742614, -0.04317752, -0.28115200,  0.03859352,  0.15492631, -0.00626791,  0.20209075, -0.17197325, -0.23322835,  0.20124659,  0.07515620,  0.30834841,  0.00233155, -0.19174994,  0.08371986, -0.06154977, -0.08804092,  0.17255884,  0.12874455, -0.07122710, -0.39811456
  0.12752793,  0.02688667,  0.10478552, -0.23837355, -0.00639548, -0.12516959, -0.10590841,  0.14391661,  0.03399346,  0.09436483,  0.05525679,  0.00015979, -0.15657968, -0.04134968,  0.06207013,  0.08315851,  0.13070178, -0.21274304,  0.13622611,  0.00002568, -0.17506734, -0.10332297,  0.08417660,  0.24304905, -0.01180773, -0.12429399,  0.02388040,  0.00498759, -0.18146408, -0.05452372,  0.25062319,  0.10323982, -0.12152203, -0.10990021, -0.13154036,  0.26475308,  0.12575994, -0.08192311,  0.28983160, -0.35169980,  0.02798333,  0.05236655, -0.06747275,  0.15449385,  0.10444931, -0.16614536, -0.19055868, -0.15141922,  0.17108547,  0.00957686
  0.05897446,  0.09612757, -0.16082074,  0.08519274, -0.03671655, -0.06310235,  0.08844373, -0.08356988,  0.00589746, -0.01241515, -0.02454412,  0.10107580, -0.08018674, -0.08705923,  0.18145981,  0.06554712, -0.17604858,  0.04706129,  0.06042554,  0.01979156, -0.08225597, -0.14032961,  0.22697542,  0.08550777, -0.26686433,  0.01171165,  0.15851182, -0.01308386, -0.07815761, -0.01829991,  0.09131834,  0.08513689, -0.24242111, -0.04781463,  0.29704695, -0.12599943,  0.01410557,  0.17579194, -0.21960713,  0.06554864,  0.12933110,  0.02368490, -0.07720761, -0.04951181,  0.24399400, -0.15756065, -0.32962389,  0.36734123, -0.05387937, -0.15879945
 -0.10197209,  0.14057418, -0.03410857, -0.04290518,  0.10189404, -0.00843875,  0.00089999,  0.06129544, -0.17751245,  0.04262264, -0.06030447,  0.00961618,  0.18169880, -0.15531246, -0.01602227,  0.10665964, -0.05625807, -0.01553221, -0.00217849,  0.03451120,  0.05700922, -0.02699741, -0.17731134,  0.25126239, -0.07026847, -0.20291482,  0.14742725,  0.05988679,  0.05771469, -0.04492553, -0.13115692,  0.02841944,  0.18163936, -0.25961274,  0.12175714,  0.13698440, -0.24171027,  0.08639203, -0.03210431,  0.04605464,  0.02688962,  0.05540558,  0.01557495, -0.11707387, -0.11538694,  0.41250720, -0.23701583, -0.12412358,  0.33416911, -0.24771563
 -0.04820550, -0.07830491,  0.04421023, -0.07710313,  0.05551473,  0.02991444,  0.04911316,  0.14854897, -0.10013501,  0.06481027, -0.17747279,  0.12685605, -0.00455113, -0.00841496, -0.08901714,  0.00699323,  0.12315295, -0.18851110,  0.06526150, -0.01434032, -0.02749663,  0.19362790, -0.16523800,  0.09917053, -0.03458715,  0.06644905, -0.29635413,  0.21610931,  0.07422267, -0.07250610, -0.00223484, -0.03402076,  0.00112938,  0.06821785,  0.08058144, -0.19922819, -0.00704657,  0.06499251, -0.07950120, -0.22730766,  0.15894042,  0.16852587, -0.36325984,  0.20030166, -0.16267622,  0.22257129, -0.16446230,  0.28240057, -0.19614339,  0.20632250
 -0.07832163,  0.02493148, -0.03445224, -0.09437595,  0.08969791, -0.01717990,  0.22075676, -0.04018800,  0.00122160, -0.12152054,  0.01413436,  0.08605330,  0.01537130, -0.08718118, -0.10071537,  0.17606803, -0.04235081, -0.12617249,  0.11253608, -0.16999578,  0.19217808, -0.05504233,  0.05229070, -0.00060095,  0.10658506, -0.29892939, -0.01573701,  0.26612845, -0.00704221, -0.06484227, -0.07485232, -0.00151729,  0.02825285,  0.12030467, -0.03414182, -0.11965927,  0.03823628, -0.02936321, -0.14076400, -0.16219733,  0.47572421, -0.34343753,  0.04536310, -0.16259673,  0.20653268, -0.10121224,  0.18705870, -0.11559204,  0.09069203,  0.08969912
  0.09621715,  0.15298771,  0.03593901,  0.02200917, -0.26174066, -0.03145458, -0.11721629,  0.11014939, -0.05745181, -0.09912382,  0.13735656, -0.03416865,  0.17689514, -0.14541186, -0.01850284,  0.10393177, -0.05513728,  0.16317038, -0.01013887,  0.04199092, -0.29381098,  0.04328909, -0.05973683,  0.13059466,  0.23657090, -0.26735571,  0.00618352,  0.02758514,  0.03102040,  0.00244540,  0.06052900, -0.13933720, -0.05707305,  0.05861103,  0.01382559,  0.07137296,  0.14723071,  0.19614695, -0.31864300,  0.20223615,  0.10894438,  0.13526910, -0.24854125,  0.22221602, -0.10636893, -0.14482100,  0.15258010, -0.21909395, -0.12308124, -0.07877794
 -0.03760801, -0.11451047,  0.01840923,  0.06907787,  0.16185264, -0.04215360, -0.09066238,  0.00515679, -0.02109665,  0.21175841, -0.11423649, -0.08817449,  0.02136842, -0.08130758,  0.19778924, -0.04215468, -0.17312765, -0.00577256,  0.14762907, -0.10104443,  0.13738816,  0.14373605, -0.31152271,  0.04080669, -0.00926442,  0.01713595,  0.23621884, -0.11820952, -0.28274928,  0.08319133,  0.22915159, -0.01922078, -0.06785053,  0.04382288, -0.04053178, -0.25509487,  0.15852266,  0.09052794, -0.09003937,  0.00284247,  0.02705362, -0.30285865,  0.13178209,  0.33424588, -0.24647443, -0.00669606,  0.05742946,  0.01889433,  0.12855181, -0.05206417
 -0.10856519, -0.05267560, -0.05186881,  0.11975766,  0.12532504,  0.08640934, -0.11360896,  0.00184834,  0.04755857, -0.01813654,  0.05275346, -0.24576802,  0.15596943,  0.04384178, -0.09436061,  0.08801294, -0.08689162, -0.10679233,  0.03326050,  0.14944002, -0.04866467,  0.17031815, -0.06266578, -0.33978263,  0.22582757,  0.02057788,  0.02233972, -0.00438368, -0.02165774, -0.11772552,  0.10656917,  0.12418088, -0.07836489, -0.09038998,  0.14208027, -0.10409301, -0.34685903,  0.30251394,  0.09019548, -0.27936712, -0.02352216,  0.16004641, -0.13925789,  0.01696417,  0.19661276, -0.19890198,  0.13743701,  0.01987129,  0.19937402, -0.10493829
  0.04024359, -0.10094149, -0.19118137, -0.07380375,  0.01962538,  0.30268238,  0.06188970, -0.01554392, -0.08973455,  0.04058713,  0.21011285, -0.07196224, -0.16411403, -0.09295421,  0.08073216,  0.11617115, -0.04957123, -0.08065432, -0.15378829,  0.06633350, -0.05028731,  0.23414445,  0.15050886, -0.08398647, -0.22409111, -0.13369131,  0.19128408,  0.19447759, -0.10197488, -0.20730406, -0.00778146,  0.11625303,  0.14176280,  0.00825661, -0.08029451,  0.02254626, -0.13911094, -0.17368998, -0.03591067,  0.27141920, -0.17961865, -0.13189889, -0.24477930,  0.23120150,  0.04639528,  0.00050576, -0.00285936, -0.03461980,  0.09491022,  0.27383807
